placar_casa,placar_visitante,data,round,stage,ano,equipe_casa,equipe_visitante,resultado,Pts_casa,3P_casa,2P_casa,LL_casa,RT_casa,RO_casa,RD_casa,AS_casa,ER_casa,IA%_casa,3PC_casa,3PT_casa,3P%_casa,2PC_casa,2PT_casa,2P%_casa,LLC_casa,LLT_casa,LL%_casa,EN_casa,BR_casa,B/E_casa,TO_casa,FC_casa,T/FC_casa,ET_casa,VI_casa,EF_casa,Pts_visitante,3P_visitante,2P_visitante,LL_visitante,RT_visitante,RO_visitante,RD_visitante,AS_visitante,ER_visitante,IA%_visitante,3PC_visitante,3PT_visitante,3P%_visitante,2PC_visitante,2PT_visitante,2P%_visitante,LLC_visitante,LLT_visitante,LL%_visitante,EN_visitante,BR_visitante,B/E_visitante,TO_visitante,FC_visitante,T/FC_visitante,ET_visitante,VI_visitante,EF_visitante
77,56,2009-01-28,1,1,2008-2009,Espírito Santo,Araraquara,1,0.0,0.0,0.0,0.0,0.0,0.0,0.0,0.0,0.0,0.0,0.0,0.0,0.0,0.0,0.0,0.0,0.0,0.0,0.0,0.0,0.0,0.0,0.0,0.0,0.0,0.0,0.0,0.0,0.0,0.0,0.0,0.0,0.0,0.0,0.0,0.0,0.0,0.0,0.0,0.0,0.0,0.0,0.0,0.0,0.0,0.0,0.0,0.0,0.0,0.0,0.0,0.0,0.0,0.0,0.0,0.0
88,75,2009-01-28,1,1,2008-2009,Brasília,Assis,1,0.0,0.0,0.0,0.0,0.0,0.0,0.0,0.0,0.0,0.0,0.0,0.0,0.0,0.0,0.0,0.0,0.0,0.0,0.0,0.0,0.0,0.0,0.0,0.0,0.0,0.0,0.0,0.0,0.0,0.0,0.0,0.0,0.0,0.0,0.0,0.0,0.0,0.0,0.0,0.0,0.0,0.0,0.0,0.0,0.0,0.0,0.0,0.0,0.0,0.0,0.0,0.0,0.0,0.0,0.0,0.0
89,90,2009-01-28,1,1,2008-2009,Pinheiros,Flamengo,0,0.0,0.0,0.0,0.0,0.0,0.0,0.0,0.0,0.0,0.0,0.0,0.0,0.0,0.0,0.0,0.0,0.0,0.0,0.0,0.0,0.0,0.0,0.0,0.0,0.0,0.0,0.0,0.0,0.0,0.0,0.0,0.0,0.0,0.0,0.0,0.0,0.0,0.0,0.0,0.0,0.0,0.0,0.0,0.0,0.0,0.0,0.0,0.0,0.0,0.0,0.0,0.0,0.0,0.0,0.0,0.0
82,76,2009-01-28,1,1,2008-2009,Paulistano,Minas,1,0.0,0.0,0.0,0.0,0.0,0.0,0.0,0.0,0.0,0.0,0.0,0.0,0.0,0.0,0.0,0.0,0.0,0.0,0.0,0.0,0.0,0.0,0.0,0.0,0.0,0.0,0.0,0.0,0.0,0.0,0.0,0.0,0.0,0.0,0.0,0.0,0.0,0.0,0.0,0.0,0.0,0.0,0.0,0.0,0.0,0.0,0.0,0.0,0.0,0.0,0.0,0.0,0.0,0.0,0.0,0.0
73,68,2009-01-28,1,1,2008-2009,Coop/São José Basketball,Lajeado,1,0.0,0.0,0.0,0.0,0.0,0.0,0.0,0.0,0.0,0.0,0.0,0.0,0.0,0.0,0.0,0.0,0.0,0.0,0.0,0.0,0.0,0.0,0.0,0.0,0.0,0.0,0.0,0.0,0.0,0.0,0.0,0.0,0.0,0.0,0.0,0.0,0.0,0.0,0.0,0.0,0.0,0.0,0.0,0.0,0.0,0.0,0.0,0.0,0.0,0.0,0.0,0.0,0.0,0.0,0.0,0.0
93,88,2009-01-28,1,1,2008-2009,Limeira,Joinville,1,0.0,0.0,0.0,0.0,0.0,0.0,0.0,0.0,0.0,0.0,0.0,0.0,0.0,0.0,0.0,0.0,0.0,0.0,0.0,0.0,0.0,0.0,0.0,0.0,0.0,0.0,0.0,0.0,0.0,0.0,0.0,0.0,0.0,0.0,0.0,0.0,0.0,0.0,0.0,0.0,0.0,0.0,0.0,0.0,0.0,0.0,0.0,0.0,0.0,0.0,0.0,0.0,0.0,0.0,0.0,0.0
79,80,2009-01-28,1,1,2008-2009,Saldanha,Sesi Franca,0,0.0,0.0,0.0,0.0,0.0,0.0,0.0,0.0,0.0,0.0,0.0,0.0,0.0,0.0,0.0,0.0,0.0,0.0,0.0,0.0,0.0,0.0,0.0,0.0,0.0,0.0,0.0,0.0,0.0,0.0,0.0,0.0,0.0,0.0,0.0,0.0,0.0,0.0,0.0,0.0,0.0,0.0,0.0,0.0,0.0,0.0,0.0,0.0,0.0,0.0,0.0,0.0,0.0,0.0,0.0,0.0
76,65,2009-01-30,2,1,2008-2009,Brasília,Bauru Basket,1,0.44,0.12,0.25,0.07,0.145,0.065,0.08,0.07,0.065,1.08,0.04,0.095,42.11,0.125,0.205,60.98,0.07,0.095,73.68,0.015,0.045,0.69,0.02,0.11,0.18,0.065,0.0,0.495,0.0,0.0,0.0,0.0,0.0,0.0,0.0,0.0,0.0,0.0,0.0,0.0,0.0,0.0,0.0,0.0,0.0,0.0,0.0,0.0,0.0,0.0,0.0,0.0,0.0,0.0,0.0,0.0
80,81,2009-01-30,2,1,2008-2009,Pinheiros,Minas,0,0.445,0.09,0.25,0.105,0.195,0.06,0.135,0.08,0.09,0.89,0.03,0.11,27.27,0.125,0.205,60.98,0.105,0.12,87.5,0.01,0.025,0.28,0.015,0.09,0.17,0.09,0.0,0.495,0.38,0.09,0.21,0.08,0.14,0.04,0.1,0.09,0.075,1.2,0.03,0.105,28.57,0.105,0.195,53.85,0.08,0.135,59.26,0.0,0.045,0.6,0.0,0.105,0.0,0.075,0.0,0.36
87,96,2009-01-30,2,1,2008-2009,Paulistano,Flamengo,0,0.41,0.105,0.24,0.065,0.185,0.07,0.115,0.11,0.1,1.1,0.035,0.105,33.33,0.12,0.21,57.14,0.065,0.11,59.09,0.01,0.03,0.3,0.02,0.105,0.19,0.1,0.0,0.45,0.45,0.18,0.22,0.05,0.13,0.05,0.08,0.065,0.045,1.44,0.06,0.155,38.71,0.11,0.215,51.16,0.05,0.075,66.67,0.015,0.045,1.0,0.0,0.1,0.0,0.045,0.0,0.42
91,109,2009-01-30,2,1,2008-2009,Coop/São José Basketball,Joinville,0,0.365,0.105,0.16,0.1,0.175,0.035,0.14,0.06,0.06,1.0,0.035,0.13,26.92,0.08,0.17,47.06,0.1,0.135,74.07,0.0,0.03,0.5,0.02,0.095,0.21,0.06,0.0,0.37,0.44,0.15,0.21,0.08,0.125,0.035,0.09,0.105,0.075,1.4,0.05,0.13,38.46,0.105,0.215,48.84,0.08,0.115,69.57,0.005,0.045,0.6,0.01,0.13,0.08,0.075,0.0,0.425
75,72,2009-01-30,2,1,2008-2009,Limeira,Lajeado,1,0.465,0.21,0.18,0.075,0.16,0.035,0.125,0.095,0.12,0.79,0.07,0.195,35.9,0.09,0.145,62.07,0.075,0.09,83.33,0.005,0.025,0.21,0.025,0.115,0.22,0.12,0.0,0.455,0.34,0.105,0.16,0.075,0.17,0.045,0.125,0.05,0.125,0.4,0.035,0.16,21.88,0.08,0.185,43.24,0.075,0.095,78.95,0.005,0.055,0.44,0.01,0.115,0.09,0.125,0.0,0.25
84,72,2009-01-30,2,1,2008-2009,Saldanha,Araraquara,1,0.395,0.12,0.22,0.055,0.16,0.04,0.12,0.01,0.085,0.12,0.04,0.11,36.36,0.11,0.185,59.46,0.055,0.075,73.33,0.02,0.03,0.35,0.015,0.085,0.18,0.085,0.0,0.36,0.28,0.03,0.21,0.04,0.125,0.025,0.1,0.045,0.095,0.47,0.01,0.115,8.7,0.105,0.22,47.73,0.04,0.075,53.33,0.0,0.065,0.68,0.01,0.105,0.1,0.095,0.0,0.175
74,83,2009-01-31,2,1,2008-2009,Espírito Santo,Sesi Franca,0,0.385,0.06,0.29,0.035,0.155,0.035,0.12,0.095,0.055,1.73,0.02,0.085,23.53,0.145,0.235,61.7,0.035,0.09,38.89,0.0,0.06,1.09,0.01,0.09,0.11,0.055,0.0,0.44,0.4,0.12,0.2,0.08,0.105,0.015,0.09,0.025,0.06,0.42,0.04,0.13,30.77,0.1,0.165,60.61,0.08,0.14,57.14,0.01,0.045,0.75,0.02,0.05,0.4,0.06,0.0,0.32
82,65,2009-02-03,3,1,2008-2009,Pinheiros,Paulistano,1,0.4225,0.12,0.195,0.1075,0.175,0.0475,0.1275,0.08,0.08,1.015,0.04,0.1175,33.635,0.0975,0.18,53.06999999999999,0.1075,0.1325,81.68,0.015,0.030000000000000002,0.39,0.0125,0.09,0.14,0.08,0.0,0.45499999999999996,0.4225,0.1275,0.21,0.08499999999999999,0.14250000000000002,0.052500000000000005,0.09,0.10500000000000001,0.095,1.105,0.0425,0.105,40.474999999999994,0.105,0.1775,59.605000000000004,0.08499999999999999,0.1225,68.435,0.0075,0.0325,0.345,0.0125,0.11,0.115,0.095,0.0,0.4475
83,73,2009-02-03,3,1,2008-2009,Coop/São José Basketball,Limeira,1,0.41000000000000003,0.1275,0.16999999999999998,0.1125,0.15,0.0425,0.10750000000000001,0.0675,0.06,1.125,0.0425,0.14750000000000002,28.61,0.08499999999999999,0.1675,50.805,0.1125,0.15000000000000002,74.91499999999999,0.0,0.0325,0.54,0.02,0.1125,0.18,0.06,0.0,0.395,0.42000000000000004,0.16499999999999998,0.16499999999999998,0.09,0.14750000000000002,0.030000000000000002,0.1175,0.08,0.1075,0.7350000000000001,0.05500000000000001,0.16,33.95,0.08249999999999999,0.14250000000000002,57.82,0.09,0.105,85.41499999999999,0.005,0.0225,0.21,0.0225,0.1125,0.2,0.1075,0.0,0.405
63,74,2009-02-03,3,1,2008-2009,Saldanha,Espírito Santo,0,0.4075,0.1275,0.19,0.09,0.155,0.0325,0.1225,0.0325,0.09,0.35,0.042499999999999996,0.1075,39.61,0.095,0.16499999999999998,57.315,0.09,0.1275,71.38499999999999,0.0225,0.045,0.49,0.02,0.0975,0.20500000000000002,0.09,0.0,0.39749999999999996,0.3775,0.08249999999999999,0.255,0.04,0.1575,0.035,0.1225,0.07250000000000001,0.052500000000000005,1.365,0.027500000000000004,0.10750000000000001,25.225,0.1275,0.22249999999999998,57.040000000000006,0.04,0.08249999999999999,49.445,0.0025,0.0475,0.895,0.01,0.11,0.095,0.052500000000000005,0.0,0.395
82,87,2009-02-03,3,1,2008-2009,Araraquara,Sesi Franca,0,0.32,0.09,0.16999999999999998,0.06,0.1275,0.030000000000000002,0.0975,0.035,0.095,0.365,0.030000000000000002,0.13,21.589999999999996,0.08499999999999999,0.1775,47.94,0.06,0.10750000000000001,55.235,0.0025,0.0575,0.605,0.0125,0.1175,0.11,0.095,0.0,0.2175,0.4075,0.0975,0.21500000000000002,0.095,0.145,0.0325,0.1125,0.05500000000000001,0.06,0.9199999999999999,0.0325,0.10750000000000001,30.09,0.10750000000000001,0.185,58.355000000000004,0.095,0.14,67.85499999999999,0.005,0.04,0.665,0.01,0.055,0.2,0.06,0.0,0.4
78,56,2009-02-03,3,1,2008-2009,Joinville,Lajeado,1,0.49250000000000005,0.1875,0.215,0.09,0.1375,0.0425,0.095,0.1075,0.08499999999999999,1.2799999999999998,0.0625,0.1375,45.09,0.1075,0.1925,56.775,0.09,0.12,74.785,0.0025,0.03,0.38,0.0125,0.13,0.1,0.08499999999999999,0.0,0.505,0.35,0.075,0.175,0.1,0.18,0.0575,0.1225,0.0625,0.10500000000000001,0.64,0.025,0.1325,18.085,0.0875,0.1975,44.24,0.1,0.14,73.25999999999999,0.0025,0.042499999999999996,0.395,0.0075,0.12,0.065,0.10500000000000001,0.0,0.28
85,102,2009-02-03,3,1,2008-2009,Minas,Flamengo,0,0.3925,0.0975,0.22999999999999998,0.065,0.15250000000000002,0.042499999999999996,0.11,0.1,0.07,1.4449999999999998,0.0325,0.0975,33.730000000000004,0.11499999999999999,0.2175,52.965,0.065,0.10750000000000001,60.879999999999995,0.0025,0.035,0.49,0.0025,0.11499999999999999,0.02,0.07,0.0,0.40249999999999997,0.46499999999999997,0.195,0.2,0.07,0.1375,0.065,0.07250000000000001,0.08,0.0675,1.25,0.065,0.14250000000000002,46.28,0.1,0.2,49.905,0.07,0.09,76.19,0.0125,0.042499999999999996,0.72,0.0075,0.11,0.065,0.0675,0.0,0.4675
78,77,2009-02-03,3,1,2008-2009,Assis,Bauru Basket,1,0.375,0.09,0.18,0.105,0.14,0.04,0.1,0.03,0.08,0.38,0.03,0.11,27.27,0.09,0.165,54.55,0.105,0.13,80.77,0.005,0.035,0.44,0.015,0.075,0.2,0.08,0.0,0.335,0.325,0.075,0.19,0.06,0.145,0.03,0.115,0.025,0.06,0.42,0.025,0.1,25.0,0.095,0.2,47.5,0.06,0.105,57.14,0.005,0.02,0.33,0.01,0.095,0.11,0.06,0.0,0.24
70,65,2009-02-11,4,1,2008-2009,Joinville,Espírito Santo,1,0.4583333333333333,0.17500000000000002,0.21333333333333335,0.06999999999999999,0.155,0.045000000000000005,0.11,0.10166666666666667,0.08833333333333333,1.17,0.05833333333333333,0.1366666666666667,42.406666666666666,0.10666666666666667,0.18833333333333332,57.29333333333333,0.06999999999999999,0.09499999999999999,72.08,0.0033333333333333335,0.03166666666666667,0.37666666666666665,0.008333333333333333,0.11333333333333334,0.06666666666666667,0.08833333333333333,0.0,0.4816666666666667,0.375,0.085,0.2333333333333333,0.056666666666666664,0.14166666666666666,0.036666666666666674,0.105,0.05666666666666667,0.06333333333333334,1.0066666666666666,0.028333333333333335,0.10333333333333335,27.343333333333334,0.11666666666666665,0.19666666666666666,59.866666666666674,0.056666666666666664,0.08833333333333333,62.96333333333333,0.0016666666666666668,0.055,0.87,0.006666666666666667,0.10666666666666667,0.06333333333333334,0.06333333333333334,0.0,0.385
77,80,2009-02-11,4,1,2008-2009,Lajeado,Saldanha,0,0.32666666666666666,0.065,0.18000000000000002,0.08166666666666667,0.165,0.05833333333333333,0.10666666666666667,0.055,0.09666666666666668,0.5933333333333334,0.021666666666666667,0.11833333333333333,17.613333333333333,0.09000000000000001,0.205,43.88666666666666,0.08166666666666667,0.11833333333333335,68.83999999999999,0.0033333333333333335,0.04666666666666666,0.49333333333333335,0.005,0.09833333333333333,0.043333333333333335,0.09666666666666668,0.0,0.25333333333333335,0.37666666666666665,0.11,0.18666666666666668,0.08,0.15666666666666665,0.05000000000000001,0.10666666666666667,0.03,0.09499999999999999,0.3133333333333333,0.03666666666666666,0.10833333333333334,33.983333333333334,0.09333333333333334,0.17,54.876666666666665,0.08,0.11166666666666668,72.58999999999999,0.018333333333333333,0.04666666666666667,0.48666666666666664,0.013333333333333334,0.09833333333333334,0.1366666666666667,0.09499999999999999,0.0,0.34833333333333333
79,85,2009-02-11,4,1,2008-2009,Limeira,Minas,0,0.40166666666666667,0.155,0.15666666666666665,0.09000000000000001,0.14333333333333334,0.03166666666666667,0.11166666666666665,0.07333333333333333,0.12833333333333333,0.6066666666666668,0.05166666666666667,0.14166666666666666,36.92,0.07833333333333332,0.14500000000000002,54.10333333333333,0.09000000000000001,0.10666666666666667,84.21666666666665,0.008333333333333333,0.02666666666666667,0.21,0.015,0.10666666666666667,0.13333333333333333,0.12833333333333333,0.0,0.3583333333333334,0.4033333333333333,0.09999999999999999,0.2333333333333333,0.07,0.1566666666666667,0.043333333333333335,0.11333333333333333,0.09500000000000001,0.07333333333333335,1.3166666666666667,0.03333333333333333,0.10666666666666667,31.820000000000004,0.11666666666666665,0.21166666666666667,55.31,0.07,0.10500000000000002,67.25333333333333,0.005,0.02666666666666667,0.36999999999999994,0.006666666666666667,0.10833333333333332,0.06666666666666667,0.07333333333333335,0.0,0.4116666666666666
72,90,2009-02-11,4,1,2008-2009,Coop/São José Basketball,Flamengo,0,0.4116666666666667,0.13,0.19333333333333333,0.08833333333333333,0.13833333333333334,0.036666666666666674,0.10166666666666668,0.07166666666666667,0.06999999999999999,1.0466666666666666,0.043333333333333335,0.1416666666666667,30.613333333333333,0.09666666666666666,0.17333333333333334,55.49,0.08833333333333333,0.11833333333333335,74.18666666666667,0.0,0.03833333333333334,0.5466666666666667,0.015,0.11833333333333333,0.13333333333333333,0.06999999999999999,0.0,0.39999999999999997,0.48,0.18500000000000003,0.22666666666666668,0.06833333333333334,0.15,0.06333333333333334,0.08666666666666667,0.085,0.06,1.5366666666666664,0.06166666666666667,0.14333333333333334,43.49666666666667,0.11333333333333334,0.21,53.56,0.06833333333333334,0.09499999999999999,71.42666666666666,0.01,0.03833333333333333,0.7033333333333333,0.006666666666666667,0.10333333333333333,0.06333333333333334,0.06,0.0,0.49500000000000005
68,73,2009-02-11,4,1,2008-2009,Assis,Paulistano,0,0.3825,0.105,0.18,0.0975,0.14250000000000002,0.042499999999999996,0.1,0.0525,0.0575,1.26,0.035,0.12,29.02,0.09,0.1675,53.745,0.0975,0.1325,73.72,0.005,0.0325,0.65,0.0175,0.08249999999999999,0.21000000000000002,0.0575,0.0,0.3725,0.38999999999999996,0.11499999999999999,0.20666666666666667,0.06833333333333333,0.14333333333333334,0.05166666666666667,0.09166666666666667,0.10666666666666667,0.07833333333333332,1.55,0.03833333333333334,0.12,33.65,0.10333333333333333,0.18333333333333335,56.830000000000005,0.06833333333333333,0.10333333333333333,63.57333333333333,0.006666666666666667,0.03,0.4166666666666667,0.02,0.11166666666666668,0.17666666666666667,0.07833333333333332,0.0,0.41500000000000004
88,82,2009-02-11,4,1,2008-2009,Bauru Basket,Pinheiros,1,0.355,0.0675,0.22,0.0675,0.1375,0.0275,0.11,0.0325,0.057499999999999996,0.575,0.0225,0.0825,27.884999999999998,0.11,0.20750000000000002,52.82,0.0675,0.095,72.69,0.0025,0.0175,0.30000000000000004,0.01,0.10500000000000001,0.1,0.057499999999999996,0.0,0.31,0.4183333333333333,0.135,0.18333333333333335,0.09999999999999999,0.18499999999999997,0.051666666666666666,0.13333333333333333,0.08,0.075,1.0866666666666667,0.045000000000000005,0.11833333333333333,37.699999999999996,0.09166666666666667,0.18166666666666664,49.79333333333333,0.09999999999999999,0.12833333333333333,78.06333333333333,0.015,0.028333333333333335,0.3866666666666667,0.011666666666666667,0.085,0.1366666666666667,0.075,0.0,0.4566666666666666
77,64,2009-02-12,4,1,2008-2009,Araraquara,Brasília,1,0.35000000000000003,0.11499999999999999,0.18333333333333332,0.051666666666666666,0.14333333333333334,0.03333333333333333,0.11,0.05166666666666667,0.08,0.8099999999999999,0.03833333333333334,0.15166666666666667,23.796666666666663,0.09166666666666666,0.17500000000000002,52.54666666666666,0.051666666666666666,0.09166666666666667,56.26666666666667,0.0033333333333333335,0.045000000000000005,0.5366666666666666,0.018333333333333333,0.11166666666666665,0.17333333333333334,0.08,0.0,0.2916666666666667,0.41000000000000003,0.0975,0.245,0.0675,0.16749999999999998,0.055,0.11249999999999999,0.0675,0.07,0.9750000000000001,0.0325,0.1,32.96,0.1225,0.205,59.76,0.0675,0.1,67.79,0.0075,0.04,0.58,0.025,0.1,0.255,0.07,0.0,0.4575
59,66,2009-02-13,5,1,2008-2009,Sesi Franca,Brasília,0,0.4166666666666667,0.09999999999999999,0.22666666666666668,0.09000000000000001,0.15166666666666664,0.03,0.12166666666666666,0.06833333333333334,0.06,1.14,0.03333333333333333,0.11333333333333334,29.393333333333334,0.11333333333333334,0.20833333333333334,55.24333333333334,0.09000000000000001,0.13,69.48,0.0033333333333333335,0.04,0.6666666666666666,0.008333333333333333,0.06333333333333334,0.15333333333333335,0.06,0.0,0.41,0.38000000000000006,0.105,0.21,0.065,0.17166666666666663,0.04833333333333334,0.12333333333333334,0.07,0.07833333333333334,0.9133333333333334,0.035,0.10666666666666667,33.083333333333336,0.105,0.18999999999999997,54.423333333333325,0.065,0.10000000000000002,65.19333333333334,0.008333333333333333,0.04,0.5266666666666666,0.018333333333333333,0.10833333333333334,0.18333333333333335,0.07833333333333334,0.0,0.41
93,50,2009-02-13,5,1,2008-2009,Joinville,Saldanha,1,0.43125,0.16875,0.1925,0.07,0.16375,0.03875,0.125,0.095,0.085,1.1275,0.056249999999999994,0.1375,40.7325,0.09625,0.1775,54.177499999999995,0.07,0.0925,74.64750000000001,0.0025,0.0325,0.39999999999999997,0.01,0.11375,0.0825,0.085,0.0,0.4625,0.38249999999999995,0.10500000000000001,0.2,0.0775,0.15,0.04000000000000001,0.11,0.0325,0.0925,0.3525,0.034999999999999996,0.10625000000000001,32.9875,0.1,0.17125,58.3,0.0775,0.11375,69.02499999999999,0.02,0.04875,0.5275,0.01125,0.10250000000000001,0.1125,0.0925,0.0,0.35375
84,93,2009-02-13,5,1,2008-2009,Lajeado,Espírito Santo,0,0.34125,0.05625,0.20500000000000002,0.08,0.16125,0.06,0.10125,0.055,0.095,0.5975,0.01875,0.09874999999999999,19.46,0.10250000000000001,0.22125,45.8775,0.08,0.12250000000000001,65.52,0.0025,0.048749999999999995,0.5225,0.00375,0.09999999999999999,0.0325,0.095,0.0,0.27375,0.3625,0.07875,0.22249999999999998,0.06125,0.14625,0.04125,0.105,0.05,0.06375,0.87,0.026250000000000002,0.10625000000000001,24.855,0.11124999999999999,0.1925,58.095000000000006,0.06125,0.10375000000000001,59.7225,0.0025,0.058750000000000004,0.9225,0.005,0.1075,0.0475,0.06375,0.0,0.355
108,101,2009-02-13,5,1,2008-2009,Limeira,Flamengo,1,0.4,0.15,0.16,0.09,0.15250000000000002,0.04125,0.11124999999999999,0.07625,0.11,0.8425,0.05,0.1425,35.447500000000005,0.08,0.15750000000000003,51.475,0.09,0.11,81.9125,0.00625,0.0275,0.29500000000000004,0.0225,0.11125,0.19,0.11,0.0,0.37875000000000003,0.4725,0.17625000000000002,0.23,0.06625,0.15625,0.0575,0.09875,0.075,0.07125,1.2599999999999998,0.05875,0.1325,45.1225,0.115,0.21,54.455,0.06625,0.095,69.36,0.007500000000000001,0.03625,0.6,0.005,0.0975,0.0475,0.07125,0.0,0.47625
88,89,2009-02-13,5,1,2008-2009,Coop/São José Basketball,Minas,0,0.39875000000000005,0.13125,0.19,0.0775,0.13624999999999998,0.037500000000000006,0.09875,0.06875,0.075,0.9525,0.04375,0.14375000000000002,30.46,0.095,0.175,54.1175,0.0775,0.10750000000000001,70.64,0.00125,0.037500000000000006,0.5075000000000001,0.015,0.11499999999999999,0.135,0.075,0.0,0.37124999999999997,0.40875,0.11249999999999999,0.21999999999999997,0.07625000000000001,0.17500000000000002,0.051250000000000004,0.12375,0.09625,0.07125000000000001,1.3725,0.037500000000000006,0.11125,33.865,0.10999999999999999,0.20875,52.7325,0.07625000000000001,0.11500000000000002,66.82,0.00375,0.0275,0.39249999999999996,0.005,0.10999999999999999,0.05,0.07125000000000001,0.0,0.42999999999999994
87,77,2009-02-13,5,1,2008-2009,Assis,Pinheiros,1,0.36833333333333335,0.09499999999999999,0.16666666666666666,0.10666666666666667,0.1516666666666667,0.051666666666666666,0.10000000000000002,0.06,0.05666666666666667,1.2933333333333332,0.03166666666666667,0.10833333333333334,29.150000000000002,0.08333333333333333,0.16333333333333333,50.883333333333326,0.10666666666666667,0.15166666666666667,71.07666666666667,0.006666666666666667,0.03333333333333333,0.6466666666666666,0.018333333333333337,0.09333333333333332,0.19666666666666668,0.05666666666666667,0.0,0.37333333333333335,0.41624999999999995,0.13875,0.18000000000000002,0.0975,0.1725,0.04625,0.12625,0.07875,0.07,1.155,0.04625,0.11875,38.692499999999995,0.09000000000000001,0.16874999999999998,53.69,0.0975,0.13,75.215,0.012499999999999999,0.025,0.35750000000000004,0.00875,0.0875,0.10250000000000001,0.07,0.0,0.44749999999999995
88,72,2009-02-13,5,1,2008-2009,Bauru Basket,Paulistano,1,0.3833333333333333,0.085,0.22333333333333336,0.075,0.1366666666666667,0.024999999999999998,0.11166666666666668,0.041666666666666664,0.05333333333333332,0.8266666666666667,0.028333333333333332,0.08333333333333333,34.276666666666664,0.11166666666666668,0.21,53.04333333333333,0.075,0.09666666666666668,78.46,0.005,0.02,0.3866666666666667,0.013333333333333334,0.10666666666666667,0.12666666666666668,0.05333333333333332,0.0,0.3666666666666667,0.38375,0.12375,0.1875,0.0725,0.15375,0.05750000000000001,0.09625,0.09375,0.07875,1.335,0.04125,0.1175,36.599999999999994,0.09375,0.17500000000000002,53.455,0.0725,0.105,66.9975,0.00625,0.03125,0.4225,0.0175,0.11875000000000001,0.15000000000000002,0.07875,0.0,0.41125
70,57,2009-02-18,6,1,2008-2009,Minas,Bauru Basket,1,0.41600000000000004,0.11699999999999999,0.22599999999999998,0.07300000000000001,0.18000000000000002,0.054000000000000006,0.126,0.097,0.075,1.32,0.039,0.11400000000000002,34.292,0.11299999999999999,0.20800000000000002,54.382000000000005,0.07300000000000001,0.10700000000000001,69.45599999999999,0.005,0.028000000000000004,0.38,0.007000000000000001,0.10599999999999998,0.074,0.075,0.0,0.44899999999999995,0.39749999999999996,0.10500000000000001,0.21750000000000003,0.075,0.135,0.03375,0.10125,0.05375,0.05124999999999999,1.12,0.034999999999999996,0.09,38.207499999999996,0.10875000000000001,0.21,51.6875,0.075,0.09875,76.7025,0.00375,0.0225,0.4575,0.01375,0.0975,0.1475,0.05124999999999999,0.0,0.39125000000000004
104,72,2009-02-18,6,1,2008-2009,Brasília,Saldanha,1,0.36750000000000005,0.09375,0.22,0.05375,0.18499999999999997,0.053750000000000006,0.13125,0.0675,0.08625000000000001,0.8225,0.03125,0.10125,30.695,0.11,0.20124999999999998,54.114999999999995,0.05375,0.08000000000000002,73.89500000000001,0.01125,0.03875,0.475,0.01625,0.10250000000000001,0.1675,0.08625000000000001,0.0,0.40125,0.356,0.099,0.188,0.06899999999999999,0.153,0.044000000000000004,0.10900000000000001,0.028000000000000004,0.095,0.302,0.032999999999999995,0.10700000000000001,30.935999999999996,0.094,0.183,52.726,0.06899999999999999,0.10400000000000001,65.99,0.017,0.052000000000000005,0.546,0.012,0.099,0.126,0.095,0.0,0.308
90,85,2009-02-18,6,1,2008-2009,Araraquara,Limeira,1,0.35875,0.11249999999999999,0.1775,0.06875,0.15,0.036250000000000004,0.11375,0.05750000000000001,0.07875,0.8574999999999999,0.037500000000000006,0.14250000000000002,25.455,0.08875,0.17125,51.91,0.06875,0.10750000000000001,61.55500000000001,0.0025,0.045,0.5525,0.02375,0.10749999999999998,0.235,0.07875,0.0,0.33,0.42800000000000005,0.16199999999999998,0.166,0.1,0.15100000000000002,0.043000000000000003,0.10799999999999998,0.08199999999999999,0.1,1.024,0.054000000000000006,0.141,38.728,0.083,0.15800000000000003,53.056000000000004,0.1,0.123,81.53,0.011,0.029000000000000005,0.35200000000000004,0.023,0.11299999999999999,0.194,0.1,0.0,0.42800000000000005
91,84,2009-02-18,6,1,2008-2009,Sesi Franca,Coop/São José Basketball,1,0.38875,0.0975,0.21250000000000002,0.07875,0.155,0.04,0.11499999999999999,0.065,0.06,1.085,0.0325,0.115,28.295,0.10625000000000001,0.2175,50.105000000000004,0.07875,0.11375,69.4175,0.005,0.05375,0.895,0.0125,0.0675,0.1925,0.06,0.0,0.38625,0.40700000000000003,0.14100000000000001,0.186,0.08,0.13299999999999998,0.036000000000000004,0.097,0.069,0.072,0.9960000000000001,0.047,0.138,34.802,0.093,0.18,51.794000000000004,0.08,0.10800000000000001,72.876,0.001,0.036000000000000004,0.506,0.012,0.10799999999999998,0.10800000000000001,0.072,0.0,0.37899999999999995
67,48,2009-02-18,6,1,2008-2009,Joinville,Paulistano,1,0.438,0.156,0.21000000000000002,0.07200000000000001,0.177,0.041,0.13599999999999998,0.097,0.084,1.1640000000000001,0.052000000000000005,0.129,39.954,0.10500000000000001,0.188,55.516,0.07200000000000001,0.097,73.632,0.004,0.041,0.508,0.015000000000000003,0.10500000000000001,0.166,0.084,0.0,0.499,0.379,0.123,0.192,0.06399999999999999,0.149,0.05700000000000001,0.092,0.089,0.077,1.268,0.041,0.11599999999999999,36.552,0.096,0.17300000000000001,55.492,0.06399999999999999,0.093,66.932,0.007000000000000001,0.031,0.42400000000000004,0.016,0.11700000000000002,0.138,0.077,0.0,0.406
86,85,2009-02-18,6,1,2008-2009,Lajeado,Pinheiros,1,0.357,0.066,0.20400000000000001,0.087,0.153,0.059,0.094,0.048,0.08499999999999999,0.5660000000000001,0.022,0.099,22.568,0.10200000000000001,0.211,48.465999999999994,0.087,0.131,66.356,0.002,0.043,0.506,0.005,0.10800000000000001,0.04,0.08499999999999999,0.0,0.29100000000000004,0.41,0.135,0.18400000000000002,0.091,0.15399999999999997,0.040999999999999995,0.11299999999999999,0.077,0.064,1.274,0.045,0.11599999999999999,38.574,0.09200000000000001,0.16799999999999998,55.074,0.091,0.122,74.61600000000001,0.012,0.024,0.386,0.008,0.089,0.092,0.064,0.0,0.43099999999999994
86,84,2009-02-20,7,1,2008-2009,Sesi Franca,Limeira,1,0.409,0.099,0.22200000000000003,0.088,0.158,0.046,0.11199999999999999,0.079,0.059,1.358,0.033,0.11000000000000001,30.413999999999998,0.11100000000000002,0.223,50.696000000000005,0.088,0.11800000000000002,74.05199999999999,0.004,0.05500000000000001,0.9339999999999999,0.012,0.076,0.172,0.059,0.0,0.43499999999999994,0.4275,0.16,0.17166666666666666,0.09583333333333333,0.15000000000000002,0.03916666666666667,0.11083333333333333,0.0825,0.09250000000000001,1.1116666666666666,0.05333333333333334,0.13749999999999998,39.218333333333334,0.08583333333333333,0.16833333333333336,51.788333333333334,0.09583333333333333,0.12166666666666666,78.81166666666667,0.011666666666666667,0.03833333333333334,0.5516666666666667,0.022499999999999996,0.11166666666666665,0.19333333333333333,0.09250000000000001,0.0,0.43583333333333335
103,78,2009-02-20,7,1,2008-2009,Brasília,Espírito Santo,1,0.398,0.087,0.238,0.073,0.177,0.053000000000000005,0.124,0.07100000000000001,0.077,1.084,0.028999999999999998,0.097,29.556,0.119,0.207,56.769999999999996,0.073,0.1,75.78200000000001,0.009,0.037,0.53,0.02,0.10600000000000001,0.192,0.077,0.0,0.44299999999999995,0.383,0.096,0.21599999999999997,0.071,0.141,0.035,0.10600000000000001,0.047,0.064,0.8039999999999999,0.032,0.10600000000000001,30.360000000000003,0.10799999999999998,0.181,60.55,0.071,0.11700000000000002,60.71999999999999,0.004,0.054000000000000006,0.8460000000000001,0.005,0.11499999999999999,0.044,0.064,0.0,0.373
72,71,2009-02-20,7,1,2008-2009,Araraquara,Coop/São José Basketball,1,0.377,0.11699999999999999,0.186,0.074,0.151,0.03200000000000001,0.119,0.068,0.075,1.052,0.039,0.14100000000000001,27.029999999999994,0.093,0.171,54.46999999999999,0.074,0.10600000000000001,68.244,0.003,0.046,0.608,0.025,0.10799999999999998,0.242,0.075,0.0,0.38,0.4091666666666667,0.135,0.19499999999999998,0.07916666666666668,0.13249999999999998,0.037500000000000006,0.09499999999999999,0.0675,0.06999999999999999,0.9966666666666667,0.045000000000000005,0.13166666666666668,34.835,0.09749999999999999,0.18499999999999997,52.685,0.07916666666666668,0.1075,72.635,0.0016666666666666668,0.03333333333333333,0.47666666666666674,0.011666666666666665,0.10833333333333332,0.105,0.06999999999999999,0.0,0.38166666666666665
90,72,2009-02-20,7,1,2008-2009,Lajeado,Paulistano,1,0.36916666666666664,0.07,0.20666666666666667,0.09249999999999999,0.15083333333333335,0.055833333333333325,0.09500000000000001,0.04416666666666667,0.07833333333333332,0.5650000000000001,0.023333333333333334,0.09916666666666667,23.80666666666667,0.10333333333333333,0.2075,50.03666666666666,0.09249999999999999,0.1375,67.06166666666667,0.0016666666666666668,0.04833333333333333,0.6999999999999998,0.004166666666666667,0.11,0.03333333333333333,0.07833333333333332,0.0,0.31333333333333335,0.3558333333333333,0.1125,0.18000000000000002,0.06333333333333332,0.15,0.05250000000000001,0.09749999999999999,0.0775,0.08333333333333333,1.085,0.0375,0.11249999999999999,33.968333333333334,0.09000000000000001,0.1691666666666667,52.91,0.06333333333333332,0.09083333333333332,68.27666666666667,0.006666666666666667,0.03,0.39000000000000007,0.015,0.11333333333333334,0.13333333333333333,0.08333333333333333,0.0,0.36333333333333334
94,84,2009-02-20,7,1,2008-2009,Minas,Assis,1,0.405,0.11249999999999999,0.2183333333333333,0.07416666666666667,0.18333333333333335,0.05083333333333334,0.1325,0.08666666666666667,0.07583333333333334,1.1733333333333336,0.0375,0.11583333333333334,32.57666666666667,0.10916666666666665,0.20083333333333334,54.410000000000004,0.07416666666666667,0.10583333333333333,71.21333333333332,0.004166666666666667,0.030833333333333334,0.41,0.009166666666666668,0.09916666666666667,0.11333333333333333,0.07583333333333334,0.0,0.43749999999999994,0.385,0.12,0.1625,0.10250000000000001,0.15875,0.051250000000000004,0.10750000000000001,0.06375,0.05,1.595,0.04,0.11375,34.3625,0.08125,0.155,52.584999999999994,0.10250000000000001,0.13875,75.8075,0.00625,0.0275,0.5675,0.01625,0.08875,0.18000000000000002,0.05,0.0,0.41750000000000004
89,72,2009-02-21,7,1,2008-2009,Joinville,Pinheiros,1,0.42083333333333334,0.15,0.19833333333333333,0.07250000000000001,0.17666666666666667,0.04583333333333334,0.13083333333333333,0.09416666666666666,0.0775,1.2666666666666668,0.049999999999999996,0.13,38.233333333333334,0.09916666666666667,0.18416666666666667,53.333333333333336,0.07250000000000001,0.1025,70.97500000000001,0.005833333333333334,0.0425,0.6083333333333334,0.014166666666666668,0.10166666666666667,0.15833333333333335,0.0775,0.0,0.47583333333333333,0.4124999999999999,0.14500000000000002,0.17500000000000004,0.09250000000000001,0.15166666666666664,0.04083333333333333,0.11083333333333333,0.06666666666666667,0.06166666666666667,1.1116666666666666,0.04833333333333334,0.12,39.88333333333333,0.08750000000000002,0.16166666666666665,54.22833333333333,0.09250000000000001,0.13,71.98333333333333,0.01,0.025000000000000005,0.4216666666666667,0.0075,0.09333333333333332,0.08333333333333333,0.06166666666666667,0.0,0.4183333333333333
76,65,2009-02-23,8,1,2008-2009,Paulistano,Saldanha,1,0.3564285714285714,0.10714285714285714,0.17857142857142858,0.0707142857142857,0.14928571428571427,0.05214285714285715,0.09714285714285713,0.07285714285714286,0.08071428571428571,1.0285714285714285,0.03571428571428571,0.11142857142857142,32.51714285714286,0.08928571428571429,0.16714285714285718,53.185714285714276,0.0707142857142857,0.09857142857142856,69.85285714285715,0.005714285714285714,0.03142857142857143,0.42285714285714293,0.014285714285714285,0.11071428571428572,0.13,0.08071428571428571,0.0,0.36214285714285716,0.35666666666666663,0.09750000000000002,0.18833333333333335,0.07083333333333333,0.15,0.05083333333333334,0.09916666666666668,0.03166666666666667,0.08916666666666666,0.38999999999999996,0.032499999999999994,0.10333333333333333,31.66166666666666,0.09416666666666668,0.19666666666666668,49.913333333333334,0.07083333333333333,0.11,64.515,0.015833333333333335,0.04916666666666667,0.5516666666666666,0.010833333333333334,0.1075,0.11,0.08916666666666666,0.0,0.2966666666666667
72,80,2009-02-24,8,1,2008-2009,Bauru Basket,Araraquara,0,0.37499999999999994,0.096,0.20800000000000002,0.071,0.136,0.033,0.10300000000000001,0.05,0.05899999999999998,0.974,0.031999999999999994,0.093,34.376,0.10400000000000001,0.209,49.642,0.071,0.09,81.362,0.004,0.027000000000000003,0.466,0.011,0.095,0.118,0.05899999999999998,0.0,0.35500000000000004,0.3741666666666667,0.125,0.17666666666666667,0.0725,0.15083333333333335,0.030833333333333338,0.12,0.07666666666666667,0.07583333333333334,1.1266666666666667,0.041666666666666664,0.14,29.314999999999998,0.08833333333333333,0.16583333333333336,53.129999999999995,0.0725,0.105,67.70333333333333,0.0075,0.043333333333333335,0.57,0.028333333333333332,0.10499999999999998,0.285,0.07583333333333334,0.0,0.38916666666666666
84,91,2009-02-25,8,1,2008-2009,Coop/São José Basketball,Brasília,0,0.4014285714285714,0.13285714285714287,0.19142857142857142,0.07714285714285715,0.13357142857142856,0.037142857142857144,0.09642857142857142,0.07214285714285715,0.07142857142857142,1.032857142857143,0.04428571428571428,0.12714285714285714,35.57285714285714,0.09571428571428571,0.1857142857142857,51.550000000000004,0.07714285714285715,0.10714285714285714,71.10142857142857,0.0014285714285714286,0.03571428571428571,0.4985714285714286,0.012857142857142857,0.10714285714285712,0.11857142857142858,0.07142857142857142,0.0,0.3814285714285714,0.41750000000000004,0.09249999999999999,0.245,0.08,0.1825,0.055,0.1275,0.07,0.07666666666666667,1.0483333333333333,0.030833333333333334,0.09833333333333334,30.98,0.1225,0.2133333333333333,56.831666666666656,0.08,0.1075,76.37,0.01,0.03833333333333333,0.5416666666666666,0.020833333333333332,0.11,0.19166666666666665,0.07666666666666667,0.0,0.4666666666666666
101,84,2009-02-25,8,1,2008-2009,Pinheiros,Espírito Santo,1,0.4049999999999999,0.1435714285714286,0.17285714285714288,0.08857142857142859,0.1514285714285714,0.04071428571428571,0.1107142857142857,0.06571428571428571,0.060714285714285714,1.1085714285714285,0.04785714285714286,0.125,38.332857142857144,0.08642857142857144,0.16428571428571428,52.83,0.08857142857142859,0.125,71.47428571428573,0.009999999999999998,0.027142857142857146,0.46571428571428575,0.007857142857142858,0.09285714285714285,0.08714285714285715,0.060714285714285714,0.0,0.40499999999999997,0.3841666666666667,0.09499999999999999,0.2083333333333333,0.08083333333333333,0.13666666666666666,0.035833333333333335,0.10083333333333333,0.04583333333333334,0.06166666666666667,0.8033333333333332,0.03166666666666667,0.1075,29.648333333333337,0.10416666666666664,0.18333333333333335,57.723333333333336,0.08083333333333333,0.1325,60.91666666666666,0.0033333333333333335,0.05416666666666667,0.8883333333333333,0.005,0.11666666666666665,0.043333333333333335,0.06166666666666667,0.0,0.3575
83,80,2009-02-25,8,1,2008-2009,Assis,Sesi Franca,1,0.392,0.12,0.164,0.10800000000000001,0.149,0.048,0.101,0.059,0.053000000000000005,1.4,0.04,0.11100000000000002,35.489999999999995,0.082,0.162,51.016,0.10800000000000001,0.14400000000000002,76.40400000000001,0.005,0.033999999999999996,0.638,0.014000000000000002,0.091,0.15400000000000003,0.053000000000000005,0.0,0.40800000000000003,0.4141666666666666,0.1075,0.21666666666666667,0.09000000000000001,0.16166666666666665,0.04750000000000001,0.11416666666666665,0.07666666666666667,0.06083333333333333,1.2866666666666666,0.035833333333333335,0.11416666666666668,31.51833333333333,0.10833333333333334,0.21916666666666665,50.163333333333334,0.09000000000000001,0.12333333333333335,72.82166666666667,0.004166666666666667,0.04750000000000001,0.8016666666666666,0.013333333333333334,0.08916666666666667,0.165,0.06083333333333333,0.0,0.43
105,83,2009-02-25,8,1,2008-2009,Flamengo,Joinville,1,0.479,0.177,0.22000000000000003,0.082,0.148,0.053000000000000005,0.095,0.08199999999999999,0.06799999999999999,1.408,0.059,0.128,47.008,0.11000000000000001,0.20400000000000001,53.564,0.082,0.10700000000000001,74.19800000000001,0.008,0.036,0.608,0.007000000000000001,0.10500000000000001,0.06,0.06799999999999999,0.0,0.496,0.4228571428571429,0.15,0.20428571428571426,0.06857142857142857,0.17785714285714288,0.04357142857142858,0.13428571428571429,0.09285714285714285,0.07642857142857143,1.2585714285714287,0.049999999999999996,0.12714285714285714,39.26428571428572,0.10214285714285713,0.18357142857142855,55.23857142857143,0.06857142857142857,0.09785714285714286,70.02000000000001,0.0071428571428571435,0.04142857142857143,0.5928571428571429,0.015714285714285715,0.09999999999999999,0.1757142857142857,0.07642857142857143,0.0,0.4864285714285715
88,85,2009-02-27,9,1,2008-2009,Limeira,Brasília,1,0.42642857142857143,0.15,0.17142857142857143,0.105,0.14857142857142858,0.03785714285714286,0.1107142857142857,0.07928571428571428,0.08642857142857144,1.1242857142857143,0.049999999999999996,0.1357142857142857,37.044285714285714,0.08571428571428572,0.1685714285714286,51.53285714285715,0.105,0.12928571428571428,80.61428571428571,0.012857142857142859,0.03571428571428572,0.53,0.022857142857142854,0.11285714285714285,0.1957142857142857,0.08642857142857144,0.0,0.4335714285714286,0.42142857142857143,0.09428571428571428,0.2414285714285714,0.08571428571428572,0.18571428571428572,0.052142857142857144,0.1335714285714286,0.07642857142857143,0.07857142857142858,1.0814285714285714,0.03142857142857143,0.09571428571428572,32.80428571428571,0.1207142857142857,0.2064285714285714,58.23714285714285,0.08571428571428572,0.1142857142857143,76.52,0.009285714285714286,0.034999999999999996,0.48857142857142855,0.02142857142857143,0.10857142857142857,0.19999999999999998,0.07857142857142858,0.0,0.4828571428571428
78,67,2009-02-27,9,1,2008-2009,Paulistano,Espírito Santo,1,0.35937499999999994,0.105,0.1825,0.071875,0.15187499999999998,0.052500000000000005,0.09937499999999999,0.07250000000000001,0.08625,0.97,0.035,0.11187499999999999,31.71375,0.09125,0.16812500000000002,54.037499999999994,0.071875,0.104375,68.0175,0.005,0.036250000000000004,0.44000000000000006,0.014374999999999999,0.108125,0.135,0.08625,0.0,0.361875,0.3892857142857143,0.10285714285714286,0.20857142857142855,0.07785714285714285,0.13428571428571429,0.03785714285714286,0.09642857142857143,0.047142857142857146,0.058571428571428566,0.8857142857142856,0.03428571428571429,0.11214285714285714,30.514285714285716,0.10428571428571427,0.18857142857142858,56.29571428571429,0.07785714285714285,0.12357142857142857,64.45857142857142,0.002857142857142857,0.05071428571428571,0.8685714285714285,0.005,0.1157142857142857,0.04428571428571428,0.058571428571428566,0.0,0.36
83,75,2009-02-27,9,1,2008-2009,Pinheiros,Saldanha,1,0.4174999999999999,0.15000000000000002,0.17875000000000002,0.08875000000000001,0.15312499999999998,0.039999999999999994,0.11312499999999999,0.07250000000000001,0.0625,1.17,0.05,0.12625,39.559999999999995,0.08937500000000001,0.164375,54.56,0.08875000000000001,0.123125,72.76750000000001,0.010624999999999999,0.026250000000000002,0.44125000000000003,0.008125,0.09374999999999999,0.08875,0.0625,0.0,0.429375,0.35214285714285715,0.09000000000000001,0.19285714285714287,0.06928571428571428,0.14785714285714288,0.05,0.09785714285714286,0.03357142857142857,0.09357142857142856,0.3885714285714285,0.029999999999999995,0.09999999999999999,29.81714285714285,0.09642857142857143,0.19714285714285715,50.64,0.06928571428571428,0.11,63.09142857142857,0.017857142857142856,0.05428571428571429,0.5742857142857142,0.01,0.10785714285714286,0.10142857142857144,0.09357142857142856,0.0,0.2928571428571428
92,74,2009-02-27,9,1,2008-2009,Bauru Basket,Sesi Franca,1,0.3725,0.1025,0.20166666666666666,0.06833333333333333,0.14583333333333334,0.04,0.10583333333333333,0.051666666666666666,0.05749999999999999,1.0116666666666667,0.03416666666666666,0.09999999999999999,34.20166666666666,0.10083333333333333,0.20416666666666664,49.23833333333334,0.06833333333333333,0.09083333333333334,77.45,0.0033333333333333335,0.03166666666666667,0.5716666666666667,0.011666666666666667,0.09000000000000001,0.13666666666666666,0.05749999999999999,0.0,0.3641666666666667,0.415,0.10928571428571429,0.22,0.08571428571428573,0.16428571428571428,0.04785714285714286,0.11642857142857142,0.07571428571428572,0.06,1.2842857142857143,0.03642857142857143,0.115,31.777142857142856,0.11,0.2207142857142857,50.45,0.08571428571428573,0.12214285714285715,69.87142857142858,0.005,0.04571428571428572,0.7785714285714285,0.013571428571428571,0.095,0.15857142857142856,0.06,0.0,0.42857142857142855
81,79,2009-02-27,9,1,2008-2009,Assis,Araraquara,1,0.3958333333333333,0.12,0.17166666666666666,0.10416666666666667,0.15416666666666667,0.045000000000000005,0.10916666666666668,0.057499999999999996,0.05333333333333334,1.3183333333333334,0.04,0.11083333333333334,35.635,0.08583333333333333,0.16416666666666668,52.51333333333333,0.10416666666666667,0.1441666666666667,73.44000000000001,0.005,0.03333333333333333,0.6233333333333334,0.014166666666666668,0.09166666666666666,0.15500000000000003,0.05333333333333334,0.0,0.41250000000000003,0.37785714285714284,0.1285714285714286,0.18,0.06928571428571428,0.1542857142857143,0.03071428571428572,0.12357142857142857,0.07714285714285715,0.07714285714285715,1.0999999999999999,0.04285714285714286,0.135,31.93,0.09,0.17071428571428574,52.68285714285714,0.06928571428571428,0.10214285714285713,66.43428571428572,0.007142857142857143,0.04,0.5228571428571429,0.027857142857142855,0.10214285714285712,0.2857142857142857,0.07714285714285715,0.0,0.39428571428571424
110,69,2009-02-27,9,1,2008-2009,Flamengo,Lajeado,1,0.48666666666666664,0.17500000000000002,0.23333333333333336,0.07833333333333334,0.15666666666666665,0.05000000000000001,0.10666666666666667,0.08750000000000001,0.06833333333333333,1.4466666666666665,0.05833333333333333,0.12583333333333332,47.145,0.11666666666666668,0.21,55.053333333333335,0.07833333333333334,0.10083333333333333,76.11666666666666,0.0075,0.03916666666666666,0.6383333333333333,0.008333333333333333,0.10166666666666667,0.08,0.06833333333333333,0.0,0.5266666666666667,0.3807142857142857,0.07714285714285715,0.21142857142857144,0.09214285714285712,0.15214285714285714,0.05285714285714286,0.0992857142857143,0.04928571428571429,0.07785714285714285,0.6371428571428571,0.025714285714285717,0.09785714285714285,26.754285714285714,0.10571428571428572,0.2064285714285714,51.459999999999994,0.09214285714285712,0.13285714285714287,69.72571428571429,0.0014285714285714286,0.045,0.647142857142857,0.005,0.10857142857142857,0.042857142857142864,0.07785714285714285,0.0,0.34071428571428575
103,97,2009-03-01,7,1,2008-2009,Flamengo,Bauru Basket,1,0.49571428571428566,0.1692857142857143,0.24571428571428575,0.08071428571428572,0.16285714285714284,0.051428571428571435,0.11142857142857143,0.09,0.06785714285714285,1.4714285714285715,0.056428571428571425,0.12357142857142857,46.25428571428571,0.12285714285714287,0.21428571428571427,56.712857142857146,0.08071428571428572,0.10285714285714286,77.0442857142857,0.01,0.04071428571428571,0.6571428571428571,0.008571428571428572,0.09857142857142856,0.08714285714285715,0.06785714285714285,0.0,0.5492857142857143,0.38499999999999995,0.10285714285714286,0.21,0.07214285714285715,0.14785714285714285,0.03785714285714286,0.11,0.05928571428571428,0.053571428571428555,1.3671428571428572,0.03428571428571428,0.09999999999999999,34.315714285714286,0.105,0.20285714285714285,51.728571428571435,0.07214285714285715,0.09642857142857143,76.82571428571428,0.0064285714285714285,0.03214285714285715,0.6571428571428571,0.012142857142857144,0.09285714285714286,0.13714285714285715,0.053571428571428555,0.0,0.395
96,94,2009-03-04,10,1,2008-2009,Brasília,Pinheiros,1,0.421875,0.09937499999999999,0.24125,0.08125,0.19187500000000002,0.0525,0.139375,0.075625,0.0825,1.02625,0.033125,0.10125,32.72125,0.120625,0.2075,57.933749999999996,0.08125,0.110625,74.3075,0.00875,0.03375,0.45625,0.02,0.113125,0.18375,0.0825,0.0,0.47625,0.41722222222222216,0.1466666666666667,0.17555555555555558,0.09500000000000001,0.15666666666666665,0.040555555555555546,0.11611111111111111,0.07222222222222224,0.065,1.1311111111111112,0.04888888888888889,0.12555555555555553,38.867777777777775,0.08777777777777779,0.16388888888888886,53.70666666666667,0.09500000000000001,0.1311111111111111,72.94444444444446,0.009444444444444443,0.026111111111111113,0.42444444444444446,0.008333333333333333,0.09277777777777776,0.09222222222222222,0.065,0.0,0.42666666666666664
73,84,2009-03-04,10,1,2008-2009,Coop/São José Basketball,Bauru Basket,0,0.40375,0.13875,0.185,0.08,0.130625,0.036875000000000005,0.09374999999999999,0.073125,0.06875,1.10375,0.04625,0.131875,35.67125,0.0925,0.18437499999999998,50.10625,0.08,0.110625,71.4725,0.00125,0.035,0.51125,0.013125,0.11187499999999999,0.11625,0.06875,0.0,0.37875,0.39749999999999996,0.121875,0.20625,0.069375,0.143125,0.037500000000000006,0.105625,0.060625,0.053124999999999985,1.37125,0.040624999999999994,0.106875,36.881249999999994,0.103125,0.195625,53.02125,0.069375,0.09312500000000001,76.15125,0.0062499999999999995,0.03125,0.6375,0.011875,0.090625,0.13624999999999998,0.053124999999999985,0.0,0.40875
80,78,2009-03-04,10,1,2008-2009,Limeira,Assis,1,0.428125,0.14625,0.17375,0.108125,0.15375,0.03875,0.11499999999999999,0.07625,0.084375,1.0825,0.048749999999999995,0.135625,36.1175,0.086875,0.17562500000000003,50.368750000000006,0.108125,0.135,79.82374999999999,0.011875000000000002,0.04125000000000001,0.6062500000000001,0.022499999999999996,0.11124999999999999,0.19624999999999998,0.084375,0.0,0.435,0.3971428571428572,0.1157142857142857,0.18142857142857144,0.09999999999999999,0.15142857142857144,0.04642857142857143,0.105,0.05785714285714285,0.05357142857142857,1.2857142857142858,0.038571428571428576,0.10500000000000001,36.667142857142856,0.09071428571428572,0.16785714285714287,54.034285714285716,0.09999999999999999,0.14285714285714285,70.88571428571429,0.0064285714285714285,0.03642857142857143,0.6771428571428572,0.015000000000000001,0.08999999999999998,0.1685714285714286,0.05357142857142857,0.0,0.41785714285714287
81,104,2009-03-04,10,1,2008-2009,Saldanha,Flamengo,0,0.355,0.09187500000000001,0.19625,0.066875,0.14500000000000002,0.04687500000000001,0.098125,0.039375,0.09124999999999998,0.47375,0.030624999999999996,0.09999999999999999,30.464999999999996,0.098125,0.2,50.56,0.066875,0.104375,64.82,0.016875,0.05437500000000001,0.59375,0.011250000000000001,0.11125,0.10750000000000001,0.09124999999999998,0.0,0.305,0.498125,0.17625000000000002,0.24375000000000002,0.078125,0.15625,0.04875,0.1075,0.09375,0.06625,1.56,0.05875,0.1225,48.625,0.12187500000000001,0.210625,57.39375,0.078125,0.09937499999999999,77.41375,0.009375000000000001,0.03875,0.63125,0.007500000000000001,0.095,0.07625,0.06625,0.0,0.5543750000000001
69,99,2009-03-04,10,1,2008-2009,Espírito Santo,Minas,0,0.3825,0.095625,0.20749999999999996,0.07937499999999999,0.136875,0.037500000000000006,0.099375,0.049375,0.059375,0.8999999999999999,0.031875,0.11,28.673750000000002,0.10374999999999998,0.18937500000000002,55.66875,0.07937499999999999,0.126875,63.90124999999999,0.003125,0.049374999999999995,0.8375,0.005625000000000001,0.11374999999999999,0.051250000000000004,0.059375,0.0,0.353125,0.4142857142857143,0.10928571428571428,0.22857142857142856,0.07642857142857143,0.1842857142857143,0.05357142857142858,0.13071428571428573,0.08571428571428572,0.07785714285714286,1.132857142857143,0.03642857142857143,0.10785714285714287,35.065714285714286,0.11428571428571428,0.20785714285714288,54.92285714285715,0.07642857142857143,0.10785714285714286,71.75428571428571,0.005714285714285714,0.03142857142857143,0.40714285714285714,0.008571428571428572,0.09999999999999999,0.10428571428571429,0.07785714285714286,0.0,0.4499999999999999
61,66,2009-03-04,10,1,2008-2009,Araraquara,Lajeado,0,0.38,0.13875,0.17625,0.065,0.15125,0.0325,0.11875,0.07625000000000001,0.07625000000000001,1.0875,0.04625,0.135625,34.18875,0.088125,0.166875,52.793749999999996,0.065,0.095625,66.88,0.006874999999999999,0.03875000000000001,0.51125,0.026249999999999996,0.10312499999999998,0.2675,0.07625000000000001,0.0,0.39749999999999996,0.37625,0.084375,0.20375,0.08812499999999998,0.14875,0.05125,0.0975,0.051250000000000004,0.07812499999999999,0.65875,0.028125000000000004,0.103125,27.427500000000002,0.101875,0.20437499999999997,49.96124999999999,0.08812499999999998,0.12875,68.50999999999999,0.00125,0.04375,0.62125,0.005,0.109375,0.0425,0.07812499999999999,0.0,0.32875000000000004
71,72,2009-03-04,10,1,2008-2009,Sesi Franca,Joinville,0,0.41062499999999996,0.103125,0.22375,0.08375000000000002,0.16249999999999998,0.0475,0.11499999999999999,0.07062500000000001,0.05875,1.21125,0.034375,0.11,31.13875,0.111875,0.22375,50.52125,0.08375000000000002,0.11812500000000001,70.86,0.004375,0.04250000000000001,0.73125,0.011875,0.098125,0.13874999999999998,0.05875,0.0,0.4175,0.421875,0.15375,0.19874999999999998,0.069375,0.175625,0.043750000000000004,0.131875,0.09124999999999998,0.076875,1.22625,0.05125,0.135,38.30375,0.09937499999999999,0.18125,54.393750000000004,0.069375,0.096875,71.68375,0.006875,0.04062500000000001,0.5737500000000001,0.015000000000000001,0.09562499999999999,0.1725,0.076875,0.0,0.47437500000000005
105,84,2009-03-06,11,1,2008-2009,Brasília,Paulistano,1,0.42833333333333334,0.09999999999999999,0.24555555555555555,0.08277777777777778,0.18833333333333335,0.049999999999999996,0.13833333333333334,0.0761111111111111,0.08055555555555556,1.048888888888889,0.03333333333333334,0.10055555555555556,33.17888888888889,0.12277777777777778,0.20722222222222222,59.08444444444444,0.08277777777777778,0.11388888888888887,73.59111111111112,0.008888888888888889,0.03333333333333334,0.4566666666666667,0.02,0.11333333333333334,0.1822222222222222,0.08055555555555556,0.0,0.48277777777777775,0.36277777777777775,0.10333333333333333,0.18777777777777777,0.07166666666666667,0.1561111111111111,0.052222222222222225,0.10388888888888888,0.07388888888888889,0.08388888888888887,1.0077777777777779,0.03444444444444445,0.11055555555555555,31.523333333333337,0.09388888888888888,0.17222222222222225,54.266666666666666,0.07166666666666667,0.1061111111111111,66.94111111111111,0.005,0.035,0.43333333333333335,0.015555555555555553,0.11166666666666665,0.14,0.08388888888888887,0.0,0.3705555555555555
68,69,2009-03-06,11,1,2008-2009,Coop/São José Basketball,Assis,0,0.39944444444444444,0.1416666666666667,0.1822222222222222,0.07555555555555556,0.12833333333333333,0.03777777777777778,0.09055555555555556,0.07111111111111111,0.07,1.0577777777777777,0.04722222222222222,0.13277777777777777,36.07333333333334,0.0911111111111111,0.18499999999999997,49.21777777777778,0.07555555555555556,0.10333333333333333,73.40777777777777,0.0011111111111111111,0.035555555555555556,0.51,0.012777777777777777,0.11055555555555555,0.11444444444444445,0.07,0.0,0.36999999999999994,0.39625000000000005,0.11437499999999999,0.1825,0.09937499999999999,0.151875,0.0425,0.109375,0.058124999999999996,0.0575,1.21375,0.038125000000000006,0.10312500000000001,36.945,0.09125,0.17125,53.370000000000005,0.09937499999999999,0.14,71.92125,0.005625,0.035625000000000004,0.63625,0.016875,0.09624999999999999,0.17375000000000002,0.0575,0.0,0.415625
89,66,2009-03-06,11,1,2008-2009,Limeira,Bauru Basket,1,0.425,0.14,0.1733333333333333,0.11166666666666665,0.15222222222222223,0.036111111111111115,0.11611111111111111,0.07722222222222222,0.08277777777777778,1.0966666666666667,0.04666666666666666,0.12944444444444445,36.27111111111111,0.08666666666666666,0.17555555555555558,50.168888888888894,0.11166666666666665,0.14277777777777778,78.54222222222221,0.012222222222222225,0.04166666666666667,0.61,0.024444444444444442,0.11055555555555555,0.21666666666666665,0.08277777777777778,0.0,0.435,0.39999999999999997,0.13166666666666668,0.2011111111111111,0.06722222222222224,0.14,0.03555555555555556,0.10444444444444444,0.06333333333333332,0.053888888888888875,1.3766666666666667,0.04388888888888889,0.10888888888888888,39.00555555555555,0.10055555555555555,0.19,53.260000000000005,0.06722222222222224,0.09111111111111111,75.09777777777778,0.005555555555555555,0.029444444444444447,0.5944444444444444,0.010555555555555556,0.08777777777777779,0.1211111111111111,0.053888888888888875,0.0,0.41111111111111115
76,87,2009-03-06,11,1,2008-2009,Saldanha,Minas,0,0.3605555555555556,0.09666666666666668,0.19777777777777777,0.0661111111111111,0.14833333333333334,0.0488888888888889,0.09944444444444445,0.042777777777777776,0.08888888888888886,0.5322222222222223,0.03222222222222222,0.10055555555555555,31.84222222222222,0.09888888888888889,0.2038888888888889,49.906666666666666,0.0661111111111111,0.10444444444444444,63.96666666666666,0.017222222222222222,0.05166666666666667,0.5755555555555555,0.010555555555555558,0.10944444444444444,0.10111111111111112,0.08888888888888886,0.0,0.3133333333333333,0.42437500000000006,0.12187499999999998,0.22749999999999998,0.07500000000000001,0.181875,0.051875000000000004,0.13,0.08875,0.076875,1.1875,0.040625,0.10687500000000001,39.432500000000005,0.11374999999999999,0.20375000000000001,55.915000000000006,0.07500000000000001,0.10625,71.33749999999999,0.006875,0.03125,0.41000000000000003,0.009375000000000001,0.09999999999999999,0.11,0.076875,0.0,0.47124999999999995
76,78,2009-03-06,11,1,2008-2009,Araraquara,Joinville,0,0.3716666666666667,0.13666666666666666,0.16999999999999998,0.065,0.15111111111111108,0.03333333333333333,0.11777777777777779,0.07500000000000001,0.0788888888888889,1.0388888888888888,0.04555555555555555,0.13555555555555554,33.68222222222222,0.08499999999999999,0.16333333333333333,51.86555555555555,0.065,0.095,67.47333333333333,0.007222222222222221,0.03944444444444445,0.5044444444444445,0.02555555555555555,0.1022222222222222,0.2611111111111111,0.0788888888888889,0.0,0.38555555555555554,0.415,0.145,0.2033333333333333,0.06666666666666668,0.17777777777777778,0.04666666666666667,0.1311111111111111,0.08666666666666666,0.07500000000000001,1.1822222222222223,0.04833333333333333,0.13166666666666668,36.693333333333335,0.10166666666666666,0.18611111111111112,54.275555555555556,0.06666666666666668,0.09777777777777778,68.48111111111112,0.007222222222222223,0.04000000000000001,0.5744444444444445,0.017222222222222226,0.09388888888888887,0.2022222222222222,0.07500000000000001,0.0,0.4627777777777778
97,65,2009-03-06,11,1,2008-2009,Sesi Franca,Lajeado,1,0.4044444444444444,0.10333333333333333,0.22,0.08111111111111113,0.1633333333333333,0.05,0.11333333333333334,0.07166666666666667,0.05777777777777778,1.2544444444444443,0.03444444444444445,0.11,31.214444444444446,0.11,0.22611111111111112,49.21666666666667,0.08111111111111113,0.11500000000000002,70.39444444444445,0.005000000000000001,0.04333333333333334,0.7611111111111111,0.012777777777777779,0.09888888888888889,0.14444444444444443,0.05777777777777778,0.0,0.4122222222222222,0.3711111111111111,0.08166666666666668,0.2022222222222222,0.0872222222222222,0.15388888888888888,0.05444444444444444,0.09944444444444445,0.052222222222222225,0.0772222222222222,0.6811111111111111,0.027222222222222224,0.10222222222222221,26.71888888888889,0.1011111111111111,0.20888888888888887,48.71888888888888,0.0872222222222222,0.12722222222222224,68.62777777777777,0.0011111111111111111,0.04555555555555555,0.6477777777777778,0.007222222222222223,0.1061111111111111,0.07222222222222223,0.0772222222222222,0.0,0.33
63,74,2009-03-06,11,1,2008-2009,Espírito Santo,Flamengo,0,0.37833333333333335,0.09166666666666666,0.20777777777777773,0.07888888888888887,0.1311111111111111,0.03888888888888889,0.09222222222222223,0.049444444444444444,0.05666666666666667,0.9588888888888888,0.030555555555555558,0.10777777777777778,27.956666666666667,0.10388888888888886,0.19166666666666668,55.03888888888889,0.07888888888888887,0.125,64.37666666666665,0.0033333333333333335,0.048888888888888885,0.8877777777777778,0.006111111111111112,0.11055555555555555,0.05888888888888889,0.05666666666666667,0.0,0.34611111111111115,0.5005555555555555,0.17666666666666667,0.24555555555555555,0.07833333333333332,0.1527777777777778,0.045000000000000005,0.10777777777777778,0.09055555555555556,0.06555555555555556,1.5066666666666668,0.05888888888888889,0.12277777777777778,48.55555555555556,0.12277777777777778,0.2088888888888889,58.42444444444444,0.07833333333333332,0.09888888888888887,78.16888888888889,0.010000000000000002,0.03833333333333333,0.6255555555555555,0.006666666666666667,0.09388888888888888,0.06777777777777777,0.06555555555555556,0.0,0.5527777777777778
72,83,2009-03-11,12,1,2008-2009,Lajeado,Assis,0,0.3665,0.07950000000000002,0.19899999999999998,0.08799999999999998,0.149,0.05450000000000001,0.0945,0.051500000000000004,0.07999999999999999,0.6559999999999999,0.026500000000000003,0.101,26.269000000000005,0.09949999999999999,0.20299999999999999,49.513999999999996,0.08799999999999998,0.1265,69.68199999999999,0.001,0.044,0.612,0.007000000000000001,0.10600000000000001,0.07,0.07999999999999999,0.0,0.3215,0.3905555555555556,0.11833333333333333,0.17444444444444446,0.09777777777777777,0.14833333333333332,0.042222222222222223,0.1061111111111111,0.05444444444444444,0.061666666666666675,1.1077777777777778,0.03944444444444445,0.10666666666666667,36.955555555555556,0.08722222222222223,0.165,52.754444444444445,0.09777777777777777,0.13722222222222225,72.14222222222222,0.005,0.035,0.6011111111111112,0.016111111111111114,0.09833333333333333,0.16444444444444448,0.061666666666666675,0.0,0.3983333333333333
68,57,2009-03-11,12,1,2008-2009,Joinville,Bauru Basket,1,0.4125,0.1455,0.19899999999999998,0.068,0.17950000000000002,0.0465,0.13299999999999998,0.088,0.075,1.197,0.0485,0.132,36.728,0.09949999999999999,0.1845,53.553999999999995,0.068,0.101,67.787,0.008,0.04000000000000001,0.5700000000000001,0.016500000000000004,0.09249999999999999,0.19499999999999998,0.075,0.0,0.45999999999999996,0.39299999999999996,0.129,0.19699999999999998,0.06700000000000002,0.1405,0.03450000000000001,0.10600000000000001,0.06399999999999999,0.05749999999999998,1.317,0.043,0.1075,38.789,0.09849999999999999,0.1875,52.782000000000004,0.06700000000000002,0.094,73.005,0.004999999999999999,0.028000000000000004,0.5519999999999999,0.010499999999999999,0.088,0.12,0.05749999999999998,0.0,0.398
107,83,2009-03-11,12,1,2008-2009,Sesi Franca,Pinheiros,1,0.4185,0.1065,0.22999999999999998,0.08200000000000002,0.15949999999999998,0.049,0.1105,0.0785,0.05750000000000001,1.384,0.035500000000000004,0.10800000000000001,33.093,0.11499999999999999,0.2265,51.251999999999995,0.08200000000000002,0.11700000000000002,70.02199999999999,0.005,0.044000000000000004,0.776,0.012,0.10200000000000001,0.13399999999999998,0.05750000000000001,0.0,0.43600000000000005,0.4225,0.14250000000000002,0.186,0.094,0.15799999999999997,0.045,0.11299999999999999,0.07100000000000002,0.0625,1.168,0.0475,0.12249999999999998,38.665,0.093,0.1775,53.003,0.094,0.1275,74.59700000000001,0.009999999999999998,0.027500000000000004,0.48200000000000004,0.008,0.09499999999999999,0.087,0.0625,0.0,0.43149999999999994
77,82,2009-03-11,12,1,2008-2009,Araraquara,Paulistano,0,0.3725,0.135,0.172,0.0655,0.1535,0.033999999999999996,0.11950000000000001,0.07450000000000001,0.077,1.052,0.045,0.13399999999999998,33.647,0.086,0.16599999999999998,51.678999999999995,0.0655,0.097,66.813,0.007499999999999998,0.0395,0.521,0.026999999999999996,0.10399999999999998,0.268,0.077,0.0,0.38949999999999996,0.36849999999999994,0.10049999999999999,0.193,0.075,0.15499999999999997,0.05500000000000001,0.1,0.073,0.08449999999999999,0.9790000000000001,0.03350000000000001,0.10999999999999999,30.752000000000002,0.0965,0.17950000000000005,53.738,0.075,0.10800000000000001,68.647,0.004999999999999999,0.038500000000000006,0.4680000000000001,0.015,0.1115,0.135,0.08449999999999999,0.0,0.373
93,89,2009-03-11,12,1,2008-2009,Espírito Santo,Coop/São José Basketball,1,0.372,0.09,0.205,0.07699999999999999,0.1325,0.037500000000000006,0.095,0.0485,0.05700000000000001,0.9299999999999999,0.030000000000000006,0.1075,27.542,0.1025,0.187,55.742000000000004,0.07699999999999999,0.119,67.16999999999999,0.003,0.0445,0.807,0.006,0.11299999999999999,0.05700000000000001,0.05700000000000001,0.0,0.3425,0.39349999999999996,0.138,0.177,0.0785,0.13,0.039,0.091,0.06999999999999999,0.0705,1.032,0.046,0.13399999999999998,34.88,0.0885,0.18,49.111000000000004,0.0785,0.10550000000000001,74.467,0.0015,0.0355,0.506,0.012,0.11299999999999999,0.10700000000000001,0.0705,0.0,0.364
76,86,2009-03-11,12,1,2008-2009,Saldanha,Limeira,0,0.3625,0.099,0.198,0.0655,0.14800000000000002,0.0495,0.0985,0.043,0.08749999999999998,0.5389999999999999,0.032999999999999995,0.09999999999999999,32.869,0.099,0.20350000000000001,49.916000000000004,0.0655,0.10600000000000001,62.56999999999999,0.0165,0.05100000000000001,0.578,0.0105,0.1105,0.099,0.08749999999999998,0.0,0.3155,0.42699999999999994,0.141,0.18,0.10599999999999998,0.153,0.036,0.11699999999999999,0.08049999999999999,0.08050000000000002,1.1700000000000002,0.04699999999999999,0.1285,36.811,0.09,0.17900000000000002,50.866,0.10599999999999998,0.135,79.14999999999999,0.0125,0.042,0.624,0.023999999999999997,0.1095,0.215,0.08050000000000002,0.0,0.4465
81,89,2009-03-13,12,1,2008-2009,Minas,Brasília,0,0.42555555555555563,0.11499999999999999,0.23444444444444443,0.07611111111111112,0.17777777777777778,0.052777777777777785,0.125,0.08444444444444445,0.07500000000000001,1.1477777777777778,0.03833333333333334,0.10611111111111111,37.27333333333334,0.11722222222222221,0.2038888888888889,57.56111111111112,0.07611111111111112,0.10888888888888888,70.67555555555555,0.007222222222222223,0.03333333333333333,0.4566666666666667,0.010555555555555558,0.09833333333333333,0.12444444444444445,0.07500000000000001,0.0,0.4694444444444444,0.438,0.11099999999999999,0.24100000000000002,0.086,0.1855,0.0485,0.137,0.08149999999999999,0.0855,1.044,0.037000000000000005,0.10400000000000001,35.04600000000001,0.12050000000000001,0.2,60.58299999999999,0.086,0.118,73.651,0.0105,0.035,0.449,0.022,0.11200000000000002,0.20400000000000001,0.0855,0.0,0.49799999999999994
72,80,2009-03-13,13,1,2008-2009,Lajeado,Bauru Basket,0,0.3640909090909091,0.0790909090909091,0.19818181818181815,0.0868181818181818,0.14727272727272728,0.05318181818181819,0.0940909090909091,0.05090909090909091,0.07818181818181817,0.6645454545454546,0.026363636363636367,0.09863636363636363,26.910909090909094,0.09909090909090908,0.20227272727272724,49.44181818181817,0.0868181818181818,0.12500000000000003,69.54545454545452,0.0009090909090909091,0.04409090909090908,0.6245454545454545,0.006363636363636364,0.10545454545454547,0.06363636363636364,0.07818181818181817,0.0,0.3209090909090909,0.3831818181818182,0.12409090909090909,0.19545454545454544,0.06363636363636366,0.14136363636363636,0.035,0.10636363636363638,0.06272727272727273,0.060454545454545434,1.2481818181818183,0.04136363636363636,0.11136363636363635,36.77818181818182,0.09772727272727272,0.18500000000000003,53.09727272727273,0.06363636363636366,0.08863636363636364,74.16,0.004545454545454545,0.02863636363636364,0.5372727272727272,0.010454545454545454,0.08727272727272727,0.12090909090909091,0.060454545454545434,0.0,0.3836363636363637
87,70,2009-03-13,13,1,2008-2009,Sesi Franca,Paulistano,1,0.42999999999999994,0.11318181818181818,0.23545454545454544,0.08136363636363637,0.1636363636363636,0.05,0.11363636363636363,0.08227272727272728,0.05636363636363637,1.5009090909090907,0.03772727272727273,0.10909090909090911,34.63,0.11772727272727272,0.23181818181818184,51.21818181818182,0.08136363636363637,0.115,70.83363636363636,0.005909090909090909,0.04363636363636364,0.7863636363636364,0.011818181818181818,0.10681818181818183,0.12727272727272726,0.05636363636363637,0.0,0.455909090909091,0.37227272727272726,0.10772727272727271,0.19272727272727275,0.07181818181818182,0.15545454545454543,0.05590909090909091,0.09954545454545455,0.07454545454545454,0.08363636363636362,0.9990909090909091,0.03590909090909092,0.11318181818181818,31.718181818181822,0.09636363636363637,0.17954545454545456,53.65090909090909,0.07181818181818182,0.10545454545454547,66.95181818181818,0.004545454545454545,0.04000000000000001,0.4918181818181818,0.014999999999999998,0.11227272727272726,0.13454545454545455,0.08363636363636362,0.0,0.3795454545454545
75,84,2009-03-13,13,1,2008-2009,Araraquara,Pinheiros,0,0.37363636363636366,0.1322727272727273,0.1718181818181818,0.06954545454545455,0.15318181818181817,0.03454545454545454,0.11863636363636365,0.07772727272727274,0.07772727272727273,1.0736363636363635,0.04409090909090909,0.13318181818181818,33.13363636363636,0.0859090909090909,0.16227272727272726,53.16272727272727,0.06954545454545455,0.10136363636363636,67.63545454545455,0.00818181818181818,0.03772727272727273,0.4954545454545455,0.025909090909090906,0.10318181818181817,0.25818181818181823,0.07772727272727273,0.0,0.39318181818181813,0.4218181818181818,0.1431818181818182,0.18272727272727274,0.09590909090909093,0.15863636363636363,0.045909090909090906,0.11272727272727273,0.06863636363636366,0.06181818181818182,1.1363636363636365,0.04772727272727273,0.12454545454545453,38.28454545454545,0.09136363636363637,0.17545454545454545,52.58363636363636,0.09590909090909093,0.13227272727272726,73.62363636363638,0.009545454545454544,0.02727272727272728,0.4790909090909091,0.008636363636363636,0.09272727272727271,0.09818181818181819,0.06181818181818182,0.0,0.42590909090909085
69,71,2009-03-13,13,1,2008-2009,Espírito Santo,Limeira,0,0.3804545454545455,0.09818181818181816,0.20545454545454545,0.0768181818181818,0.13545454545454547,0.03590909090909092,0.09954545454545455,0.05818181818181818,0.05727272727272728,1.0799999999999998,0.03272727272727273,0.11,29.078181818181818,0.10272727272727272,0.1859090909090909,56.12909090909091,0.0768181818181818,0.11772727272727272,67.55727272727272,0.0027272727272727275,0.04318181818181818,0.7790909090909092,0.006363636363636364,0.11454545454545452,0.05909090909090909,0.05727272727272728,0.0,0.36500000000000005,0.4272727272727272,0.13909090909090907,0.18636363636363634,0.10181818181818181,0.15045454545454545,0.03681818181818181,0.11363636363636363,0.08045454545454545,0.08363636363636365,1.1272727272727272,0.04636363636363636,0.12454545454545456,37.74272727272727,0.09318181818181817,0.1790909090909091,52.554545454545455,0.10181818181818181,0.13090909090909092,78.01545454545453,0.013636363636363636,0.045909090909090906,0.6345454545454546,0.02454545454545454,0.105,0.2409090909090909,0.08363636363636365,0.0,0.4518181818181818
82,75,2009-03-13,13,1,2008-2009,Saldanha,Coop/São José Basketball,1,0.3640909090909091,0.105,0.19727272727272727,0.06181818181818182,0.14590909090909093,0.04863636363636364,0.09727272727272727,0.04318181818181818,0.09136363636363636,0.5218181818181817,0.034999999999999996,0.10272727272727272,33.72727272727273,0.09863636363636363,0.2,50.61272727272728,0.06181818181818182,0.1,62.563636363636355,0.015454545454545455,0.05227272727272729,0.5709090909090908,0.009545454545454546,0.10863636363636364,0.09000000000000001,0.09136363636363636,0.0,0.31636363636363635,0.3981818181818182,0.1390909090909091,0.1781818181818182,0.08090909090909092,0.1281818181818182,0.03863636363636364,0.08954545454545454,0.07181818181818181,0.06909090909090909,1.0872727272727274,0.046363636363636364,0.13409090909090907,35.07636363636364,0.0890909090909091,0.17863636363636362,49.88090909090909,0.08090909090909092,0.11000000000000001,73.85545454545455,0.0013636363636363635,0.03727272727272727,0.5509090909090909,0.010909090909090908,0.11272727272727273,0.09727272727272727,0.06909090909090909,0.0,0.3709090909090909
82,64,2009-03-14,13,1,2008-2009,Joinville,Assis,1,0.4059090909090909,0.14318181818181816,0.19636363636363632,0.06636363636363637,0.18090909090909094,0.04681818181818182,0.13409090909090907,0.08545454545454545,0.07636363636363636,1.1490909090909092,0.04772727272727273,0.13136363636363638,36.298181818181824,0.09818181818181816,0.18409090909090908,52.97818181818182,0.06636363636363637,0.0990909090909091,67.30636363636364,0.007727272727272728,0.04272727272727273,0.5890909090909092,0.015909090909090914,0.09136363636363636,0.18909090909090906,0.07636363636363636,0.0,0.4522727272727272,0.39300000000000007,0.123,0.165,0.10499999999999998,0.143,0.0395,0.1035,0.054000000000000006,0.06200000000000001,1.074,0.041,0.11000000000000001,37.18900000000001,0.0825,0.15550000000000003,53.193000000000005,0.10499999999999998,0.14400000000000002,73.221,0.0045,0.035500000000000004,0.603,0.015500000000000003,0.09849999999999999,0.15800000000000003,0.06200000000000001,0.0,0.398
78,82,2009-03-15,13,1,2008-2009,Flamengo,Brasília,0,0.4875,0.165,0.24,0.08249999999999999,0.1525,0.0455,0.10700000000000001,0.089,0.06250000000000001,1.57,0.05500000000000001,0.12150000000000001,45.518,0.12,0.20400000000000001,58.519999999999996,0.08249999999999999,0.1055,77.625,0.011500000000000002,0.039999999999999994,0.72,0.006,0.0945,0.061,0.06250000000000001,0.0,0.539,0.43863636363636366,0.11318181818181818,0.2381818181818182,0.08727272727272727,0.18545454545454546,0.049090909090909095,0.13636363636363635,0.08136363636363636,0.085,1.04,0.03772727272727273,0.10636363636363635,35.00727272727273,0.1190909090909091,0.20227272727272727,59.318181818181806,0.08727272727272727,0.11863636363636364,74.22818181818182,0.010454545454545454,0.03636363636363637,0.46545454545454545,0.021363636363636362,0.11181818181818183,0.1981818181818182,0.085,0.0,0.49499999999999994
100,83,2009-03-18,14,1,2008-2009,Flamengo,Araraquara,1,0.4786363636363636,0.16363636363636364,0.23090909090909092,0.08409090909090909,0.15318181818181817,0.046363636363636364,0.10681818181818183,0.08772727272727271,0.06590909090909092,1.4954545454545458,0.05454545454545456,0.12272727272727274,44.74727272727273,0.11545454545454546,0.2009090909090909,56.94363636363635,0.08409090909090909,0.10863636363636363,77.06181818181818,0.010909090909090912,0.039090909090909086,0.6818181818181818,0.006363636363636364,0.09818181818181819,0.061818181818181814,0.06590909090909092,0.0,0.520909090909091,0.37375,0.13,0.17666666666666664,0.06708333333333334,0.15083333333333332,0.03458333333333333,0.11625000000000002,0.08083333333333334,0.07583333333333334,1.1583333333333332,0.043333333333333335,0.13041666666666665,33.28916666666667,0.08833333333333332,0.165,53.64666666666667,0.06708333333333334,0.09749999999999999,68.06,0.009999999999999998,0.037500000000000006,0.5075,0.024166666666666666,0.10208333333333332,0.2416666666666667,0.07583333333333334,0.0,0.3970833333333333
79,88,2009-03-18,14,1,2008-2009,Brasília,Joinville,0,0.43625,0.11125,0.2325,0.09249999999999999,0.1825,0.04833333333333334,0.13416666666666668,0.07958333333333333,0.08375,1.0250000000000001,0.037083333333333336,0.1075,34.17333333333334,0.11625,0.19999999999999998,58.42249999999999,0.09249999999999999,0.12374999999999999,74.98666666666666,0.009583333333333334,0.03833333333333334,0.49833333333333335,0.022083333333333333,0.11333333333333336,0.20083333333333334,0.08375,0.0,0.48958333333333326,0.40625,0.1425,0.1958333333333333,0.06791666666666667,0.17958333333333334,0.04708333333333334,0.13249999999999998,0.08583333333333333,0.075,1.1783333333333335,0.04750000000000001,0.12875,37.02333333333333,0.09791666666666665,0.18541666666666667,52.52166666666667,0.06791666666666667,0.10000000000000002,68.13666666666667,0.008333333333333333,0.04375000000000001,0.6166666666666668,0.016250000000000004,0.09291666666666666,0.18833333333333332,0.075,0.0,0.4558333333333333
95,79,2009-03-18,14,1,2008-2009,Minas,Sesi Franca,1,0.42350000000000004,0.1095,0.233,0.081,0.17650000000000002,0.052000000000000005,0.12450000000000001,0.0795,0.076,1.074,0.036500000000000005,0.10350000000000001,36.04600000000001,0.1165,0.20650000000000004,56.58800000000001,0.081,0.1145,71.184,0.007000000000000001,0.033999999999999996,0.458,0.0125,0.09949999999999999,0.139,0.076,0.0,0.45949999999999996,0.43166666666666664,0.11374999999999998,0.23416666666666666,0.08375,0.16166666666666665,0.04791666666666667,0.11375,0.085,0.058750000000000004,1.4883333333333333,0.03791666666666667,0.11041666666666668,34.410833333333336,0.11708333333333333,0.22583333333333336,52.67916666666667,0.08375,0.11708333333333336,71.47833333333334,0.005833333333333334,0.043750000000000004,0.765,0.011250000000000001,0.10708333333333335,0.12083333333333333,0.058750000000000004,0.0,0.46
63,68,2009-03-18,14,1,2008-2009,Assis,Espírito Santo,0,0.38636363636363646,0.12000000000000001,0.16545454545454547,0.10090909090909089,0.14181818181818182,0.03909090909090909,0.10272727272727272,0.052272727272727276,0.06454545454545456,1.011818181818182,0.04000000000000001,0.11045454545454546,36.18,0.08272727272727273,0.15454545454545457,53.686363636363645,0.10090909090909089,0.1422727272727273,70.92818181818183,0.005,0.03681818181818182,0.5990909090909091,0.014545454545454549,0.09727272727272726,0.14909090909090914,0.06454545454545456,0.0,0.3836363636363636,0.3775,0.09874999999999999,0.20333333333333334,0.07541666666666665,0.13749999999999998,0.037500000000000006,0.09999999999999999,0.05791666666666667,0.055000000000000014,1.1424999999999998,0.03291666666666667,0.11083333333333334,29.085833333333337,0.10166666666666667,0.18666666666666665,55.29750000000001,0.07541666666666665,0.11499999999999999,67.80999999999999,0.0025,0.04041666666666666,0.7416666666666667,0.007500000000000001,0.11291666666666665,0.07166666666666667,0.055000000000000014,0.0,0.36333333333333334
92,76,2009-03-18,14,1,2008-2009,Bauru Basket,Saldanha,1,0.38458333333333333,0.12374999999999999,0.19499999999999998,0.06583333333333334,0.13999999999999999,0.035,0.10500000000000002,0.06125,0.05874999999999999,1.2383333333333333,0.041249999999999995,0.11166666666666665,36.61166666666667,0.09749999999999999,0.1825,53.78,0.06583333333333334,0.08875000000000001,76.31333333333333,0.0045833333333333325,0.027500000000000007,0.5241666666666666,0.011249999999999998,0.08750000000000001,0.12916666666666668,0.05874999999999999,0.0,0.3875,0.36791666666666667,0.10625,0.20083333333333334,0.06083333333333334,0.14708333333333334,0.04833333333333334,0.09875,0.04624999999999999,0.08916666666666666,0.5808333333333332,0.03541666666666666,0.10375,33.815,0.10041666666666667,0.19833333333333336,51.95083333333333,0.06083333333333334,0.10041666666666667,61.31833333333333,0.016666666666666666,0.04958333333333335,0.5491666666666666,0.009166666666666668,0.11083333333333334,0.08583333333333333,0.08916666666666666,0.0,0.325
96,81,2009-03-18,14,1,2008-2009,Pinheiros,Limeira,1,0.42166666666666663,0.14750000000000002,0.18250000000000002,0.09166666666666667,0.15833333333333333,0.046250000000000006,0.11208333333333333,0.07208333333333335,0.06291666666666666,1.1641666666666668,0.04916666666666667,0.12749999999999997,38.48,0.09125000000000001,0.1725,53.55916666666666,0.09166666666666667,0.12708333333333333,72.84583333333335,0.01,0.02916666666666667,0.49500000000000005,0.009166666666666667,0.09041666666666665,0.10916666666666668,0.06291666666666666,0.0,0.43249999999999994,0.42124999999999996,0.13749999999999998,0.18666666666666665,0.09708333333333331,0.15041666666666667,0.03708333333333333,0.11333333333333334,0.08041666666666665,0.08000000000000002,1.2,0.04583333333333333,0.12333333333333335,37.627500000000005,0.09333333333333332,0.18041666666666667,52.23500000000001,0.09708333333333331,0.12583333333333335,76.87166666666666,0.012499999999999999,0.0425,0.5925,0.024999999999999994,0.105,0.245,0.08000000000000002,0.0,0.44625
82,63,2009-03-18,14,1,2008-2009,Paulistano,Coop/São José Basketball,1,0.3704166666666666,0.10749999999999998,0.1925,0.07041666666666667,0.15624999999999997,0.05583333333333334,0.10041666666666667,0.07333333333333332,0.08291666666666665,0.9825,0.035833333333333335,0.11541666666666665,31.158333333333335,0.09625,0.17958333333333334,53.578333333333326,0.07041666666666667,0.10208333333333335,68.42416666666666,0.0045833333333333325,0.04083333333333334,0.5066666666666667,0.014166666666666666,0.11416666666666665,0.12666666666666668,0.08291666666666665,0.0,0.37749999999999995,0.39625,0.13625,0.18000000000000002,0.08,0.12750000000000003,0.03916666666666667,0.08833333333333332,0.07083333333333332,0.06708333333333334,1.1075000000000002,0.04541666666666667,0.13333333333333333,34.48666666666667,0.09000000000000001,0.1775,50.775000000000006,0.08,0.1125,71.86749999999999,0.0016666666666666668,0.03666666666666666,0.5608333333333333,0.011250000000000001,0.11291666666666667,0.10000000000000002,0.06708333333333334,0.0,0.3675
93,75,2009-03-20,15,1,2008-2009,Flamengo,Sesi Franca,1,0.48041666666666666,0.16125,0.23083333333333333,0.08833333333333333,0.15708333333333332,0.04708333333333334,0.11,0.08666666666666666,0.06708333333333334,1.449166666666667,0.05375000000000001,0.12291666666666667,44.01833333333334,0.11541666666666667,0.20125,56.87333333333333,0.08833333333333333,0.11374999999999998,77.25750000000001,0.010000000000000002,0.04249999999999999,0.7083333333333334,0.007083333333333334,0.10000000000000002,0.06749999999999999,0.06708333333333334,0.0,0.52625,0.4296153846153846,0.11307692307692306,0.2330769230769231,0.08346153846153848,0.16115384615384615,0.04846153846153847,0.1126923076923077,0.08423076923076923,0.058846153846153854,1.47,0.03769230769230769,0.10923076923076924,34.597692307692306,0.11653846153846155,0.2257692307692308,52.387692307692305,0.08346153846153848,0.11615384615384618,71.84076923076924,0.006153846153846154,0.04307692307692308,0.7507692307692307,0.012307692307692308,0.1053846153846154,0.13384615384615384,0.058846153846153854,0.0,0.4580769230769231
85,64,2009-03-20,15,1,2008-2009,Brasília,Lajeado,1,0.43307692307692314,0.11192307692307693,0.2276923076923077,0.09346153846153846,0.17807692307692308,0.04576923076923078,0.13230769230769232,0.07846153846153844,0.08153846153846155,1.036923076923077,0.03730769230769231,0.10807692307692308,34.22,0.11384615384615385,0.19769230769230767,57.77461538461538,0.09346153846153846,0.125,74.98769230769231,0.010384615384615384,0.03730769230769231,0.4946153846153847,0.021923076923076927,0.11346153846153849,0.19846153846153847,0.08153846153846155,0.0,0.4811538461538461,0.36375,0.07875,0.19916666666666663,0.08583333333333332,0.14375000000000002,0.05208333333333334,0.09166666666666667,0.04875000000000001,0.07458333333333332,0.6683333333333333,0.026250000000000006,0.09749999999999999,27.119166666666672,0.09958333333333332,0.20333333333333328,49.39166666666666,0.08583333333333332,0.12208333333333336,70.69416666666665,0.00125,0.04291666666666666,0.6441666666666667,0.005833333333333334,0.10375000000000001,0.05833333333333334,0.07458333333333332,0.0,0.31916666666666665
86,74,2009-03-20,15,1,2008-2009,Minas,Araraquara,1,0.42818181818181816,0.11045454545454544,0.2381818181818182,0.07954545454545454,0.1781818181818182,0.054090909090909085,0.12409090909090911,0.08181818181818182,0.0740909090909091,1.1500000000000001,0.03681818181818182,0.10318181818181821,36.405454545454546,0.1190909090909091,0.2113636363636364,56.51363636363637,0.07954545454545454,0.11181818181818182,71.66454545454545,0.007272727272727273,0.03363636363636364,0.46636363636363637,0.014090909090909091,0.09818181818181816,0.1581818181818182,0.0740909090909091,0.0,0.4709090909090909,0.37692307692307697,0.13038461538461538,0.17769230769230765,0.06884615384615385,0.14999999999999997,0.034230769230769224,0.11576923076923079,0.08230769230769232,0.0776923076923077,1.146153846153846,0.04346153846153847,0.13038461538461538,33.39153846153846,0.08884615384615382,0.16692307692307692,53.36615384615384,0.06884615384615385,0.10115384615384615,67.59923076923077,0.010384615384615383,0.0376923076923077,0.49923076923076926,0.022692307692307692,0.10538461538461538,0.2253846153846154,0.0776923076923077,0.0,0.3946153846153846
93,73,2009-03-20,15,1,2008-2009,Assis,Saldanha,1,0.3804166666666668,0.11625,0.16333333333333333,0.10083333333333333,0.1425,0.03833333333333334,0.10416666666666667,0.05291666666666667,0.06291666666666668,1.0383333333333333,0.03875000000000001,0.1125,34.708333333333336,0.08166666666666667,0.15375000000000003,53.23583333333334,0.10083333333333333,0.14125000000000001,71.4275,0.004583333333333333,0.0375,0.6325,0.015000000000000001,0.09749999999999999,0.15333333333333335,0.06291666666666668,0.0,0.37916666666666665,0.3688461538461538,0.10730769230769231,0.2,0.06153846153846154,0.1473076923076923,0.04923076923076924,0.09807692307692309,0.04730769230769231,0.08884615384615382,0.5907692307692307,0.03576923076923076,0.10576923076923077,33.58076923076923,0.1,0.19730769230769235,51.90461538461538,0.06153846153846154,0.10038461538461539,61.98615384615384,0.016923076923076923,0.05000000000000002,0.5569230769230769,0.008846153846153847,0.11076923076923079,0.08307692307692308,0.08884615384615382,0.0,0.3273076923076923
77,74,2009-03-20,15,1,2008-2009,Bauru Basket,Espírito Santo,1,0.3903846153846154,0.1223076923076923,0.1992307692307692,0.06884615384615386,0.14307692307692307,0.036153846153846154,0.10692307692307693,0.06269230769230769,0.06038461538461537,1.22,0.040769230769230766,0.11153846153846153,36.24307692307693,0.0996153846153846,0.1823076923076923,54.98461538461538,0.06884615384615386,0.09192307692307694,76.65615384615384,0.005384615384615384,0.029230769230769234,0.5323076923076923,0.011538461538461536,0.08769230769230771,0.1323076923076923,0.06038461538461537,0.0,0.4,0.37461538461538463,0.09923076923076922,0.20153846153846156,0.07384615384615384,0.1373076923076923,0.03692307692307693,0.10038461538461538,0.0576923076923077,0.05576923076923078,1.1199999999999999,0.03307692307692308,0.10846153846153847,30.213846153846156,0.10076923076923078,0.18576923076923074,55.0,0.07384615384615384,0.11346153846153845,67.04692307692306,0.002307692307692308,0.03884615384615385,0.7084615384615385,0.006923076923076924,0.11230769230769229,0.06615384615384615,0.05576923076923078,0.0,0.35961538461538467
92,86,2009-03-20,15,1,2008-2009,Pinheiros,Coop/São José Basketball,1,0.4261538461538461,0.14884615384615388,0.18538461538461543,0.09192307692307693,0.1596153846153846,0.04615384615384616,0.11346153846153847,0.07346153846153848,0.06346153846153846,1.173846153846154,0.049615384615384624,0.12653846153846152,39.199230769230766,0.09269230769230771,0.17307692307692307,54.13999999999999,0.09192307692307693,0.12653846153846154,73.3323076923077,0.010769230769230769,0.031153846153846157,0.5176923076923077,0.008846153846153847,0.09076923076923074,0.10461538461538462,0.06346153846153846,0.0,0.44384615384615383,0.39,0.1326923076923077,0.18076923076923077,0.07653846153846154,0.13384615384615386,0.041923076923076924,0.09192307692307691,0.06999999999999999,0.06923076923076923,1.070769230769231,0.04423076923076923,0.13076923076923078,34.14153846153847,0.09038461538461538,0.18153846153846154,50.04615384615385,0.07653846153846154,0.10923076923076924,70.1853846153846,0.0015384615384615385,0.037692307692307685,0.5584615384615385,0.012692307692307694,0.10961538461538461,0.1253846153846154,0.06923076923076923,0.0,0.3646153846153846
78,99,2009-03-20,15,1,2008-2009,Paulistano,Limeira,0,0.3734615384615384,0.10615384615384614,0.19846153846153847,0.06884615384615386,0.16076923076923075,0.058076923076923075,0.1026923076923077,0.07499999999999998,0.08153846153846153,1.0192307692307692,0.03538461538461539,0.11653846153846151,30.536923076923078,0.09923076923076923,0.18500000000000003,53.61076923076923,0.06884615384615386,0.10038461538461539,67.96846153846154,0.004615384615384615,0.041923076923076924,0.533076923076923,0.01423076923076923,0.11076923076923076,0.13307692307692306,0.08153846153846153,0.0,0.3853846153846154,0.42,0.13846153846153844,0.18615384615384614,0.09538461538461537,0.14807692307692305,0.036538461538461534,0.11153846153846156,0.07999999999999999,0.08076923076923079,1.1715384615384616,0.04615384615384615,0.12423076923076924,37.582307692307694,0.09307692307692307,0.17923076923076925,52.41307692307692,0.09538461538461537,0.12346153846153848,77.03153846153845,0.011923076923076923,0.04153846153846154,0.5723076923076923,0.024615384615384612,0.10653846153846154,0.23846153846153847,0.08076923076923079,0.0,0.4411538461538461
88,67,2009-03-23,2,2,2008-2009,Sesi Franca,Espírito Santo,1,0.42642857142857143,0.10928571428571428,0.23500000000000001,0.08214285714285716,0.1625,0.05000000000000001,0.11250000000000002,0.08499999999999999,0.06250000000000001,1.4264285714285714,0.03642857142857143,0.10892857142857144,33.48714285714286,0.11750000000000001,0.22642857142857145,52.597142857142856,0.08214285714285716,0.11357142857142859,72.51285714285714,0.005714285714285714,0.044642857142857144,0.7392857142857142,0.011785714285714287,0.10535714285714286,0.12785714285714286,0.06250000000000001,0.0,0.455,0.3742857142857143,0.10071428571428569,0.20142857142857146,0.07214285714285713,0.13499999999999998,0.035357142857142865,0.09964285714285714,0.05535714285714287,0.05642857142857143,1.0671428571428572,0.03357142857142857,0.10678571428571429,31.41714285714286,0.10071428571428573,0.18285714285714283,55.99785714285714,0.07214285714285713,0.11142857142857142,66.45928571428571,0.002142857142857143,0.03678571428571429,0.6685714285714287,0.006428571428571429,0.1107142857142857,0.06142857142857143,0.05642857142857143,0.0,0.3567857142857144
86,81,2009-03-25,1,2,2008-2009,Flamengo,Pinheiros,1,0.4792307692307692,0.16153846153846155,0.23153846153846153,0.08615384615384616,0.15615384615384614,0.04615384615384616,0.11000000000000001,0.09,0.06923076923076923,1.4430769230769234,0.05384615384615386,0.12230769230769231,44.31153846153847,0.11576923076923076,0.20076923076923076,57.232307692307685,0.08615384615384616,0.11192307692307692,76.44307692307692,0.011153846153846155,0.045769230769230757,0.7223076923076923,0.006538461538461539,0.09884615384615386,0.0623076923076923,0.06923076923076923,0.0,0.5292307692307693,0.4285714285714285,0.14571428571428574,0.18785714285714292,0.095,0.16142857142857142,0.04607142857142858,0.11535714285714287,0.0735714285714286,0.06357142857142857,1.1721428571428572,0.048571428571428585,0.12428571428571426,39.03071428571428,0.09392857142857146,0.17464285714285713,54.30214285714285,0.095,0.13142857142857142,73.03928571428573,0.011428571428571427,0.031071428571428576,0.5135714285714286,0.009285714285714286,0.09035714285714283,0.11,0.06357142857142857,0.0,0.44749999999999995
83,76,2009-03-25,1,2,2008-2009,Lajeado,Coop/São José Basketball,1,0.3603846153846154,0.07846153846153846,0.19846153846153844,0.08346153846153845,0.1426923076923077,0.05153846153846155,0.09115384615384615,0.04923076923076924,0.07461538461538461,0.6730769230769231,0.02615384615384616,0.0973076923076923,27.057692307692314,0.09923076923076922,0.20615384615384613,48.636923076923075,0.08346153846153845,0.11769230769230771,71.7653846153846,0.0011538461538461537,0.04384615384615384,0.6507692307692309,0.00576923076923077,0.10500000000000001,0.05692307692307693,0.07461538461538461,0.0,0.315,0.39285714285714285,0.1317857142857143,0.18642857142857144,0.07464285714285714,0.13535714285714287,0.0425,0.09285714285714285,0.06999999999999999,0.06892857142857144,1.0714285714285716,0.043928571428571435,0.12999999999999998,34.08357142857143,0.09321428571428572,0.1839285714285714,50.79071428571429,0.07464285714285714,0.10678571428571429,69.9342857142857,0.0017857142857142859,0.03785714285714285,0.5628571428571428,0.011785714285714287,0.1125,0.11642857142857144,0.06892857142857144,0.0,0.37000000000000005
80,86,2009-03-25,1,2,2008-2009,Assis,Brasília,0,0.38692307692307704,0.1176923076923077,0.16846153846153847,0.10076923076923078,0.14615384615384613,0.03961538461538462,0.10653846153846154,0.05538461538461538,0.06384615384615386,1.0453846153846154,0.03923076923076924,0.11076923076923079,35.88461538461539,0.08423076923076923,0.1553846153846154,54.19538461538462,0.10076923076923078,0.1426923076923077,70.74076923076923,0.005384615384615385,0.036153846153846154,0.6046153846153846,0.016153846153846154,0.0973076923076923,0.16615384615384615,0.06384615384615386,0.0,0.3923076923076923,0.43250000000000005,0.11035714285714286,0.2285714285714286,0.09357142857142856,0.1775,0.04571428571428572,0.1317857142857143,0.07642857142857142,0.08142857142857143,1.007857142857143,0.03678571428571429,0.10785714285714286,33.816428571428574,0.1142857142857143,0.19535714285714284,58.84285714285714,0.09357142857142856,0.12571428571428572,74.65785714285714,0.010714285714285716,0.03892857142857143,0.5128571428571429,0.022500000000000003,0.1110714285714286,0.21142857142857144,0.08142857142857143,0.0,0.4821428571428571
96,83,2009-03-25,1,2,2008-2009,Minas,Paulistano,1,0.4283333333333333,0.10749999999999998,0.24250000000000002,0.07833333333333332,0.1791666666666667,0.05416666666666667,0.12500000000000003,0.08125,0.075,1.1275000000000002,0.035833333333333335,0.10083333333333334,36.149166666666666,0.12125000000000001,0.21541666666666667,56.451666666666675,0.07833333333333332,0.11041666666666666,71.39416666666666,0.0075,0.034999999999999996,0.4766666666666666,0.014583333333333332,0.09749999999999999,0.16333333333333336,0.075,0.0,0.47208333333333335,0.3746428571428571,0.10928571428571428,0.195,0.07035714285714287,0.15642857142857142,0.05535714285714286,0.10107142857142858,0.07392857142857143,0.08107142857142856,1.0035714285714286,0.036428571428571435,0.11607142857142856,31.60214285714286,0.0975,0.18392857142857144,52.93285714285714,0.07035714285714287,0.1017857142857143,68.4707142857143,0.004642857142857142,0.04,0.5092857142857142,0.013571428571428571,0.10964285714285714,0.12714285714285714,0.08107142857142856,0.0,0.37999999999999995
98,107,2009-03-25,1,2,2008-2009,Joinville,Limeira,0,0.40884615384615386,0.13961538461538459,0.1992307692307692,0.07,0.1780769230769231,0.04538461538461539,0.1326923076923077,0.08384615384615385,0.07307692307692307,1.18,0.04653846153846154,0.1257692307692308,37.16692307692308,0.0996153846153846,0.18576923076923077,53.339999999999996,0.07,0.10384615384615385,67.76692307692308,0.008461538461538461,0.04307692307692309,0.6230769230769232,0.015384615384615387,0.09384615384615384,0.17769230769230765,0.07307692307692307,0.0,0.4569230769230769,0.4253571428571429,0.14464285714285713,0.18714285714285714,0.09357142857142856,0.14607142857142857,0.03535714285714286,0.11071428571428574,0.08214285714285714,0.08071428571428574,1.1864285714285714,0.04821428571428571,0.1242857142857143,39.18357142857143,0.09357142857142857,0.17785714285714288,53.13357142857143,0.09357142857142856,0.12071428571428573,77.41142857142856,0.011785714285714287,0.04142857142857143,0.5671428571428572,0.02464285714285714,0.1075,0.23642857142857143,0.08071428571428574,0.0,0.4514285714285714
92,73,2009-03-25,1,2,2008-2009,Sesi Franca,Saldanha,1,0.42999999999999994,0.106,0.23666666666666666,0.08733333333333333,0.16299999999999998,0.05066666666666668,0.11233333333333335,0.08566666666666665,0.064,1.406,0.035333333333333335,0.10366666666666667,35.699333333333335,0.11833333333333333,0.22733333333333333,52.702,0.08733333333333333,0.11833333333333336,73.44466666666668,0.005666666666666667,0.04533333333333334,0.7333333333333333,0.011333333333333334,0.10633333333333335,0.12200000000000001,0.064,0.0,0.463,0.3685714285714286,0.10821428571428572,0.19714285714285715,0.06321428571428571,0.14714285714285716,0.049642857142857155,0.09750000000000002,0.0475,0.08678571428571427,0.6078571428571428,0.03607142857142857,0.105,34.19,0.09857142857142857,0.1967857142857143,51.205,0.06321428571428571,0.10321428571428573,61.894999999999996,0.017142857142857144,0.050000000000000024,0.5764285714285713,0.008571428571428574,0.11214285714285717,0.08,0.08678571428571427,0.0,0.32785714285714285
97,91,2009-03-25,1,2,2008-2009,Araraquara,Espírito Santo,1,0.37642857142857145,0.13071428571428573,0.17857142857142855,0.06714285714285714,0.14785714285714285,0.033928571428571426,0.11392857142857146,0.08071428571428572,0.07714285714285715,1.1257142857142857,0.04357142857142858,0.13035714285714284,33.479285714285716,0.08928571428571427,0.1692857142857143,52.94714285714286,0.06714285714285714,0.09964285714285714,66.78857142857143,0.009642857142857142,0.03678571428571429,0.4892857142857143,0.02214285714285714,0.10428571428571429,0.22142857142857145,0.07714285714285715,0.0,0.3875,0.3716666666666667,0.09999999999999999,0.198,0.07366666666666664,0.13266666666666665,0.03600000000000001,0.09666666666666666,0.054666666666666676,0.05733333333333334,1.0386666666666666,0.03333333333333333,0.10500000000000001,31.82266666666667,0.099,0.1833333333333333,54.896,0.07366666666666664,0.11199999999999997,67.30666666666666,0.0023333333333333335,0.037333333333333336,0.6666666666666667,0.006666666666666667,0.11066666666666666,0.06333333333333332,0.05733333333333334,0.0,0.35133333333333344
105,71,2009-03-27,2,2,2008-2009,Flamengo,Paulistano,1,0.47571428571428565,0.15964285714285717,0.2307142857142857,0.08535714285714287,0.15749999999999997,0.04607142857142858,0.11142857142857143,0.08892857142857143,0.07071428571428572,1.3992857142857145,0.05321428571428573,0.12250000000000001,43.71785714285715,0.11535714285714285,0.20035714285714284,57.173571428571414,0.08535714285714287,0.10999999999999999,77.28571428571429,0.011071428571428574,0.04499999999999999,0.6985714285714286,0.006428571428571429,0.09857142857142857,0.06142857142857143,0.07071428571428572,0.0,0.5239285714285715,0.3773333333333333,0.10699999999999998,0.19933333333333333,0.07100000000000001,0.157,0.05600000000000001,0.101,0.07233333333333333,0.08299999999999999,0.9666666666666667,0.03566666666666667,0.11499999999999999,31.162,0.09966666666666667,0.1876666666666667,53.015333333333324,0.07100000000000001,0.10266666666666668,68.54400000000001,0.004666666666666666,0.04100000000000001,0.5086666666666667,0.014333333333333333,0.11066666666666666,0.132,0.08299999999999999,0.0,0.37999999999999995
100,97,2009-03-27,2,2,2008-2009,Bauru Basket,Brasília,1,0.39,0.11892857142857141,0.20142857142857143,0.06964285714285715,0.1425,0.03678571428571429,0.10571428571428573,0.06357142857142857,0.05892857142857142,1.2671428571428571,0.03964285714285714,0.11035714285714285,35.534285714285716,0.10071428571428571,0.18321428571428572,55.269285714285715,0.06964285714285715,0.09250000000000003,76.895,0.0060714285714285705,0.03035714285714286,0.575,0.01214285714285714,0.08857142857142859,0.13714285714285715,0.05892857142857142,0.0,0.4035714285714286,0.43233333333333335,0.11200000000000002,0.22333333333333333,0.09699999999999999,0.17733333333333332,0.04433333333333334,0.133,0.076,0.08066666666666668,1.0073333333333334,0.037333333333333336,0.107,34.72,0.11166666666666666,0.192,58.368,0.09699999999999999,0.13133333333333333,74.284,0.010666666666666668,0.03833333333333334,0.5073333333333333,0.022666666666666672,0.11266666666666669,0.21,0.08066666666666668,0.0,0.4816666666666666
91,70,2009-03-27,2,2,2008-2009,Minas,Pinheiros,1,0.4323076923076922,0.1096153846153846,0.24230769230769234,0.08038461538461537,0.17423076923076927,0.053076923076923084,0.12115384615384617,0.08115384615384615,0.07692307692307693,1.1023076923076924,0.03653846153846154,0.10230769230769231,36.253076923076925,0.12115384615384617,0.21423076923076925,56.72461538461539,0.08038461538461537,0.11423076923076922,70.95076923076923,0.006923076923076922,0.03807692307692308,0.49769230769230766,0.015384615384615384,0.09653846153846153,0.17307692307692307,0.07692307692307693,0.0,0.4715384615384615,0.42699999999999994,0.14600000000000002,0.18800000000000006,0.093,0.16099999999999998,0.04700000000000001,0.11400000000000002,0.07433333333333335,0.064,1.1746666666666667,0.04866666666666668,0.12666666666666665,38.51199999999999,0.09400000000000003,0.17466666666666664,54.301333333333325,0.093,0.12833333333333333,73.268,0.010666666666666665,0.03333333333333333,0.5413333333333334,0.008666666666666666,0.08899999999999998,0.10266666666666667,0.064,0.0,0.4463333333333333
83,79,2009-03-27,2,2,2008-2009,Joinville,Coop/São José Basketball,1,0.4146428571428572,0.14035714285714282,0.19999999999999998,0.07428571428571429,0.1785714285714286,0.046785714285714285,0.13178571428571426,0.08107142857142857,0.07642857142857142,1.122857142857143,0.0467857142857143,0.12642857142857145,37.15785714285715,0.09999999999999999,0.18642857142857142,53.37642857142857,0.07428571428571429,0.10785714285714286,68.73,0.008928571428571428,0.043214285714285726,0.6057142857142859,0.015000000000000003,0.09999999999999999,0.16928571428571426,0.07642857142857142,0.0,0.4564285714285714,0.392,0.136,0.18200000000000002,0.074,0.13266666666666668,0.04066666666666667,0.092,0.06833333333333333,0.067,1.0753333333333335,0.045333333333333344,0.13099999999999998,34.8,0.09100000000000001,0.17866666666666664,51.214000000000006,0.074,0.10566666666666667,70.08666666666666,0.0016666666666666668,0.03766666666666666,0.584,0.011666666666666667,0.112,0.11533333333333334,0.067,0.0,0.37033333333333335
82,87,2009-03-27,2,2,2008-2009,Lajeado,Limeira,0,0.3642857142857143,0.08678571428571429,0.19428571428571426,0.0832142857142857,0.1442857142857143,0.05000000000000001,0.09428571428571429,0.050357142857142864,0.0732142857142857,0.7092857142857143,0.028928571428571435,0.09964285714285714,28.696428571428577,0.09714285714285713,0.20249999999999996,48.388571428571424,0.0832142857142857,0.11892857142857145,70.87214285714285,0.0010714285714285715,0.04285714285714286,0.6435714285714287,0.005357142857142858,0.1042857142857143,0.052857142857142866,0.0732142857142857,0.0,0.3221428571428571,0.4326666666666667,0.142,0.19333333333333336,0.09733333333333331,0.147,0.03666666666666667,0.11033333333333335,0.08233333333333333,0.08000000000000003,1.188,0.04733333333333333,0.12300000000000001,38.79333333333334,0.09666666666666668,0.18133333333333335,53.64933333333333,0.09733333333333331,0.12666666666666668,77.01266666666666,0.012333333333333333,0.04466666666666667,0.6153333333333334,0.02333333333333333,0.10866666666666666,0.22333333333333333,0.08000000000000003,0.0,0.4603333333333333
77,63,2009-03-27,2,2,2008-2009,Araraquara,Saldanha,1,0.3836666666666667,0.13499999999999998,0.18133333333333332,0.06733333333333333,0.149,0.034333333333333334,0.1146666666666667,0.08200000000000002,0.08166666666666668,1.0966666666666667,0.045000000000000005,0.13133333333333333,34.236,0.09066666666666666,0.169,53.861999999999995,0.06733333333333333,0.1,66.78066666666668,0.009666666666666665,0.03933333333333333,0.4913333333333334,0.021333333333333333,0.10766666666666666,0.21066666666666667,0.08166666666666668,0.0,0.39633333333333337,0.36833333333333335,0.10700000000000001,0.2,0.06133333333333334,0.14833333333333334,0.05133333333333334,0.09700000000000002,0.04900000000000001,0.08933333333333332,0.6046666666666666,0.03566666666666666,0.10466666666666667,33.910666666666664,0.1,0.19700000000000004,51.791333333333334,0.06133333333333334,0.10033333333333336,61.657333333333334,0.018000000000000002,0.049333333333333354,0.5593333333333332,0.008666666666666668,0.11133333333333335,0.08133333333333334,0.08933333333333332,0.0,0.3293333333333333
76,65,2009-03-30,4,2,2008-2009,Flamengo,Limeira,1,0.479,0.159,0.232,0.08800000000000001,0.15866666666666662,0.04766666666666667,0.111,0.09233333333333332,0.07033333333333333,1.4493333333333334,0.05300000000000002,0.12433333333333334,43.02533333333334,0.116,0.1993333333333333,57.86666666666665,0.08800000000000001,0.11299999999999999,77.51,0.010666666666666668,0.046333333333333324,0.7186666666666668,0.006333333333333334,0.09766666666666667,0.06133333333333333,0.07033333333333333,0.0,0.5326666666666667,0.43066666666666664,0.132,0.20000000000000007,0.09866666666666667,0.14633333333333332,0.037000000000000005,0.10933333333333335,0.08033333333333333,0.07566666666666667,1.214,0.044,0.11633333333333333,37.803333333333335,0.10000000000000003,0.18566666666666667,53.955999999999996,0.09866666666666667,0.129,76.52399999999999,0.012666666666666668,0.045000000000000005,0.638,0.022000000000000006,0.10700000000000001,0.21266666666666667,0.07566666666666667,0.0,0.4603333333333333
63,70,2009-04-01,3,2,2008-2009,Espírito Santo,Joinville,0,0.3763333333333333,0.10000000000000002,0.19666666666666668,0.07966666666666668,0.13066666666666668,0.036666666666666674,0.09400000000000001,0.053333333333333344,0.06199999999999999,0.9633333333333333,0.03333333333333334,0.10700000000000001,31.413333333333338,0.09833333333333334,0.18233333333333332,54.873333333333335,0.07966666666666668,0.11833333333333333,69.21866666666666,0.0030000000000000005,0.04000000000000001,0.6473333333333335,0.006666666666666666,0.11166666666666666,0.06266666666666666,0.06199999999999999,0.0,0.34866666666666674,0.4146666666666667,0.13899999999999996,0.2,0.07566666666666667,0.1776666666666667,0.04633333333333334,0.13133333333333333,0.082,0.07533333333333332,1.1533333333333333,0.046333333333333344,0.12700000000000003,36.656,0.1,0.18533333333333332,53.739333333333335,0.07566666666666667,0.11033333333333334,68.516,0.009333333333333334,0.04333333333333335,0.6153333333333335,0.01466666666666667,0.09933333333333333,0.1653333333333333,0.07533333333333332,0.0,0.4563333333333333
91,80,2009-04-01,3,2,2008-2009,Flamengo,Coop/São José Basketball,1,0.4743333333333333,0.153,0.23133333333333334,0.09,0.16299999999999995,0.04733333333333334,0.11566666666666665,0.092,0.072,1.4106666666666665,0.05100000000000002,0.12333333333333334,41.873333333333335,0.11566666666666667,0.19666666666666663,58.455999999999996,0.09,0.11400000000000002,78.99133333333334,0.010000000000000002,0.045333333333333344,0.6806666666666668,0.007000000000000001,0.09899999999999999,0.06666666666666667,0.072,0.0,0.5323333333333333,0.394,0.134,0.18800000000000003,0.07200000000000002,0.13466666666666666,0.04200000000000001,0.09266666666666666,0.06666666666666668,0.069,1.0346666666666668,0.04466666666666667,0.12733333333333333,35.227333333333334,0.09400000000000001,0.184,51.41,0.07200000000000002,0.105,68.882,0.002,0.038,0.5766666666666667,0.011000000000000003,0.11333333333333334,0.10733333333333335,0.069,0.0,0.36966666666666664
94,85,2009-04-01,3,2,2008-2009,Brasília,Araraquara,1,0.4353333333333333,0.111,0.22333333333333333,0.101,0.1753333333333333,0.04166666666666667,0.13366666666666666,0.075,0.08,1.002,0.037000000000000005,0.10533333333333332,35.246,0.11166666666666666,0.19033333333333333,58.932,0.101,0.13499999999999998,75.15000000000002,0.010333333333333335,0.037000000000000005,0.49133333333333334,0.022333333333333337,0.11466666666666668,0.2053333333333333,0.08,0.0,0.484,0.39,0.138,0.18266666666666664,0.06933333333333333,0.15133333333333335,0.037,0.11433333333333336,0.08533333333333333,0.08066666666666668,1.1446666666666665,0.046000000000000006,0.13066666666666665,35.24333333333333,0.09133333333333332,0.1676666666666667,54.51333333333333,0.06933333333333333,0.10133333333333332,68.13733333333333,0.01,0.03966666666666666,0.5046666666666667,0.023,0.10533333333333335,0.23733333333333334,0.08066666666666668,0.0,0.41566666666666663
96,91,2009-04-01,3,2,2008-2009,Minas,Limeira,1,0.4339285714285714,0.11249999999999998,0.2421428571428572,0.07928571428571428,0.17607142857142863,0.052500000000000005,0.12357142857142858,0.0825,0.07821428571428571,1.0985714285714288,0.0375,0.10285714285714287,36.910000000000004,0.1210714285714286,0.2125,57.184285714285714,0.07928571428571428,0.11285714285714285,70.77,0.0064285714285714285,0.03678571428571429,0.47714285714285715,0.014642857142857141,0.09678571428571428,0.16428571428571428,0.07821428571428571,0.0,0.47535714285714287,0.42733333333333334,0.13099999999999998,0.20000000000000004,0.09633333333333335,0.14833333333333334,0.038000000000000006,0.11033333333333337,0.08166666666666665,0.075,1.2353333333333334,0.043666666666666666,0.11600000000000002,37.61466666666667,0.10000000000000002,0.187,53.51,0.09633333333333335,0.12866666666666668,74.74866666666665,0.012666666666666668,0.04566666666666667,0.6473333333333333,0.021000000000000005,0.10633333333333334,0.20400000000000001,0.075,0.0,0.4573333333333333
87,83,2009-04-01,3,2,2008-2009,Paulistano,Assis,1,0.3736666666666667,0.106,0.19666666666666668,0.07100000000000001,0.15433333333333332,0.05366666666666667,0.1006666666666667,0.07066666666666667,0.084,0.9426666666666669,0.035333333333333335,0.11333333333333333,31.439999999999998,0.09833333333333334,0.18666666666666662,52.62466666666666,0.07100000000000001,0.10200000000000001,68.938,0.004333333333333332,0.04000000000000001,0.4973333333333333,0.014333333333333335,0.11166666666666665,0.13066666666666665,0.084,0.0,0.3716666666666667,0.38785714285714296,0.11785714285714285,0.16785714285714287,0.10214285714285716,0.145,0.03964285714285715,0.10535714285714286,0.05678571428571428,0.06285714285714286,1.0778571428571428,0.0392857142857143,0.11285714285714286,35.36214285714286,0.08392857142857144,0.15714285714285717,53.49857142857143,0.10214285714285716,0.1435714285714286,71.21785714285714,0.005,0.03535714285714286,0.5971428571428571,0.015714285714285715,0.10071428571428571,0.15928571428571428,0.06285714285714286,0.0,0.3896428571428571
94,88,2009-04-01,3,2,2008-2009,Pinheiros,Bauru Basket,1,0.4206666666666666,0.146,0.18533333333333335,0.08933333333333333,0.15466666666666665,0.04533333333333334,0.10933333333333332,0.07300000000000001,0.060666666666666674,1.2153333333333334,0.04866666666666667,0.12699999999999997,38.43333333333333,0.09266666666666667,0.17466666666666666,53.650666666666666,0.08933333333333333,0.127,70.768,0.011333333333333332,0.034333333333333334,0.5893333333333334,0.007666666666666667,0.08766666666666666,0.09133333333333332,0.060666666666666674,0.0,0.43166666666666664,0.3973333333333333,0.12199999999999998,0.20066666666666666,0.07466666666666667,0.14166666666666666,0.038000000000000006,0.10366666666666667,0.06433333333333333,0.05766666666666666,1.3079999999999998,0.04066666666666666,0.112,35.88133333333334,0.10033333333333333,0.182,55.42333333333333,0.07466666666666667,0.09800000000000003,77.29266666666666,0.006,0.02966666666666667,0.57,0.01233333333333333,0.09133333333333334,0.136,0.05766666666666666,0.0,0.41133333333333333
78,68,2009-04-01,3,2,2008-2009,Saldanha,Lajeado,1,0.3630000000000001,0.10700000000000003,0.19666666666666663,0.05933333333333334,0.14666666666666667,0.05100000000000001,0.09566666666666669,0.05333333333333334,0.09100000000000001,0.6419999999999999,0.03566666666666666,0.10500000000000001,33.80533333333334,0.09833333333333331,0.19666666666666668,50.97533333333333,0.05933333333333334,0.09933333333333334,59.54666666666667,0.01733333333333333,0.05133333333333335,0.5726666666666667,0.009000000000000001,0.1116666666666667,0.08400000000000002,0.09100000000000001,0.0,0.32466666666666666,0.3673333333333334,0.09000000000000001,0.1953333333333333,0.08199999999999999,0.147,0.04966666666666668,0.09733333333333333,0.05166666666666667,0.074,0.7166666666666667,0.030000000000000006,0.10166666666666666,29.09133333333334,0.09766666666666665,0.19899999999999995,49.82933333333333,0.08199999999999999,0.11800000000000002,70.27399999999999,0.0013333333333333333,0.041666666666666664,0.62,0.005333333333333334,0.10466666666666669,0.052666666666666674,0.074,0.0,0.33
93,80,2009-04-03,4,2,2008-2009,Espírito Santo,Lajeado,1,0.3726666666666667,0.101,0.19133333333333333,0.08033333333333334,0.13166666666666668,0.036000000000000004,0.09566666666666666,0.05533333333333334,0.06266666666666668,0.9853333333333333,0.033666666666666664,0.10633333333333335,31.840666666666664,0.09566666666666666,0.17833333333333334,54.492666666666665,0.08033333333333334,0.11999999999999998,68.88533333333334,0.0026666666666666666,0.03966666666666667,0.6340000000000001,0.006333333333333333,0.11133333333333334,0.060000000000000005,0.06266666666666668,0.0,0.34800000000000003,0.3673333333333334,0.088,0.2,0.07933333333333331,0.14333333333333337,0.04900000000000001,0.09433333333333334,0.05233333333333334,0.07133333333333333,0.7373333333333333,0.029333333333333336,0.09766666666666665,29.299333333333337,0.1,0.1986666666666666,51.206,0.07933333333333331,0.116,68.60066666666667,0.001,0.04000000000000001,0.6140000000000001,0.005000000000000001,0.10600000000000001,0.04933333333333335,0.07133333333333333,0.0,0.333
83,78,2009-04-03,4,2,2008-2009,Minas,Coop/São José Basketball,1,0.437,0.11799999999999998,0.23800000000000004,0.08099999999999999,0.1763333333333334,0.05300000000000001,0.12333333333333334,0.08499999999999999,0.077,1.1586666666666667,0.03933333333333334,0.10533333333333333,37.544666666666664,0.11900000000000002,0.21266666666666667,56.162666666666674,0.08099999999999999,0.11599999999999998,70.42733333333332,0.006333333333333333,0.037000000000000005,0.49,0.014,0.096,0.15733333333333333,0.077,0.0,0.4776666666666667,0.39033333333333325,0.13,0.1906666666666667,0.0696666666666667,0.13799999999999998,0.04266666666666667,0.09533333333333333,0.067,0.07,1.0226666666666668,0.043333333333333335,0.12633333333333333,34.54066666666667,0.09533333333333335,0.18699999999999997,51.26533333333334,0.0696666666666667,0.10166666666666667,69.04866666666666,0.002,0.03766666666666667,0.5646666666666668,0.010666666666666668,0.115,0.10400000000000002,0.07,0.0,0.367
89,71,2009-04-03,4,2,2008-2009,Pinheiros,Assis,1,0.42533333333333334,0.145,0.19,0.09033333333333333,0.15466666666666665,0.04766666666666667,0.10700000000000001,0.07366666666666667,0.05933333333333334,1.2593333333333334,0.048333333333333346,0.12566666666666665,38.624,0.095,0.177,54.324,0.09033333333333333,0.12733333333333333,71.266,0.012,0.034333333333333334,0.6026666666666666,0.008333333333333333,0.08766666666666666,0.09866666666666667,0.05933333333333334,0.0,0.4406666666666667,0.38966666666666677,0.123,0.16466666666666668,0.10200000000000002,0.14266666666666664,0.039666666666666676,0.10300000000000001,0.05799999999999999,0.06466666666666668,1.0613333333333332,0.041000000000000016,0.11333333333333334,36.616,0.08233333333333334,0.15633333333333335,52.690666666666665,0.10200000000000002,0.14200000000000002,72.02533333333332,0.005000000000000001,0.034333333333333334,0.572,0.01566666666666667,0.102,0.15733333333333333,0.06466666666666668,0.0,0.3893333333333333
93,92,2009-04-03,4,2,2008-2009,Paulistano,Bauru Basket,1,0.37366666666666665,0.10099999999999999,0.20133333333333336,0.07133333333333335,0.15433333333333335,0.053333333333333344,0.10100000000000003,0.07033333333333333,0.08133333333333333,0.9953333333333335,0.033666666666666664,0.11066666666666666,30.82933333333333,0.10066666666666668,0.19066666666666665,52.552,0.07133333333333335,0.10300000000000001,68.64133333333332,0.004666666666666666,0.04100000000000001,0.538,0.01533333333333333,0.113,0.13799999999999998,0.08133333333333333,0.0,0.37466666666666665,0.405,0.125,0.204,0.076,0.143,0.041666666666666664,0.10133333333333333,0.06699999999999999,0.05633333333333334,1.3886666666666665,0.04166666666666667,0.11266666666666668,36.63866666666667,0.102,0.18533333333333332,55.45666666666667,0.076,0.098,78.56266666666666,0.006333333333333333,0.030666666666666672,0.6066666666666667,0.012,0.09266666666666666,0.13133333333333336,0.05633333333333334,0.0,0.425
77,72,2009-04-03,4,2,2008-2009,Brasília,Sesi Franca,1,0.44133333333333336,0.112,0.22133333333333333,0.10800000000000001,0.16966666666666666,0.03933333333333334,0.13033333333333333,0.07733333333333334,0.08033333333333334,1.0273333333333334,0.03733333333333333,0.10466666666666667,35.764,0.11066666666666666,0.18733333333333338,59.40466666666667,0.10800000000000001,0.1413333333333333,76.69000000000001,0.011333333333333336,0.038000000000000006,0.502,0.02066666666666667,0.11866666666666668,0.1853333333333333,0.08033333333333334,0.0,0.48933333333333334,0.43400000000000005,0.10300000000000001,0.24133333333333337,0.08966666666666666,0.16366666666666668,0.05200000000000001,0.11166666666666668,0.09033333333333333,0.06366666666666668,1.4933333333333332,0.034333333333333334,0.10066666666666665,35.608666666666664,0.12066666666666669,0.23066666666666666,52.84733333333333,0.08966666666666666,0.11866666666666666,74.92266666666666,0.006,0.04700000000000001,0.768,0.010333333333333335,0.109,0.09933333333333334,0.06366666666666668,0.0,0.47633333333333333
61,84,2009-04-03,4,2,2008-2009,Saldanha,Joinville,0,0.36100000000000004,0.10900000000000001,0.19533333333333333,0.05666666666666667,0.14433333333333334,0.051000000000000004,0.09333333333333334,0.054333333333333345,0.08866666666666667,0.6813333333333332,0.03633333333333333,0.10700000000000001,33.664,0.09766666666666667,0.19433333333333333,51.54,0.05666666666666667,0.097,58.82533333333334,0.01633333333333333,0.05100000000000002,0.5920000000000001,0.008,0.11100000000000002,0.07533333333333334,0.08866666666666667,0.0,0.3223333333333333,0.40866666666666673,0.13599999999999998,0.198,0.07466666666666666,0.18033333333333337,0.04766666666666668,0.13266666666666665,0.07966666666666665,0.073,1.1766666666666665,0.045333333333333344,0.12866666666666668,35.59733333333334,0.099,0.18233333333333332,54.01266666666667,0.07466666666666666,0.11199999999999997,66.97333333333333,0.009333333333333334,0.045000000000000005,0.692,0.01466666666666667,0.098,0.16599999999999995,0.073,0.0,0.45133333333333336
110,89,2009-04-05,9,1,2008-2009,Minas,Joinville,1,0.4393333333333334,0.11800000000000001,0.24000000000000005,0.08133333333333331,0.17766666666666672,0.052666666666666674,0.125,0.084,0.07600000000000001,1.1620000000000001,0.03933333333333334,0.10499999999999998,37.63999999999999,0.12000000000000002,0.2113333333333333,57.14399999999999,0.08133333333333331,0.11433333333333333,71.62799999999999,0.006666666666666667,0.036000000000000004,0.48333333333333334,0.017,0.095,0.19066666666666665,0.07600000000000001,0.0,0.48799999999999993,0.4003333333333333,0.12599999999999997,0.198,0.07633333333333334,0.1796666666666667,0.047333333333333345,0.13233333333333336,0.07600000000000001,0.07066666666666667,1.160666666666667,0.04200000000000001,0.12766666666666668,33.431333333333335,0.099,0.18399999999999997,53.45933333333333,0.07633333333333334,0.11599999999999998,66.14466666666665,0.010333333333333335,0.04933333333333334,0.7699999999999999,0.014666666666666668,0.097,0.16666666666666663,0.07066666666666667,0.0,0.43900000000000006
75,85,2009-04-08,5,2,2008-2009,Saldanha,Brasília,0,0.36033333333333334,0.11000000000000001,0.19133333333333338,0.059000000000000004,0.147,0.05,0.097,0.05633333333333334,0.09000000000000001,0.6946666666666665,0.03666666666666666,0.10933333333333334,33.528,0.09566666666666669,0.19133333333333333,51.169333333333334,0.059000000000000004,0.10233333333333333,57.784,0.016,0.05100000000000002,0.5866666666666667,0.008666666666666666,0.11366666666666667,0.08000000000000002,0.09000000000000001,0.0,0.32166666666666666,0.44566666666666666,0.11000000000000003,0.22533333333333336,0.11033333333333334,0.16799999999999998,0.03766666666666667,0.13033333333333333,0.07633333333333334,0.078,1.0413333333333332,0.03666666666666666,0.10433333333333335,35.281333333333336,0.11266666666666668,0.1873333333333334,60.65466666666667,0.11033333333333334,0.14366666666666664,77.38133333333332,0.011000000000000003,0.036333333333333336,0.49066666666666664,0.022000000000000006,0.11566666666666668,0.20333333333333328,0.078,0.0,0.49466666666666664
91,80,2009-04-08,5,2,2008-2009,Limeira,Araraquara,1,0.43333333333333335,0.132,0.20666666666666664,0.09466666666666666,0.15099999999999997,0.03866666666666667,0.11233333333333334,0.08433333333333333,0.06699999999999999,1.3453333333333333,0.044000000000000004,0.11766666666666664,37.321333333333335,0.10333333333333332,0.19233333333333336,53.87666666666666,0.09466666666666666,0.12733333333333335,74.10866666666666,0.011666666666666667,0.045000000000000005,0.6666666666666666,0.023000000000000007,0.10466666666666669,0.2326666666666667,0.06699999999999999,0.0,0.4743333333333332,0.3943333333333333,0.13399999999999998,0.186,0.07433333333333335,0.15033333333333335,0.036333333333333336,0.11400000000000003,0.08600000000000001,0.08100000000000002,1.1506666666666667,0.04466666666666667,0.12633333333333333,35.44466666666667,0.093,0.1696666666666667,54.93999999999999,0.07433333333333335,0.10466666666666667,69.76666666666667,0.010000000000000002,0.039,0.49600000000000016,0.022666666666666672,0.10766666666666667,0.23333333333333334,0.08100000000000002,0.0,0.42266666666666663
78,73,2009-04-08,5,2,2008-2009,Coop/São José Basketball,Sesi Franca,1,0.3886666666666666,0.132,0.186,0.07066666666666668,0.14,0.04566666666666667,0.09433333333333332,0.06600000000000002,0.067,1.0593333333333332,0.04400000000000001,0.12699999999999997,34.852,0.093,0.19066666666666668,49.30266666666667,0.07066666666666668,0.10266666666666668,69.438,0.002,0.03600000000000001,0.5646666666666668,0.011000000000000003,0.11366666666666667,0.10733333333333335,0.067,0.0,0.362,0.43166666666666664,0.10400000000000001,0.2406666666666667,0.087,0.16,0.05000000000000001,0.11000000000000003,0.08800000000000001,0.06333333333333334,1.4593333333333334,0.03466666666666667,0.10266666666666666,35.38733333333334,0.12033333333333335,0.23166666666666666,52.440666666666665,0.087,0.11533333333333334,74.87000000000002,0.006,0.048666666666666664,0.8019999999999999,0.011333333333333336,0.114,0.10666666666666669,0.06333333333333334,0.0,0.4686666666666666
78,84,2009-04-08,5,2,2008-2009,Bauru Basket,Minas,0,0.41000000000000003,0.132,0.1973333333333333,0.08066666666666666,0.14433333333333334,0.044333333333333336,0.1,0.06933333333333332,0.057,1.4166666666666665,0.04400000000000001,0.11666666666666668,37.52066666666667,0.09866666666666665,0.18166666666666667,54.70600000000001,0.08066666666666666,0.10633333333333334,77.28333333333333,0.006666666666666667,0.03200000000000001,0.6246666666666667,0.011333333333333332,0.09133333333333334,0.12533333333333332,0.057,0.0,0.4286666666666667,0.44900000000000007,0.121,0.24466666666666664,0.08333333333333333,0.17800000000000002,0.054333333333333345,0.12366666666666666,0.08433333333333334,0.07733333333333332,1.1393333333333335,0.04033333333333334,0.10666666666666666,37.946000000000005,0.12233333333333332,0.20900000000000002,58.87533333333332,0.08333333333333333,0.11666666666666667,72.09933333333332,0.007,0.037000000000000005,0.48933333333333334,0.018666666666666668,0.093,0.20933333333333332,0.07733333333333332,0.0,0.5033333333333333
88,106,2009-04-08,5,2,2008-2009,Assis,Flamengo,0,0.3883333333333334,0.12400000000000001,0.16533333333333333,0.09900000000000002,0.14033333333333334,0.03966666666666667,0.10066666666666667,0.060999999999999985,0.06433333333333333,1.1026666666666667,0.04133333333333333,0.11300000000000002,37.02,0.08266666666666667,0.158,52.38733333333332,0.09900000000000002,0.13733333333333336,73.30733333333335,0.005333333333333333,0.033666666666666664,0.5646666666666668,0.014666666666666668,0.10433333333333335,0.14400000000000002,0.06433333333333333,0.0,0.3883333333333333,0.4726666666666667,0.148,0.23200000000000004,0.09266666666666667,0.1663333333333333,0.046,0.12033333333333333,0.09033333333333332,0.07033333333333333,1.412,0.04933333333333335,0.12366666666666665,40.50533333333333,0.11600000000000002,0.19633333333333333,58.73133333333333,0.09266666666666667,0.12066666666666669,77.50466666666667,0.009666666666666667,0.04600000000000001,0.7026666666666667,0.008,0.09799999999999999,0.07733333333333332,0.07033333333333333,0.0,0.5303333333333334
66,71,2009-04-09,5,2,2008-2009,Paulistano,Joinville,0,0.383,0.10499999999999998,0.20333333333333334,0.07466666666666667,0.15300000000000002,0.05300000000000001,0.10000000000000003,0.06933333333333333,0.08266666666666667,0.9299999999999999,0.03500000000000001,0.10666666666666667,33.199999999999996,0.10166666666666667,0.19166666666666662,52.784,0.07466666666666667,0.10600000000000001,70.20266666666667,0.004333333333333332,0.04166666666666667,0.5366666666666667,0.014333333333333332,0.11266666666666666,0.12999999999999998,0.08266666666666667,0.0,0.3856666666666666,0.40399999999999997,0.129,0.198,0.077,0.17633333333333337,0.04966666666666667,0.12666666666666668,0.07533333333333332,0.06933333333333333,1.1686666666666667,0.043000000000000003,0.12933333333333336,33.67066666666666,0.099,0.18499999999999997,53.16066666666667,0.077,0.11766666666666666,65.50933333333333,0.010000000000000002,0.049,0.7720000000000001,0.01566666666666667,0.09766666666666667,0.17799999999999996,0.06933333333333333,0.0,0.438
96,79,2009-04-09,5,2,2008-2009,Pinheiros,Lajeado,1,0.4276666666666667,0.14400000000000002,0.19333333333333333,0.09033333333333333,0.14933333333333335,0.04566666666666667,0.10366666666666664,0.07333333333333332,0.060666666666666674,1.236,0.048000000000000015,0.12299999999999998,39.73533333333333,0.09666666666666666,0.17666666666666667,55.330000000000005,0.09033333333333333,0.12666666666666665,71.69533333333334,0.012666666666666666,0.036000000000000004,0.6166666666666667,0.008,0.089,0.09333333333333334,0.060666666666666674,0.0,0.4423333333333333,0.37,0.09,0.20199999999999999,0.07799999999999999,0.13633333333333336,0.046666666666666676,0.08966666666666666,0.05100000000000002,0.07033333333333333,0.7313333333333333,0.030000000000000002,0.09733333333333333,30.013333333333335,0.10099999999999999,0.19866666666666666,51.682,0.07799999999999999,0.112,69.696,0.001,0.042333333333333334,0.6526666666666666,0.005000000000000001,0.11066666666666668,0.04866666666666668,0.07033333333333333,0.0,0.33533333333333337
76,80,2009-04-10,6,2,2008-2009,Espírito Santo,Brasília,0,0.37900000000000006,0.102,0.19266666666666665,0.08433333333333333,0.13633333333333333,0.03833333333333334,0.098,0.058666666666666666,0.062333333333333345,1.0286666666666666,0.033999999999999996,0.105,32.846666666666664,0.09633333333333333,0.18133333333333335,53.80866666666667,0.08433333333333333,0.129,67.14066666666666,0.0036666666666666666,0.03600000000000001,0.592,0.007666666666666667,0.11333333333333334,0.07,0.062333333333333345,0.0,0.3546666666666667,0.45199999999999996,0.11200000000000003,0.22466666666666668,0.11533333333333333,0.16266666666666665,0.035666666666666666,0.12700000000000003,0.07766666666666669,0.07400000000000001,1.1113333333333335,0.037333333333333336,0.10433333333333333,36.065333333333335,0.11233333333333334,0.18700000000000003,60.586666666666666,0.11533333333333333,0.15066666666666664,75.78133333333334,0.011000000000000001,0.03766666666666667,0.5426666666666667,0.022333333333333334,0.11566666666666665,0.20733333333333331,0.07400000000000001,0.0,0.5013333333333333
83,62,2009-04-10,6,2,2008-2009,Limeira,Sesi Franca,1,0.43733333333333335,0.13399999999999998,0.21133333333333332,0.092,0.14833333333333334,0.035666666666666666,0.11266666666666668,0.08533333333333333,0.068,1.3373333333333333,0.044666666666666674,0.11599999999999998,38.30800000000001,0.10566666666666666,0.19133333333333333,55.41533333333333,0.092,0.12566666666666665,72.61733333333333,0.014333333333333335,0.04700000000000001,0.6873333333333334,0.02166666666666667,0.10200000000000002,0.228,0.068,0.0,0.4809999999999999,0.4293333333333333,0.10500000000000001,0.2366666666666667,0.08766666666666666,0.15733333333333335,0.05000000000000002,0.10733333333333336,0.08666666666666667,0.06533333333333333,1.4093333333333333,0.03500000000000001,0.10099999999999999,36.187333333333335,0.11833333333333335,0.229,52.11866666666666,0.08766666666666666,0.11666666666666667,74.63666666666668,0.006,0.04833333333333333,0.7833333333333333,0.011333333333333336,0.11833333333333333,0.1046666666666667,0.06533333333333333,0.0,0.46199999999999997
74,79,2009-04-10,6,2,2008-2009,Assis,Minas,0,0.3916666666666667,0.123,0.16999999999999998,0.0986666666666667,0.13966666666666666,0.03900000000000001,0.10066666666666667,0.06066666666666666,0.06533333333333334,1.0533333333333335,0.041,0.1116666666666667,37.09,0.08499999999999999,0.15866666666666668,53.48733333333333,0.0986666666666667,0.1366666666666667,73.396,0.006,0.03333333333333333,0.5406666666666666,0.014666666666666666,0.10466666666666666,0.14333333333333337,0.06533333333333334,0.0,0.39233333333333326,0.4486666666666667,0.125,0.23933333333333334,0.08433333333333333,0.1776666666666667,0.053000000000000005,0.12466666666666666,0.08299999999999999,0.07733333333333332,1.122666666666667,0.04166666666666667,0.10466666666666666,39.93866666666666,0.11966666666666667,0.20433333333333334,58.97799999999999,0.08433333333333333,0.11766666666666666,72.27333333333331,0.006333333333333333,0.037000000000000005,0.48933333333333334,0.018333333333333333,0.09366666666666665,0.2053333333333333,0.07733333333333332,0.0,0.5063333333333333
91,98,2009-04-10,6,2,2008-2009,Bauru Basket,Flamengo,0,0.4066666666666666,0.13099999999999998,0.19666666666666668,0.07899999999999999,0.14366666666666666,0.046000000000000006,0.09766666666666667,0.07033333333333333,0.05533333333333334,1.5779999999999996,0.04366666666666667,0.11900000000000001,36.327999999999996,0.09833333333333334,0.18166666666666667,54.55066666666667,0.07899999999999999,0.10733333333333334,75.05133333333333,0.007000000000000001,0.03400000000000001,0.7706666666666666,0.010000000000000002,0.09,0.11333333333333334,0.05533333333333334,0.0,0.42233333333333334,0.4740000000000001,0.14999999999999997,0.22933333333333336,0.09466666666666668,0.16466666666666666,0.044666666666666674,0.11999999999999998,0.09066666666666667,0.07200000000000001,1.3666666666666667,0.05000000000000002,0.12233333333333332,41.443333333333335,0.11466666666666668,0.19499999999999998,58.48266666666666,0.09466666666666668,0.12100000000000002,79.13533333333332,0.009666666666666665,0.04600000000000001,0.6866666666666666,0.008,0.09866666666666667,0.07666666666666666,0.07200000000000001,0.0,0.5323333333333333
76,73,2009-04-11,6,2,2008-2009,Coop/São José Basketball,Araraquara,1,0.3906666666666666,0.129,0.18800000000000003,0.07366666666666669,0.14333333333333337,0.04633333333333334,0.09699999999999998,0.06533333333333334,0.066,1.0593333333333335,0.04300000000000001,0.12366666666666666,34.852,0.09400000000000001,0.19033333333333335,49.96933333333333,0.07366666666666669,0.107,69.72399999999999,0.002,0.03433333333333334,0.5473333333333333,0.010333333333333333,0.11400000000000002,0.10133333333333336,0.066,0.0,0.3676666666666667,0.39299999999999996,0.13399999999999998,0.182,0.077,0.14766666666666667,0.036000000000000004,0.11166666666666668,0.08600000000000001,0.08433333333333336,1.0939999999999999,0.044666666666666674,0.12166666666666667,36.49733333333334,0.091,0.169,53.94799999999999,0.077,0.10633333333333334,71.76066666666667,0.01,0.039,0.4826666666666667,0.022000000000000006,0.10766666666666667,0.22666666666666668,0.08433333333333336,0.0,0.419
66,61,2009-04-11,6,2,2008-2009,Paulistano,Lajeado,1,0.38066666666666665,0.09999999999999999,0.20533333333333334,0.07533333333333334,0.15233333333333335,0.05133333333333335,0.10100000000000002,0.069,0.084,0.9173333333333334,0.03333333333333333,0.10633333333333335,31.75733333333333,0.10266666666666667,0.19399999999999998,52.778,0.07533333333333334,0.10766666666666666,69.74266666666668,0.004,0.04200000000000001,0.534,0.014333333333333333,0.11333333333333334,0.12999999999999998,0.084,0.0,0.37766666666666665,0.3776666666666666,0.091,0.2086666666666667,0.07799999999999999,0.13666666666666666,0.044000000000000004,0.09266666666666667,0.055333333333333345,0.06933333333333333,0.8059999999999999,0.030333333333333337,0.09600000000000002,30.80666666666667,0.10433333333333335,0.2006666666666667,52.669999999999995,0.07799999999999999,0.113,69.02933333333334,0.0006666666666666666,0.04033333333333334,0.632,0.005333333333333334,0.113,0.05266666666666668,0.06933333333333333,0.0,0.34900000000000003
94,92,2009-04-11,6,2,2008-2009,Pinheiros,Joinville,1,0.4323333333333333,0.14600000000000002,0.19799999999999998,0.08833333333333333,0.15000000000000002,0.044333333333333336,0.10566666666666664,0.075,0.06066666666666667,1.2666666666666666,0.04866666666666668,0.12399999999999999,39.919999999999995,0.09899999999999999,0.17933333333333332,55.67733333333334,0.08833333333333333,0.12300000000000001,72.25066666666666,0.013666666666666666,0.037000000000000005,0.6353333333333334,0.009666666666666667,0.08866666666666669,0.11200000000000002,0.06066666666666667,0.0,0.453,0.4043333333333333,0.12699999999999997,0.198,0.07933333333333333,0.17333333333333337,0.05133333333333334,0.12200000000000003,0.07533333333333332,0.07033333333333334,1.1573333333333333,0.042333333333333334,0.13033333333333333,33.010666666666665,0.099,0.18433333333333332,53.38199999999999,0.07933333333333333,0.12266666666666666,64.39466666666667,0.010333333333333335,0.05000000000000001,0.778,0.01566666666666667,0.0976666666666667,0.17799999999999996,0.07033333333333334,0.0,0.43166666666666664
90,100,2009-04-14,7,2,2008-2009,Joinville,Flamengo,0,0.40399999999999997,0.13900000000000004,0.18666666666666665,0.07833333333333334,0.16800000000000004,0.05133333333333334,0.11666666666666668,0.07566666666666667,0.07,1.168,0.04633333333333334,0.13733333333333334,33.721333333333334,0.09333333333333332,0.17799999999999994,52.04,0.07833333333333334,0.12100000000000001,64.57133333333333,0.009666666666666667,0.04666666666666666,0.7373333333333335,0.015000000000000005,0.10066666666666667,0.15933333333333335,0.07,0.0,0.42100000000000004,0.47666666666666674,0.15,0.23133333333333334,0.09533333333333334,0.16266666666666665,0.04433333333333334,0.11833333333333335,0.09400000000000001,0.06799999999999999,1.4786666666666666,0.05000000000000002,0.12433333333333335,40.674,0.11566666666666667,0.19233333333333333,59.967333333333336,0.09533333333333334,0.11966666666666669,81.14666666666666,0.010333333333333333,0.04500000000000001,0.6893333333333332,0.009000000000000001,0.10166666666666666,0.08466666666666667,0.06799999999999999,0.0,0.544
64,86,2009-04-15,7,2,2008-2009,Espírito Santo,Pinheiros,0,0.38266666666666665,0.10899999999999999,0.19066666666666665,0.08299999999999999,0.133,0.036,0.097,0.062333333333333324,0.06066666666666667,1.14,0.036333333333333336,0.10733333333333331,34.132,0.09533333333333333,0.18000000000000002,53.623333333333335,0.08299999999999999,0.12566666666666665,67.474,0.004333333333333333,0.03433333333333334,0.5953333333333333,0.007666666666666667,0.11200000000000003,0.07,0.06066666666666667,0.0,0.36099999999999993,0.43799999999999994,0.147,0.19866666666666663,0.09233333333333335,0.15533333333333338,0.04566666666666667,0.10966666666666666,0.07666666666666665,0.06166666666666668,1.2653333333333334,0.049000000000000016,0.125,39.88,0.09933333333333332,0.18100000000000002,55.32066666666667,0.09233333333333335,0.12633333333333335,73.38866666666668,0.014000000000000002,0.04000000000000001,0.6806666666666668,0.009666666666666667,0.08900000000000002,0.11200000000000002,0.06166666666666668,0.0,0.46633333333333327
94,72,2009-04-15,7,2,2008-2009,Brasília,Coop/São José Basketball,1,0.444,0.11400000000000003,0.22,0.10999999999999997,0.16533333333333333,0.037333333333333336,0.128,0.07766666666666669,0.07633333333333334,1.0446666666666669,0.038000000000000006,0.10666666666666667,36.138,0.11,0.1836666666666667,60.53866666666667,0.10999999999999997,0.14533333333333334,74.89266666666666,0.012333333333333333,0.03933333333333334,0.5413333333333333,0.021000000000000005,0.11333333333333331,0.2,0.07633333333333334,0.0,0.49333333333333335,0.38666666666666666,0.12200000000000003,0.18933333333333333,0.07533333333333335,0.147,0.049666666666666665,0.09733333333333331,0.06333333333333334,0.06833333333333333,1.0093333333333332,0.04066666666666668,0.12233333333333332,33.12866666666667,0.09466666666666666,0.19,50.384,0.07533333333333335,0.11000000000000001,69.21533333333333,0.0033333333333333335,0.03600000000000001,0.5526666666666666,0.010333333333333333,0.11633333333333334,0.10133333333333336,0.06833333333333333,0.0,0.36333333333333334
64,70,2009-04-15,7,2,2008-2009,Araraquara,Bauru Basket,0,0.3906666666666666,0.13300000000000003,0.184,0.07366666666666669,0.143,0.03533333333333334,0.10766666666666667,0.08433333333333333,0.08600000000000002,1.0606666666666664,0.044333333333333336,0.12200000000000001,36.13533333333333,0.092,0.16933333333333336,54.45333333333333,0.07366666666666669,0.10133333333333333,72.43266666666668,0.011,0.03966666666666667,0.47933333333333333,0.020333333333333335,0.11033333333333335,0.20600000000000002,0.08600000000000002,0.0,0.4093333333333333,0.4076666666666667,0.13499999999999998,0.19466666666666665,0.078,0.14466666666666667,0.047,0.09766666666666667,0.07033333333333333,0.054666666666666676,1.6159999999999997,0.045000000000000005,0.12166666666666667,36.328,0.09733333333333333,0.17833333333333334,54.918000000000006,0.078,0.10633333333333334,74.734,0.007000000000000001,0.033,0.7546666666666667,0.009000000000000001,0.09200000000000001,0.09933333333333332,0.054666666666666676,0.0,0.42400000000000004
76,68,2009-04-15,7,2,2008-2009,Sesi Franca,Assis,1,0.43066666666666664,0.10600000000000002,0.2346666666666667,0.09000000000000002,0.15366666666666667,0.049000000000000016,0.10466666666666669,0.08633333333333335,0.06633333333333333,1.3926666666666667,0.035333333333333335,0.101,36.465333333333334,0.11733333333333335,0.224,52.551333333333325,0.09000000000000002,0.11933333333333333,75.10066666666667,0.005333333333333333,0.044000000000000004,0.7046666666666667,0.010666666666666668,0.12200000000000003,0.09133333333333336,0.06633333333333333,0.0,0.45733333333333337,0.3936666666666667,0.12100000000000001,0.176,0.09666666666666666,0.14033333333333334,0.03866666666666667,0.10166666666666667,0.06066666666666666,0.064,1.1053333333333333,0.04033333333333334,0.11266666666666668,36.12933333333333,0.088,0.16233333333333336,54.127333333333326,0.09666666666666666,0.13166666666666665,74.51733333333333,0.006333333333333333,0.03333333333333334,0.5646666666666665,0.014666666666666665,0.10466666666666667,0.14333333333333334,0.064,0.0,0.39699999999999996
70,84,2009-04-15,7,2,2008-2009,Lajeado,Minas,0,0.3723333333333333,0.092,0.19933333333333333,0.08099999999999999,0.13866666666666666,0.04233333333333334,0.09633333333333335,0.054000000000000006,0.06899999999999999,0.7926666666666667,0.030666666666666672,0.09833333333333334,30.473333333333336,0.09966666666666667,0.19566666666666668,51.60666666666667,0.08099999999999999,0.11366666666666667,70.84266666666667,0.0006666666666666666,0.039,0.6186666666666666,0.006000000000000001,0.11333333333333334,0.05866666666666668,0.06899999999999999,0.0,0.3446666666666667,0.4466666666666666,0.12000000000000001,0.24266666666666664,0.084,0.1753333333333333,0.05133333333333334,0.12400000000000001,0.07966666666666665,0.07833333333333334,1.0620000000000003,0.04000000000000001,0.102,39.23266666666667,0.12133333333333332,0.20366666666666663,60.01333333333332,0.084,0.11533333333333333,73.35999999999999,0.007,0.035666666666666666,0.46733333333333327,0.01966666666666667,0.09166666666666665,0.2213333333333333,0.07833333333333334,0.0,0.5029999999999999
88,96,2009-04-15,7,2,2008-2009,Saldanha,Paulistano,0,0.35866666666666663,0.11400000000000002,0.186,0.05866666666666666,0.14666666666666667,0.051000000000000004,0.09566666666666666,0.05733333333333334,0.09133333333333334,0.698,0.038000000000000006,0.11233333333333334,33.82666666666667,0.093,0.18933333333333335,50.275999999999996,0.05866666666666666,0.10166666666666667,57.83466666666667,0.015000000000000001,0.04966666666666667,0.5653333333333334,0.008666666666666666,0.11266666666666669,0.08066666666666668,0.09133333333333334,0.0,0.316,0.3786666666666667,0.09699999999999999,0.20266666666666666,0.079,0.15633333333333335,0.05100000000000002,0.10533333333333333,0.06766666666666668,0.08266666666666665,0.9173333333333334,0.03233333333333334,0.10700000000000003,30.721999999999998,0.10133333333333333,0.19566666666666663,51.518,0.079,0.11266666666666666,70.02,0.0036666666666666666,0.04233333333333334,0.5519999999999999,0.014999999999999998,0.11433333333333333,0.13466666666666666,0.08266666666666665,0.0,0.37466666666666665
85,75,2009-04-17,8,2,2008-2009,Espírito Santo,Paulistano,1,0.37300000000000005,0.10400000000000002,0.19133333333333333,0.07766666666666668,0.133,0.03633333333333333,0.09666666666666666,0.06566666666666666,0.05966666666666667,1.2173333333333332,0.03466666666666666,0.10699999999999998,32.64,0.09566666666666666,0.1836666666666667,52.44066666666666,0.07766666666666668,0.11799999999999998,66.79666666666667,0.005,0.035333333333333335,0.626,0.007333333333333333,0.109,0.068,0.05966666666666667,0.0,0.354,0.39466666666666667,0.10499999999999998,0.20533333333333334,0.08433333333333334,0.1606666666666667,0.05433333333333335,0.10633333333333335,0.07,0.083,0.9366666666666668,0.035,0.11333333333333334,31.423999999999996,0.10266666666666667,0.19766666666666666,51.814,0.08433333333333334,0.12066666666666666,69.68666666666668,0.004,0.04333333333333334,0.5593333333333333,0.015000000000000001,0.117,0.132,0.083,0.0,0.391
116,88,2009-04-17,8,2,2008-2009,Brasília,Limeira,1,0.44099999999999995,0.11200000000000003,0.22000000000000006,0.109,0.16133333333333333,0.036000000000000004,0.12533333333333335,0.08033333333333335,0.07533333333333334,1.1033333333333333,0.037333333333333336,0.10766666666666667,35.26466666666667,0.11000000000000003,0.18133333333333332,61.17399999999999,0.109,0.14433333333333334,74.73333333333333,0.01233333333333333,0.03966666666666667,0.5566666666666668,0.021333333333333336,0.11033333333333332,0.21066666666666667,0.07533333333333334,0.0,0.4913333333333333,0.42900000000000005,0.13,0.20933333333333337,0.08966666666666669,0.14866666666666667,0.034666666666666665,0.114,0.084,0.06933333333333333,1.2913333333333334,0.04333333333333335,0.11366666666666667,38.18466666666667,0.10466666666666669,0.19200000000000003,54.59399999999999,0.08966666666666669,0.12233333333333332,72.88400000000001,0.014666666666666668,0.047000000000000014,0.678,0.022000000000000006,0.10066666666666668,0.234,0.06933333333333333,0.0,0.4709999999999999
83,80,2009-04-17,8,2,2008-2009,Sesi Franca,Bauru Basket,1,0.424,0.107,0.22933333333333333,0.08766666666666668,0.15333333333333332,0.04833333333333334,0.10500000000000001,0.08133333333333333,0.068,1.2793333333333332,0.035666666666666666,0.10066666666666665,37.010000000000005,0.11466666666666667,0.22233333333333333,51.74133333333332,0.08766666666666668,0.11733333333333332,74.64200000000001,0.005333333333333333,0.04233333333333334,0.6613333333333334,0.012000000000000002,0.12399999999999999,0.09933333333333336,0.068,0.0,0.44266666666666665,0.412,0.13899999999999998,0.194,0.079,0.14466666666666667,0.04766666666666666,0.09700000000000002,0.072,0.05433333333333334,1.637333333333333,0.04633333333333334,0.12200000000000003,37.482000000000006,0.097,0.17700000000000002,55.03666666666667,0.079,0.10933333333333334,72.73399999999998,0.006666666666666667,0.034666666666666665,0.776,0.009000000000000001,0.09333333333333334,0.09933333333333332,0.05433333333333334,0.0,0.4320000000000001
72,59,2009-04-17,8,2,2008-2009,Araraquara,Assis,1,0.3819999999999999,0.13,0.17733333333333334,0.07466666666666669,0.14033333333333337,0.03566666666666667,0.10466666666666667,0.082,0.08800000000000002,0.9939999999999999,0.04333333333333334,0.12100000000000002,35.580000000000005,0.08866666666666667,0.165,53.94866666666666,0.07466666666666669,0.10333333333333332,71.74066666666667,0.011333333333333336,0.03833333333333334,0.446,0.019333333333333338,0.11000000000000001,0.19733333333333336,0.08800000000000002,0.0,0.39133333333333326,0.38733333333333325,0.11499999999999999,0.17666666666666667,0.09566666666666666,0.1396666666666667,0.03966666666666666,0.1,0.05899999999999998,0.067,0.9833333333333333,0.03833333333333334,0.10900000000000001,35.90733333333333,0.08833333333333333,0.16766666666666669,52.821333333333335,0.09566666666666666,0.13199999999999998,73.27933333333334,0.006333333333333333,0.03500000000000001,0.5740000000000001,0.015333333333333334,0.10733333333333332,0.146,0.067,0.0,0.383
73,90,2009-04-17,8,2,2008-2009,Lajeado,Flamengo,0,0.3676666666666667,0.08999999999999998,0.20133333333333336,0.07633333333333334,0.134,0.04033333333333333,0.09366666666666665,0.05600000000000001,0.06866666666666665,0.8466666666666666,0.030000000000000006,0.097,30.223333333333333,0.10066666666666668,0.19833333333333333,51.336,0.07633333333333334,0.10733333333333334,70.482,0.0006666666666666666,0.038666666666666676,0.6146666666666667,0.005666666666666666,0.10866666666666669,0.05866666666666667,0.06866666666666665,0.0,0.33766666666666667,0.47633333333333344,0.15300000000000002,0.23066666666666663,0.09266666666666666,0.16766666666666669,0.043666666666666666,0.12400000000000001,0.091,0.06966666666666668,1.3993333333333333,0.051,0.12633333333333335,40.608666666666664,0.11533333333333332,0.18966666666666668,60.681333333333335,0.09266666666666666,0.11866666666666668,79.91,0.009666666666666667,0.04400000000000002,0.6633333333333333,0.009333333333333332,0.09966666666666667,0.09000000000000001,0.06966666666666668,0.0,0.543
74,91,2009-04-17,8,2,2008-2009,Saldanha,Pinheiros,0,0.37133333333333335,0.119,0.18866666666666668,0.06366666666666666,0.14966666666666667,0.052,0.09766666666666667,0.06266666666666668,0.08966666666666666,0.7666666666666667,0.03966666666666667,0.116,34.33133333333333,0.09433333333333334,0.18666666666666665,51.40533333333333,0.06366666666666666,0.11066666666666668,57.91133333333334,0.016333333333333335,0.05133333333333334,0.5993333333333335,0.008333333333333333,0.11800000000000004,0.07266666666666667,0.08966666666666666,0.0,0.338,0.43833333333333324,0.13899999999999998,0.20933333333333332,0.09000000000000001,0.15766666666666668,0.04533333333333334,0.11233333333333334,0.08199999999999999,0.06200000000000002,1.3606666666666667,0.04633333333333334,0.121,38.868,0.10466666666666666,0.18633333333333335,56.59066666666667,0.09000000000000001,0.12100000000000001,74.28200000000001,0.015000000000000003,0.03966666666666667,0.6706666666666666,0.009333333333333334,0.08700000000000001,0.10933333333333334,0.06200000000000002,0.0,0.47766666666666674
75,64,2009-04-17,8,2,2008-2009,Joinville,Minas,1,0.41166666666666674,0.142,0.18933333333333333,0.08033333333333333,0.16833333333333336,0.051333333333333335,0.11700000000000002,0.07533333333333334,0.06966666666666668,1.1746666666666667,0.04733333333333334,0.14033333333333334,33.78333333333333,0.09466666666666666,0.18066666666666661,52.13866666666666,0.08033333333333333,0.12133333333333335,65.91066666666666,0.009666666666666667,0.04500000000000001,0.7053333333333335,0.01566666666666667,0.10233333333333335,0.16333333333333336,0.06966666666666668,0.0,0.42633333333333334,0.44500000000000006,0.11900000000000001,0.242,0.084,0.173,0.048666666666666664,0.12433333333333332,0.07766666666666668,0.07566666666666669,1.0813333333333335,0.03966666666666666,0.10233333333333335,38.884,0.121,0.20166666666666663,60.519333333333314,0.084,0.116,72.73266666666665,0.007,0.035666666666666666,0.48533333333333323,0.01933333333333333,0.09033333333333333,0.21933333333333335,0.07566666666666669,0.0,0.49966666666666654
63,75,2009-04-21,9,2,2008-2009,Assis,Limeira,0,0.37900000000000006,0.11099999999999999,0.17333333333333334,0.09466666666666666,0.14,0.039,0.101,0.059666666666666666,0.06933333333333333,0.9753333333333334,0.037000000000000005,0.10933333333333334,34.510666666666665,0.08666666666666667,0.16466666666666668,52.59733333333334,0.09466666666666666,0.13133333333333336,72.97266666666668,0.006666666666666667,0.03400000000000001,0.5426666666666666,0.01566666666666667,0.10866666666666666,0.148,0.06933333333333333,0.0,0.37200000000000005,0.43000000000000005,0.12699999999999997,0.21000000000000002,0.093,0.14666666666666667,0.036333333333333336,0.11033333333333334,0.08166666666666665,0.07,1.2393333333333334,0.04233333333333334,0.114,37.273333333333326,0.10500000000000001,0.19033333333333333,55.154,0.093,0.12533333333333332,73.74466666666667,0.014000000000000002,0.04333333333333335,0.6053333333333334,0.021333333333333336,0.10133333333333334,0.2273333333333333,0.07,0.0,0.4636666666666666
86,58,2009-04-21,9,2,2008-2009,Bauru Basket,Coop/São José Basketball,1,0.41466666666666663,0.14200000000000002,0.194,0.07866666666666668,0.14133333333333334,0.04533333333333334,0.09600000000000002,0.07266666666666666,0.05466666666666667,1.6419999999999997,0.04733333333333333,0.121,38.59333333333334,0.097,0.17700000000000002,55.03666666666667,0.07866666666666668,0.10733333333333334,74.00266666666667,0.007000000000000001,0.03266666666666667,0.7326666666666666,0.008333333333333333,0.09500000000000001,0.08800000000000002,0.05466666666666667,0.0,0.4326666666666667,0.3826666666666666,0.12000000000000001,0.18800000000000003,0.07466666666666667,0.14933333333333332,0.050666666666666665,0.09866666666666665,0.06366666666666668,0.06966666666666667,0.9966666666666666,0.040000000000000015,0.12266666666666667,32.382666666666665,0.09400000000000001,0.19066666666666668,49.908,0.07466666666666667,0.10933333333333334,69.01466666666667,0.0036666666666666666,0.036666666666666674,0.5559999999999999,0.010333333333333335,0.11733333333333335,0.1006666666666667,0.06966666666666667,0.0,0.359
99,49,2009-04-22,9,2,2008-2009,Flamengo,Saldanha,1,0.47133333333333344,0.154,0.22266666666666665,0.09466666666666666,0.164,0.04266666666666667,0.12133333333333335,0.08933333333333333,0.06933333333333333,1.3820000000000001,0.051333333333333335,0.12833333333333335,40.178666666666665,0.11133333333333333,0.18233333333333335,61.13,0.09466666666666666,0.12166666666666669,79.41333333333333,0.009666666666666667,0.04300000000000001,0.6519999999999998,0.008333333333333333,0.10033333333333334,0.07800000000000001,0.06933333333333333,0.0,0.5316666666666666,0.372,0.117,0.19200000000000006,0.06299999999999999,0.15,0.04933333333333333,0.10066666666666668,0.064,0.091,0.7699999999999999,0.03900000000000001,0.11800000000000001,33.138000000000005,0.09600000000000003,0.18233333333333335,53.01533333333334,0.06299999999999999,0.10633333333333334,60.324,0.018666666666666668,0.05200000000000001,0.5980000000000001,0.009333333333333332,0.115,0.08333333333333333,0.091,0.0,0.3476666666666667
76,78,2009-04-22,9,2,2008-2009,Pinheiros,Brasília,0,0.4446666666666667,0.13899999999999998,0.2153333333333333,0.09033333333333333,0.15766666666666668,0.045000000000000005,0.11266666666666668,0.08166666666666664,0.06400000000000002,1.3313333333333333,0.04633333333333333,0.11866666666666668,39.43266666666667,0.10766666666666665,0.1876666666666667,57.79466666666667,0.09033333333333333,0.12033333333333336,75.21066666666665,0.016333333333333335,0.039333333333333324,0.6493333333333333,0.009333333333333334,0.08566666666666668,0.11133333333333333,0.06400000000000002,0.0,0.48633333333333345,0.45,0.11400000000000003,0.22533333333333333,0.11066666666666668,0.15733333333333333,0.035666666666666666,0.12166666666666666,0.07933333333333334,0.07400000000000001,1.1133333333333333,0.03800000000000001,0.10866666666666665,35.50599999999999,0.11266666666666666,0.1833333333333333,61.85733333333332,0.11066666666666668,0.14600000000000002,74.94266666666665,0.013333333333333332,0.04166666666666668,0.5880000000000002,0.02066666666666667,0.11299999999999999,0.20133333333333336,0.07400000000000001,0.0,0.4983333333333333
101,70,2009-04-22,9,2,2008-2009,Minas,Espírito Santo,1,0.44299999999999995,0.119,0.24000000000000002,0.08400000000000002,0.17066666666666663,0.05000000000000001,0.12066666666666669,0.07800000000000001,0.07566666666666667,1.0853333333333335,0.03966666666666667,0.101,39.18866666666667,0.12000000000000001,0.20199999999999999,59.823999999999984,0.08400000000000002,0.11633333333333334,72.47866666666667,0.007666666666666666,0.035333333333333335,0.4813333333333333,0.019000000000000003,0.09166666666666666,0.21066666666666667,0.07566666666666667,0.0,0.49466666666666653,0.37533333333333335,0.10400000000000001,0.19,0.08133333333333334,0.13600000000000004,0.038000000000000006,0.098,0.06766666666666667,0.06133333333333334,1.226,0.034666666666666665,0.10666666666666667,32.718666666666664,0.095,0.18066666666666667,52.868,0.08133333333333334,0.11933333333333332,68.032,0.005,0.03500000000000001,0.5973333333333333,0.007666666666666666,0.107,0.07266666666666667,0.06133333333333334,0.0,0.36466666666666664
75,80,2009-04-22,9,2,2008-2009,Lajeado,Araraquara,0,0.3633333333333333,0.09299999999999999,0.19666666666666668,0.07366666666666669,0.13233333333333333,0.04100000000000001,0.09133333333333334,0.05766666666666668,0.06899999999999999,0.876,0.031000000000000007,0.10000000000000002,30.291999999999998,0.09833333333333334,0.1953333333333333,50.92466666666667,0.07366666666666669,0.10366666666666667,70.41399999999999,0.0006666666666666666,0.03633333333333334,0.5566666666666666,0.006,0.10700000000000001,0.06200000000000001,0.06899999999999999,0.0,0.33066666666666666,0.382,0.12600000000000003,0.17866666666666664,0.07733333333333334,0.14,0.03600000000000001,0.10400000000000001,0.08066666666666666,0.08933333333333335,0.9606666666666666,0.04200000000000001,0.11766666666666667,35.60933333333333,0.08933333333333332,0.16599999999999998,54.07933333333334,0.07733333333333334,0.10500000000000001,73.00733333333332,0.009333333333333334,0.03900000000000001,0.4473333333333334,0.01766666666666667,0.114,0.17266666666666666,0.08933333333333335,0.0,0.38999999999999996
79,59,2009-04-22,9,2,2008-2009,Joinville,Sesi Franca,1,0.4076666666666667,0.13900000000000004,0.18800000000000003,0.08066666666666666,0.16766666666666669,0.054000000000000006,0.11366666666666668,0.07433333333333333,0.06966666666666667,1.1606666666666667,0.04633333333333334,0.13999999999999999,32.97533333333333,0.09400000000000001,0.1843333333333333,50.81466666666667,0.08066666666666666,0.12100000000000001,66.75266666666666,0.009666666666666667,0.04500000000000001,0.7053333333333335,0.016,0.10266666666666667,0.16599999999999998,0.06966666666666667,0.0,0.41666666666666674,0.4256666666666667,0.10600000000000001,0.2326666666666667,0.08700000000000002,0.15266666666666664,0.048333333333333346,0.10433333333333333,0.082,0.06666666666666667,1.3173333333333332,0.035333333333333335,0.09866666666666667,37.398,0.11633333333333334,0.22366666666666665,52.21133333333332,0.08700000000000002,0.11466666666666667,75.652,0.005,0.044666666666666674,0.7120000000000001,0.012,0.12033333333333335,0.10400000000000002,0.06666666666666667,0.0,0.452
63,60,2009-04-23,10,2,2008-2009,Assis,Coop/São José Basketball,1,0.3723333333333334,0.11,0.168,0.09433333333333334,0.13733333333333334,0.04,0.09733333333333334,0.060000000000000005,0.07033333333333333,0.9673333333333335,0.036666666666666674,0.10966666666666668,34.11533333333333,0.084,0.16266666666666665,51.586000000000006,0.09433333333333334,0.12966666666666668,73.50933333333336,0.006666666666666668,0.03433333333333334,0.5393333333333333,0.016,0.10866666666666668,0.15133333333333335,0.07033333333333333,0.0,0.3626666666666667,0.3783333333333333,0.11499999999999999,0.1886666666666667,0.07466666666666667,0.1476666666666667,0.05100000000000001,0.09666666666666665,0.060000000000000005,0.06799999999999999,0.968,0.03833333333333334,0.12266666666666667,30.716,0.09433333333333335,0.19099999999999998,50.001999999999995,0.07466666666666667,0.10766666666666667,70.30466666666668,0.0036666666666666666,0.035,0.544,0.009,0.11833333333333336,0.08733333333333335,0.06799999999999999,0.0,0.3479999999999999
89,77,2009-04-23,10,2,2008-2009,Bauru Basket,Limeira,1,0.4126666666666666,0.14300000000000004,0.19333333333333333,0.07633333333333335,0.14066666666666666,0.04466666666666667,0.096,0.07033333333333333,0.05500000000000001,1.542,0.04766666666666667,0.12066666666666666,39.06733333333334,0.09666666666666666,0.17633333333333337,55.09666666666667,0.07633333333333335,0.105,73.34133333333332,0.005333333333333333,0.03333333333333334,0.7406666666666666,0.008333333333333333,0.09366666666666669,0.09000000000000001,0.05500000000000001,0.0,0.42900000000000005,0.4270000000000001,0.129,0.2126666666666667,0.08533333333333332,0.14666666666666667,0.035666666666666666,0.111,0.08266666666666667,0.07133333333333333,1.2306666666666666,0.04300000000000001,0.111,39.00666666666666,0.10633333333333335,0.19066666666666665,55.82066666666667,0.08533333333333332,0.11833333333333333,71.93533333333335,0.014,0.04533333333333335,0.626,0.021333333333333336,0.101,0.228,0.07133333333333333,0.0,0.46633333333333327
68,73,2009-04-24,10,2,2008-2009,Paulistano,Brasília,0,0.3956666666666667,0.106,0.208,0.08166666666666665,0.16100000000000003,0.05533333333333334,0.10566666666666666,0.07166666666666668,0.08366666666666668,0.9526666666666667,0.03533333333333334,0.11366666666666665,31.654666666666664,0.104,0.19933333333333333,52.046666666666674,0.08166666666666665,0.11966666666666666,68.24533333333333,0.004333333333333333,0.04433333333333334,0.5666666666666667,0.015000000000000001,0.12033333333333333,0.12933333333333333,0.08366666666666668,0.0,0.3923333333333333,0.4476666666666666,0.11200000000000003,0.2246666666666667,0.111,0.15233333333333335,0.035333333333333335,0.117,0.08033333333333334,0.07400000000000002,1.1219999999999999,0.03733333333333334,0.10400000000000001,36.696666666666665,0.11233333333333335,0.1833333333333333,61.702666666666666,0.111,0.14500000000000002,76.25933333333333,0.013999999999999997,0.04166666666666668,0.5880000000000002,0.02066666666666667,0.11099999999999999,0.2026666666666667,0.07400000000000002,0.0,0.497
108,76,2009-04-24,10,2,2008-2009,Minas,Saldanha,1,0.44533333333333336,0.123,0.23933333333333331,0.08299999999999999,0.16999999999999998,0.04866666666666667,0.12133333333333335,0.082,0.07600000000000001,1.1239999999999999,0.04100000000000001,0.10266666666666667,39.77666666666667,0.11966666666666666,0.2013333333333333,59.84599999999999,0.08299999999999999,0.11466666666666668,72.742,0.006999999999999998,0.037,0.4973333333333333,0.02066666666666667,0.08966666666666664,0.234,0.07600000000000001,0.0,0.5039999999999999,0.36666666666666675,0.123,0.18333333333333332,0.060333333333333336,0.149,0.04933333333333334,0.09966666666666665,0.06366666666666668,0.08966666666666669,0.7713333333333333,0.041,0.12366666666666667,33.706,0.09166666666666666,0.18066666666666667,51.06266666666667,0.060333333333333336,0.10133333333333332,60.49666666666667,0.01666666666666667,0.04833333333333334,0.5706666666666667,0.009,0.11366666666666668,0.08,0.08966666666666669,0.0,0.33433333333333337
94,69,2009-04-24,10,2,2008-2009,Joinville,Araraquara,1,0.40633333333333327,0.13799999999999998,0.18866666666666668,0.07966666666666668,0.16833333333333333,0.053333333333333344,0.11500000000000002,0.07433333333333333,0.06933333333333332,1.1653333333333333,0.04600000000000001,0.13699999999999998,33.39866666666667,0.09433333333333334,0.183,51.49066666666667,0.07966666666666668,0.12033333333333335,66.19733333333333,0.010333333333333335,0.046333333333333344,0.7246666666666667,0.01566666666666667,0.10366666666666667,0.16,0.06933333333333332,0.0,0.42133333333333334,0.382,0.12700000000000003,0.17466666666666666,0.08033333333333334,0.13733333333333334,0.03600000000000001,0.10133333333333333,0.07733333333333334,0.08566666666666668,0.9646666666666665,0.04233333333333334,0.11766666666666667,35.92666666666666,0.08733333333333333,0.16299999999999995,53.75666666666667,0.08033333333333334,0.10733333333333332,74.364,0.009666666666666667,0.03933333333333334,0.4866666666666667,0.016,0.116,0.15333333333333332,0.08566666666666668,0.0,0.3883333333333333
82,89,2009-04-24,10,2,2008-2009,Lajeado,Sesi Franca,0,0.35833333333333334,0.091,0.1933333333333333,0.07400000000000001,0.12933333333333333,0.04133333333333334,0.08800000000000001,0.055333333333333345,0.06566666666666666,0.9246666666666667,0.030333333333333337,0.09933333333333334,29.829333333333338,0.09666666666666665,0.19299999999999998,50.763333333333335,0.07400000000000001,0.10433333333333335,70.20733333333332,0.0006666666666666666,0.03633333333333334,0.6013333333333333,0.006,0.10766666666666667,0.06133333333333332,0.06566666666666666,0.0,0.32400000000000007,0.4173333333333334,0.10400000000000001,0.226,0.08733333333333333,0.14833333333333337,0.045666666666666675,0.10266666666666667,0.08133333333333333,0.068,1.286,0.034666666666666665,0.09766666666666665,37.080666666666666,0.113,0.21900000000000003,51.65,0.08733333333333333,0.11300000000000002,76.98866666666666,0.004333333333333333,0.044666666666666674,0.7006666666666668,0.011000000000000001,0.11700000000000002,0.096,0.068,0.0,0.44000000000000006
89,68,2009-04-24,10,2,2008-2009,Flamengo,Espírito Santo,1,0.4676666666666668,0.15400000000000003,0.21933333333333335,0.09433333333333334,0.16533333333333336,0.04133333333333333,0.12400000000000001,0.09233333333333334,0.06966666666666668,1.4166666666666667,0.05133333333333333,0.12800000000000003,40.30866666666667,0.10966666666666668,0.18000000000000002,61.07533333333333,0.09433333333333334,0.12166666666666667,79.12333333333332,0.009666666666666667,0.04266666666666667,0.6433333333333332,0.008333333333333335,0.09899999999999999,0.08066666666666666,0.06966666666666668,0.0,0.5323333333333333,0.37066666666666664,0.10000000000000002,0.19,0.08066666666666668,0.13766666666666666,0.03966666666666666,0.098,0.06799999999999999,0.066,1.1706666666666665,0.03333333333333333,0.10366666666666666,32.443333333333335,0.095,0.18166666666666664,52.66466666666666,0.08066666666666668,0.12033333333333333,66.23933333333333,0.005333333333333333,0.037000000000000005,0.5840000000000001,0.008666666666666666,0.10633333333333335,0.08266666666666667,0.066,0.0,0.35933333333333334
82,77,2009-04-29,11,2,2008-2009,Brasília,Minas,1,0.44,0.115,0.21466666666666667,0.11033333333333334,0.151,0.03566666666666666,0.11533333333333333,0.07866666666666665,0.07733333333333334,1.0719999999999998,0.038333333333333344,0.10533333333333332,37.139333333333326,0.10733333333333334,0.17999999999999997,59.94599999999999,0.11033333333333334,0.143,76.88666666666667,0.013999999999999997,0.04333333333333334,0.5893333333333336,0.02166666666666667,0.11033333333333334,0.21333333333333335,0.07733333333333334,0.0,0.48500000000000004,0.4483333333333333,0.119,0.24333333333333335,0.08600000000000001,0.16966666666666666,0.04833333333333334,0.12133333333333335,0.08400000000000002,0.07633333333333334,1.144,0.03966666666666667,0.103,38.284666666666666,0.12166666666666667,0.20266666666666663,60.441333333333326,0.08600000000000001,0.11833333333333335,73.06933333333333,0.006333333333333333,0.037,0.4953333333333333,0.01966666666666667,0.088,0.22400000000000006,0.07633333333333334,0.0,0.5056666666666666
94,87,2009-04-29,11,2,2008-2009,Assis,Lajeado,1,0.36633333333333334,0.10899999999999999,0.16400000000000003,0.09333333333333332,0.13999999999999999,0.03900000000000001,0.101,0.05833333333333335,0.07,0.9413333333333334,0.03633333333333334,0.11066666666666668,33.21866666666667,0.08200000000000002,0.16099999999999998,51.01199999999999,0.09333333333333332,0.12566666666666668,75.13866666666668,0.006333333333333334,0.03166666666666667,0.49266666666666664,0.016666666666666666,0.10800000000000001,0.16333333333333336,0.07,0.0,0.35733333333333334,0.3626666666666667,0.09200000000000001,0.1953333333333333,0.07533333333333334,0.129,0.04033333333333334,0.08866666666666666,0.05700000000000001,0.06466666666666668,0.9626666666666668,0.03066666666666667,0.09800000000000002,30.464666666666666,0.09766666666666665,0.1913333333333333,51.76866666666667,0.07533333333333334,0.10400000000000001,71.82133333333333,0.0006666666666666666,0.036000000000000004,0.6026666666666666,0.006,0.10600000000000004,0.06266666666666665,0.06466666666666668,0.0,0.3363333333333333
89,86,2009-04-29,11,2,2008-2009,Bauru Basket,Joinville,1,0.41000000000000003,0.13899999999999996,0.1913333333333333,0.07966666666666669,0.14566666666666667,0.04733333333333333,0.09833333333333334,0.069,0.054000000000000006,1.544,0.04633333333333334,0.11900000000000001,38.744666666666674,0.09566666666666665,0.17866666666666667,53.73666666666667,0.07966666666666669,0.10900000000000001,73.70733333333332,0.005000000000000001,0.033,0.7453333333333333,0.008333333333333333,0.095,0.08866666666666667,0.054000000000000006,0.0,0.427,0.4136666666666666,0.142,0.18933333333333333,0.08233333333333334,0.16666666666666666,0.05000000000000001,0.11666666666666667,0.07833333333333334,0.06999999999999999,1.2146666666666668,0.047333333333333345,0.13666666666666666,34.81133333333334,0.09466666666666666,0.18133333333333335,52.102000000000004,0.08233333333333334,0.12066666666666669,68.49133333333333,0.010000000000000002,0.04833333333333334,0.748,0.014333333333333332,0.10500000000000001,0.1406666666666667,0.06999999999999999,0.0,0.4370000000000001
95,87,2009-04-29,11,2,2008-2009,Pinheiros,Sesi Franca,1,0.43633333333333335,0.132,0.21533333333333332,0.08900000000000001,0.15600000000000003,0.04566666666666667,0.11033333333333335,0.07899999999999999,0.063,1.313333333333333,0.044000000000000004,0.11933333333333336,37.602000000000004,0.10766666666666666,0.19133333333333338,56.68333333333333,0.08900000000000001,0.11833333333333335,75.58933333333333,0.01566666666666667,0.04133333333333334,0.6866666666666666,0.009000000000000003,0.08533333333333333,0.10800000000000003,0.063,0.0,0.4703333333333334,0.4216666666666667,0.11,0.22266666666666673,0.089,0.151,0.04633333333333335,0.10466666666666666,0.08466666666666667,0.068,1.3526666666666667,0.03666666666666667,0.10166666666666666,37.772000000000006,0.11133333333333337,0.21533333333333335,51.75733333333333,0.089,0.1146666666666667,77.31066666666666,0.004666666666666667,0.04600000000000001,0.7273333333333334,0.011000000000000001,0.11466666666666668,0.096,0.068,0.0,0.4516666666666667
78,62,2009-04-29,11,2,2008-2009,Paulistano,Araraquara,1,0.39299999999999996,0.10899999999999999,0.20333333333333334,0.08066666666666665,0.15933333333333335,0.055000000000000014,0.10433333333333335,0.07100000000000001,0.083,0.95,0.03633333333333334,0.113,32.77266666666666,0.10166666666666667,0.19966666666666671,50.63933333333334,0.08066666666666665,0.11533333333333336,69.984,0.004666666666666667,0.04200000000000001,0.5493333333333335,0.015333333333333334,0.12133333333333332,0.13066666666666665,0.083,0.0,0.38833333333333336,0.3786666666666667,0.12100000000000002,0.17666666666666667,0.081,0.13866666666666666,0.03633333333333334,0.10233333333333333,0.077,0.08700000000000001,0.946,0.04033333333333334,0.11766666666666667,34.498000000000005,0.08833333333333333,0.16699999999999998,53.18533333333333,0.081,0.109,73.69733333333333,0.009666666666666667,0.04033333333333334,0.4913333333333334,0.01633333333333333,0.115,0.158,0.08700000000000001,0.0,0.37999999999999995
69,64,2009-04-29,11,2,2008-2009,Coop/São José Basketball,Espírito Santo,1,0.3703333333333333,0.108,0.19066666666666668,0.07166666666666667,0.15,0.052000000000000005,0.098,0.059000000000000004,0.06833333333333333,0.94,0.03600000000000001,0.11633333333333334,30.672666666666665,0.09533333333333334,0.19133333333333333,50.48333333333334,0.07166666666666667,0.10433333333333333,69.68066666666665,0.0036666666666666666,0.03500000000000001,0.5406666666666666,0.008333333333333333,0.11466666666666668,0.08466666666666667,0.06833333333333333,0.0,0.3453333333333334,0.37099999999999994,0.10200000000000002,0.19,0.079,0.13733333333333334,0.03900000000000001,0.09833333333333334,0.06566666666666666,0.06833333333333334,1.1239999999999999,0.034,0.10233333333333333,33.61266666666666,0.095,0.181,52.849333333333334,0.079,0.11799999999999998,66.00733333333334,0.005333333333333334,0.036333333333333336,0.5626666666666668,0.008,0.10700000000000001,0.076,0.06833333333333334,0.0,0.35666666666666663
89,71,2009-04-29,11,2,2008-2009,Limeira,Saldanha,1,0.4233333333333334,0.132,0.20933333333333334,0.082,0.14266666666666664,0.03366666666666666,0.109,0.086,0.07000000000000002,1.3180000000000003,0.04400000000000002,0.11033333333333335,39.964666666666666,0.10466666666666667,0.18499999999999997,56.339333333333336,0.082,0.11266666666666668,72.90866666666668,0.014333333333333333,0.04233333333333334,0.5966666666666666,0.021000000000000005,0.10133333333333333,0.22400000000000003,0.07000000000000002,0.0,0.468,0.36700000000000005,0.126,0.17933333333333337,0.06166666666666667,0.15066666666666664,0.052666666666666674,0.09799999999999999,0.060000000000000005,0.08933333333333335,0.724,0.04200000000000001,0.12466666666666668,34.27133333333334,0.08966666666666669,0.17866666666666667,50.53666666666667,0.06166666666666667,0.10566666666666666,58.95866666666667,0.01666666666666667,0.04800000000000001,0.5693333333333334,0.008,0.11200000000000002,0.07333333333333333,0.08933333333333335,0.0,0.32866666666666666
92,100,2009-05-01,12,2,2008-2009,Brasília,Flamengo,0,0.4323333333333333,0.11,0.21600000000000003,0.10633333333333334,0.151,0.035666666666666666,0.11533333333333334,0.07466666666666666,0.07400000000000002,1.0639999999999998,0.036666666666666674,0.10500000000000001,35.99066666666667,0.10800000000000001,0.1853333333333333,58.41866666666666,0.10633333333333334,0.13833333333333336,76.25466666666667,0.012666666666666666,0.04266666666666667,0.5973333333333334,0.020000000000000004,0.10933333333333332,0.19866666666666666,0.07400000000000002,0.0,0.46900000000000003,0.4630000000000001,0.147,0.22,0.09600000000000002,0.1673333333333334,0.04100000000000001,0.12633333333333333,0.09000000000000001,0.06933333333333333,1.3846666666666667,0.049,0.128,38.27933333333333,0.11,0.18133333333333335,60.833999999999996,0.09600000000000002,0.12566666666666668,77.98733333333334,0.010000000000000002,0.045333333333333344,0.7,0.009000000000000003,0.10200000000000001,0.08666666666666667,0.06933333333333333,0.0,0.5253333333333334
73,63,2009-05-01,12,2,2008-2009,Bauru Basket,Lajeado,1,0.41166666666666674,0.132,0.19666666666666663,0.08300000000000002,0.15099999999999997,0.04900000000000001,0.102,0.06766666666666668,0.051333333333333335,1.666,0.044000000000000004,0.117,37.46733333333334,0.09833333333333331,0.18500000000000003,53.392,0.08300000000000002,0.11366666666666667,73.86066666666666,0.006000000000000001,0.033666666666666664,0.8119999999999999,0.008666666666666666,0.09766666666666667,0.09200000000000001,0.051333333333333335,0.0,0.431,0.36966666666666664,0.09400000000000001,0.19866666666666669,0.077,0.12566666666666668,0.03800000000000001,0.08766666666666668,0.05966666666666667,0.06300000000000001,1.0533333333333335,0.03133333333333333,0.098,31.166666666666668,0.09933333333333334,0.18866666666666668,53.086,0.077,0.10566666666666666,72.18333333333334,0.0013333333333333333,0.034666666666666665,0.6046666666666667,0.004666666666666667,0.10900000000000003,0.04466666666666666,0.06300000000000001,0.0,0.3466666666666667
76,87,2009-05-01,12,2,2008-2009,Assis,Joinville,0,0.37166666666666676,0.11199999999999997,0.164,0.09566666666666666,0.1396666666666667,0.04033333333333334,0.09933333333333333,0.05800000000000002,0.06833333333333334,0.9553333333333334,0.03733333333333335,0.11166666666666666,33.80066666666667,0.082,0.15966666666666665,51.38333333333333,0.09566666666666666,0.12933333333333333,74.81333333333332,0.006666666666666668,0.031000000000000007,0.49133333333333334,0.015999999999999997,0.107,0.16000000000000003,0.06833333333333334,0.0,0.3623333333333333,0.41633333333333333,0.14100000000000001,0.19266666666666668,0.08266666666666667,0.163,0.048333333333333346,0.11466666666666668,0.07699999999999999,0.06766666666666667,1.2593333333333334,0.047000000000000014,0.13566666666666669,34.842,0.09633333333333334,0.18300000000000002,52.55466666666666,0.08266666666666667,0.11933333333333335,69.53999999999999,0.009333333333333334,0.04666666666666667,0.7380000000000001,0.014333333333333335,0.10700000000000001,0.13799999999999998,0.06766666666666667,0.0,0.43766666666666676
101,69,2009-05-01,12,2,2008-2009,Pinheiros,Araraquara,1,0.4403333333333333,0.13299999999999998,0.22066666666666668,0.08666666666666668,0.15700000000000003,0.04800000000000001,0.10900000000000001,0.079,0.060666666666666674,1.352,0.04433333333333334,0.12033333333333336,37.602000000000004,0.11033333333333334,0.19333333333333336,57.59333333333333,0.08666666666666668,0.11566666666666668,75.36333333333333,0.016333333333333335,0.04066666666666666,0.6873333333333334,0.009333333333333334,0.08533333333333333,0.11200000000000002,0.060666666666666674,0.0,0.47766666666666674,0.37900000000000006,0.11999999999999998,0.18,0.07899999999999999,0.13433333333333333,0.03533333333333335,0.09899999999999999,0.07566666666666665,0.08433333333333334,0.9526666666666667,0.040000000000000015,0.11700000000000002,34.389333333333326,0.09,0.1683333333333333,53.87866666666667,0.07899999999999999,0.10666666666666667,73.12533333333334,0.009666666666666667,0.03966666666666666,0.5000000000000001,0.015666666666666666,0.11466666666666667,0.15133333333333335,0.08433333333333334,0.0,0.37699999999999995
85,88,2009-05-01,12,2,2008-2009,Limeira,Espírito Santo,0,0.42633333333333334,0.13199999999999998,0.21533333333333335,0.07899999999999999,0.14633333333333332,0.03633333333333333,0.11,0.08733333333333332,0.06966666666666668,1.3453333333333335,0.04400000000000002,0.11233333333333335,39.282666666666664,0.10766666666666667,0.18999999999999997,56.568000000000005,0.07899999999999999,0.107,73.634,0.01566666666666667,0.04333333333333334,0.6153333333333334,0.01966666666666667,0.09933333333333333,0.21666666666666667,0.06966666666666668,0.0,0.4746666666666667,0.3693333333333333,0.10400000000000001,0.18599999999999997,0.07933333333333334,0.13966666666666666,0.038000000000000006,0.10166666666666666,0.066,0.07366666666666667,1.0606666666666666,0.034666666666666665,0.10333333333333333,34.035999999999994,0.09299999999999999,0.1783333333333333,52.45733333333333,0.07933333333333334,0.11733333333333333,66.79533333333333,0.005000000000000001,0.037000000000000005,0.5086666666666666,0.008,0.10833333333333335,0.07466666666666667,0.07366666666666667,0.0,0.3543333333333333
88,77,2009-05-01,12,2,2008-2009,Coop/São José Basketball,Saldanha,1,0.369,0.10399999999999997,0.19200000000000003,0.073,0.153,0.05300000000000001,0.09999999999999999,0.05833333333333334,0.07066666666666667,0.92,0.03466666666666667,0.117,29.60866666666666,0.09600000000000002,0.18800000000000003,51.961999999999996,0.073,0.107,68.46066666666667,0.004,0.03566666666666667,0.5359999999999999,0.008666666666666666,0.11566666666666667,0.08666666666666666,0.07066666666666667,0.0,0.3456666666666666,0.3636666666666667,0.12899999999999998,0.1726666666666667,0.06200000000000001,0.15066666666666664,0.05133333333333334,0.09933333333333332,0.061333333333333344,0.09133333333333335,0.7173333333333333,0.043000000000000003,0.129,33.76666666666667,0.08633333333333335,0.17366666666666666,49.85,0.06200000000000001,0.10400000000000001,60.566,0.01566666666666667,0.04900000000000001,0.5706666666666665,0.008666666666666666,0.11300000000000002,0.07933333333333333,0.09133333333333335,0.0,0.3266666666666666
70,76,2009-05-01,12,2,2008-2009,Paulistano,Sesi Franca,0,0.3929999999999999,0.11,0.20400000000000004,0.07899999999999999,0.15666666666666668,0.053333333333333344,0.10333333333333333,0.07000000000000002,0.08433333333333333,0.9173333333333334,0.036666666666666674,0.111,34.106,0.10200000000000002,0.199,51.001999999999995,0.07899999999999999,0.11100000000000002,71.55,0.004666666666666667,0.04300000000000001,0.5553333333333333,0.014666666666666668,0.11699999999999999,0.132,0.08433333333333333,0.0,0.3896666666666667,0.42966666666666664,0.11,0.23066666666666671,0.089,0.14833333333333334,0.04433333333333334,0.104,0.087,0.06766666666666667,1.4166666666666667,0.03666666666666667,0.10066666666666665,38.10666666666667,0.11533333333333336,0.2176666666666667,52.86266666666666,0.089,0.11366666666666667,78.19933333333333,0.005333333333333333,0.04433333333333335,0.6980000000000002,0.01,0.11700000000000002,0.08600000000000001,0.06766666666666667,0.0,0.46066666666666667
84,72,2009-05-03,6,1,2008-2009,Flamengo,Assis,1,0.4616666666666667,0.142,0.21533333333333332,0.10433333333333335,0.17133333333333337,0.04366666666666667,0.12766666666666668,0.09100000000000001,0.07066666666666668,1.379333333333333,0.047333333333333345,0.12866666666666668,36.80799999999999,0.10766666666666666,0.17866666666666664,60.47533333333333,0.10433333333333335,0.13833333333333334,77.16866666666667,0.009666666666666669,0.04700000000000001,0.7113333333333334,0.010000000000000002,0.10633333333333332,0.09333333333333334,0.07066666666666668,0.0,0.5239999999999999,0.374,0.10899999999999999,0.16933333333333334,0.09566666666666666,0.142,0.03833333333333334,0.10366666666666666,0.06100000000000002,0.067,0.9999999999999999,0.03633333333333335,0.10899999999999999,33.787333333333336,0.08466666666666667,0.16166666666666663,52.562666666666665,0.09566666666666666,0.13166666666666668,73.66400000000002,0.007666666666666668,0.03133333333333333,0.5013333333333333,0.016666666666666666,0.10500000000000001,0.16999999999999998,0.067,0.0,0.3723333333333333
95,73,2009-05-03,8,1,2008-2009,Minas,Lajeado,1,0.44500000000000006,0.119,0.2406666666666667,0.08533333333333333,0.1753333333333333,0.048000000000000015,0.12733333333333335,0.08533333333333336,0.07833333333333334,1.140666666666667,0.03966666666666667,0.10266666666666666,38.35466666666666,0.12033333333333335,0.2053333333333333,59.127333333333326,0.08533333333333333,0.11666666666666667,73.47266666666668,0.005666666666666667,0.036000000000000004,0.46599999999999997,0.019333333333333334,0.087,0.22200000000000003,0.07833333333333334,0.0,0.5033333333333333,0.369,0.099,0.19866666666666669,0.07133333333333333,0.12566666666666668,0.035333333333333335,0.09033333333333335,0.060666666666666674,0.05966666666666668,1.0973333333333337,0.032999999999999995,0.09966666666666664,32.294,0.09933333333333334,0.18833333333333335,53.216,0.07133333333333333,0.09933333333333332,69.57199999999999,0.0013333333333333333,0.034,0.6093333333333333,0.004333333333333333,0.10600000000000002,0.04133333333333334,0.05966666666666668,0.0,0.35033333333333333
82,71,2009-05-05,13,2,2008-2009,Sesi Franca,Minas,1,0.42166666666666663,0.10699999999999998,0.22666666666666668,0.088,0.15133333333333335,0.04433333333333335,0.107,0.084,0.07,1.3173333333333332,0.03566666666666666,0.10133333333333333,36.77333333333333,0.11333333333333334,0.21700000000000003,52.164,0.088,0.111,79.018,0.005333333333333333,0.04300000000000002,0.6593333333333334,0.010333333333333333,0.11766666666666671,0.08800000000000001,0.07,0.0,0.448,0.4496666666666666,0.12299999999999998,0.24466666666666667,0.08199999999999999,0.17666666666666667,0.048666666666666684,0.12800000000000003,0.09000000000000002,0.07733333333333332,1.2133333333333336,0.04100000000000001,0.104,39.35466666666666,0.12233333333333334,0.20400000000000001,60.383333333333326,0.08199999999999999,0.11399999999999998,72.422,0.006333333333333334,0.036333333333333336,0.4773333333333333,0.019333333333333334,0.08633333333333333,0.224,0.07733333333333332,0.0,0.518
76,34,2009-05-06,13,2,2008-2009,Espírito Santo,Assis,1,0.37766666666666665,0.10800000000000001,0.19066666666666665,0.079,0.14166666666666664,0.03833333333333334,0.10333333333333333,0.07033333333333334,0.07400000000000001,1.1239999999999999,0.03600000000000001,0.10400000000000001,35.05733333333333,0.09533333333333333,0.18299999999999994,52.19533333333333,0.079,0.11833333333333335,65.22466666666666,0.005333333333333334,0.03900000000000001,0.5393333333333333,0.008333333333333333,0.10833333333333335,0.07666666666666667,0.07400000000000001,0.0,0.36799999999999994,0.37033333333333335,0.10299999999999998,0.17666666666666667,0.09066666666666665,0.146,0.03866666666666667,0.10733333333333332,0.06166666666666668,0.06566666666666666,1.0373333333333332,0.03433333333333334,0.10666666666666666,32.75533333333334,0.08833333333333333,0.17066666666666663,51.842666666666666,0.09066666666666665,0.125,74.16733333333333,0.008333333333333335,0.030000000000000006,0.4893333333333334,0.017333333333333333,0.10533333333333333,0.17600000000000002,0.06566666666666666,0.0,0.37066666666666664
85,81,2009-05-06,13,2,2008-2009,Joinville,Brasília,1,0.4226666666666665,0.148,0.19133333333333333,0.08333333333333333,0.15833333333333333,0.045666666666666675,0.11266666666666665,0.078,0.06633333333333334,1.2860000000000003,0.04933333333333334,0.13500000000000004,37.05666666666666,0.09566666666666666,0.1806666666666667,52.85466666666666,0.08333333333333333,0.11966666666666669,70.07933333333332,0.009333333333333334,0.045000000000000005,0.7286666666666668,0.014333333333333335,0.10866666666666669,0.136,0.06633333333333334,0.0,0.4450000000000001,0.43333333333333335,0.112,0.21333333333333335,0.108,0.14666666666666667,0.03266666666666666,0.11400000000000002,0.07366666666666667,0.07433333333333333,1.0479999999999998,0.037333333333333336,0.10699999999999998,35.974666666666664,0.10666666666666667,0.18066666666666664,58.96333333333334,0.108,0.14033333333333337,76.298,0.012666666666666666,0.04266666666666667,0.5946666666666667,0.01966666666666667,0.115,0.19266666666666665,0.07433333333333333,0.0,0.4656666666666667
69,76,2009-05-06,13,2,2008-2009,Araraquara,Flamengo,0,0.37666666666666665,0.12100000000000001,0.17866666666666664,0.07699999999999999,0.13166666666666668,0.03433333333333334,0.09733333333333334,0.07633333333333334,0.08733333333333333,0.9253333333333332,0.04033333333333334,0.11800000000000002,34.38933333333333,0.08933333333333332,0.16699999999999998,53.87866666666666,0.07699999999999999,0.10333333333333332,73.17,0.011666666666666667,0.04000000000000001,0.48400000000000004,0.013333333333333334,0.11333333333333333,0.13266666666666668,0.08733333333333333,0.0,0.36899999999999994,0.465,0.145,0.21733333333333338,0.10266666666666668,0.1716666666666667,0.04333333333333334,0.12833333333333333,0.09000000000000001,0.07166666666666668,1.3166666666666667,0.048333333333333346,0.12966666666666668,37.462666666666664,0.10866666666666669,0.18133333333333335,60.18333333333332,0.10266666666666668,0.13466666666666663,78.07733333333333,0.008666666666666666,0.046666666666666676,0.6733333333333333,0.011333333333333334,0.10566666666666666,0.10800000000000001,0.07166666666666668,0.0,0.527
80,72,2009-05-06,13,2,2008-2009,Limeira,Pinheiros,1,0.42500000000000004,0.13099999999999998,0.21200000000000002,0.082,0.145,0.037000000000000005,0.108,0.08600000000000001,0.07033333333333334,1.3093333333333335,0.04366666666666667,0.11533333333333334,38.32266666666666,0.10600000000000001,0.1863333333333333,56.84466666666666,0.082,0.11233333333333334,72.59066666666666,0.01633333333333333,0.04133333333333335,0.5793333333333336,0.018666666666666668,0.09933333333333333,0.20666666666666667,0.07033333333333334,0.0,0.4633333333333333,0.4426666666666666,0.13299999999999998,0.22133333333333335,0.08833333333333335,0.16,0.046000000000000006,0.11400000000000002,0.081,0.06233333333333334,1.344,0.04433333333333334,0.12066666666666669,37.47933333333334,0.11066666666666668,0.18933333333333333,58.50999999999999,0.08833333333333335,0.11833333333333335,74.83066666666667,0.017666666666666667,0.043333333333333335,0.7026666666666668,0.010000000000000002,0.08299999999999999,0.12200000000000001,0.06233333333333334,0.0,0.48966666666666664
82,79,2009-05-06,13,2,2008-2009,Coop/São José Basketball,Paulistano,1,0.37566666666666665,0.10399999999999997,0.198,0.07366666666666667,0.15499999999999997,0.052666666666666674,0.10233333333333332,0.058000000000000024,0.07066666666666667,0.9153333333333333,0.03466666666666667,0.11566666666666667,29.865999999999996,0.099,0.19033333333333333,53.066,0.07366666666666667,0.10766666666666666,68.54,0.004666666666666667,0.03466666666666667,0.5226666666666666,0.009333333333333334,0.11466666666666668,0.09266666666666667,0.07066666666666667,0.0,0.3556666666666667,0.3883333333333333,0.11,0.20000000000000004,0.07833333333333332,0.15633333333333332,0.05166666666666667,0.10466666666666667,0.06800000000000002,0.08266666666666667,0.9053333333333332,0.03666666666666667,0.11066666666666668,34.18533333333333,0.10000000000000002,0.1946666666666667,51.07,0.07833333333333332,0.11133333333333335,70.82199999999999,0.004333333333333333,0.04,0.5286666666666667,0.015333333333333334,0.11566666666666667,0.1406666666666667,0.08266666666666667,0.0,0.3836666666666666
75,95,2009-05-06,13,2,2008-2009,Saldanha,Bauru Basket,0,0.36399999999999993,0.13099999999999998,0.17,0.063,0.149,0.05000000000000001,0.09899999999999999,0.06533333333333333,0.09233333333333335,0.7553333333333333,0.043666666666666666,0.13233333333333333,33.258,0.085,0.17233333333333334,49.47933333333334,0.063,0.103,61.994666666666674,0.015666666666666666,0.049000000000000016,0.5640000000000001,0.008,0.11200000000000002,0.07400000000000002,0.09233333333333335,0.0,0.32699999999999996,0.41400000000000003,0.13299999999999998,0.19933333333333333,0.08166666666666669,0.15033333333333332,0.05066666666666667,0.09966666666666667,0.067,0.04866666666666667,1.694,0.04433333333333334,0.11833333333333333,37.330000000000005,0.09966666666666667,0.18633333333333335,53.76333333333333,0.08166666666666669,0.10933333333333332,75.70399999999998,0.006000000000000001,0.03433333333333334,0.8339999999999999,0.008,0.09533333333333333,0.08466666666666667,0.04866666666666667,0.0,0.4366666666666667
68,77,2009-05-08,14,2,2008-2009,Espírito Santo,Bauru Basket,0,0.372,0.1,0.192,0.08000000000000002,0.14299999999999996,0.03900000000000001,0.104,0.06500000000000002,0.07333333333333333,1.052,0.03333333333333334,0.099,34.31666666666667,0.096,0.18499999999999997,51.93533333333333,0.08000000000000002,0.12033333333333335,64.90733333333333,0.005666666666666668,0.04133333333333334,0.5926666666666667,0.008333333333333333,0.10533333333333333,0.07933333333333333,0.07333333333333333,0.0,0.3613333333333333,0.4266666666666667,0.14,0.20466666666666664,0.08200000000000002,0.1536666666666667,0.054000000000000006,0.09966666666666667,0.0676666666666667,0.04700000000000002,1.718,0.04666666666666666,0.119,38.718666666666664,0.10233333333333332,0.18966666666666668,54.13999999999999,0.08200000000000002,0.11099999999999999,73.87866666666666,0.007666666666666668,0.03666666666666667,0.8799999999999998,0.008333333333333333,0.09499999999999999,0.08933333333333333,0.04700000000000002,0.0,0.45733333333333337
78,81,2009-05-08,14,2,2008-2009,Araraquara,Minas,0,0.3739999999999999,0.12000000000000002,0.18066666666666667,0.07333333333333332,0.13266666666666665,0.03400000000000001,0.09866666666666667,0.07433333333333333,0.08466666666666667,0.958,0.04000000000000001,0.11733333333333332,34.26199999999999,0.09033333333333333,0.17466666666666666,52.12333333333333,0.07333333333333332,0.09999999999999999,71.972,0.012333333333333333,0.04166666666666667,0.5346666666666666,0.013666666666666666,0.115,0.13333333333333333,0.08466666666666667,0.0,0.3633333333333333,0.44166666666666665,0.11899999999999998,0.24133333333333334,0.08133333333333331,0.17466666666666666,0.047666666666666684,0.12700000000000003,0.09000000000000002,0.079,1.1733333333333331,0.03966666666666667,0.103,38.25666666666666,0.12066666666666667,0.20133333333333334,60.30199999999999,0.08133333333333331,0.11399999999999998,71.638,0.006333333333333333,0.03733333333333334,0.47799999999999987,0.018333333333333333,0.08766666666666666,0.21000000000000002,0.079,0.0,0.5063333333333333
67,94,2009-05-08,14,2,2008-2009,Lajeado,Brasília,0,0.3706666666666667,0.102,0.19933333333333333,0.06933333333333333,0.12533333333333332,0.035333333333333335,0.09000000000000001,0.06166666666666667,0.05800000000000002,1.1613333333333336,0.033999999999999996,0.10133333333333333,32.73866666666666,0.09966666666666667,0.19266666666666665,52.532,0.06933333333333333,0.09699999999999999,69.02666666666667,0.0013333333333333333,0.033666666666666664,0.6353333333333333,0.004666666666666667,0.10700000000000001,0.04400000000000001,0.05800000000000002,0.0,0.3499999999999999,0.433,0.11399999999999996,0.21466666666666664,0.10433333333333333,0.146,0.033666666666666664,0.11233333333333334,0.074,0.07566666666666667,1.0386666666666666,0.038000000000000006,0.107,36.53,0.10733333333333332,0.18099999999999997,59.24399999999999,0.10433333333333333,0.13600000000000004,76.25,0.013333333333333334,0.04266666666666667,0.5820000000000001,0.018000000000000002,0.11199999999999997,0.18133333333333332,0.07566666666666667,0.0,0.4636666666666667
81,86,2009-05-08,14,2,2008-2009,Sesi Franca,Flamengo,0,0.414,0.10400000000000001,0.21866666666666668,0.09133333333333332,0.148,0.04400000000000001,0.10400000000000001,0.08333333333333333,0.07100000000000001,1.2613333333333334,0.034666666666666665,0.10033333333333334,36.297333333333334,0.10933333333333334,0.20933333333333334,52.105333333333334,0.09133333333333332,0.11433333333333334,79.502,0.004333333333333333,0.04400000000000001,0.6613333333333334,0.010333333333333335,0.1146666666666667,0.09000000000000001,0.07100000000000001,0.0,0.44000000000000006,0.4643333333333334,0.14,0.21933333333333332,0.105,0.17466666666666666,0.04200000000000001,0.13266666666666665,0.09100000000000001,0.07066666666666668,1.3373333333333333,0.046666666666666676,0.128,36.50866666666668,0.10966666666666666,0.182,60.586,0.105,0.13666666666666666,78.60933333333334,0.008333333333333333,0.048000000000000015,0.6926666666666667,0.012,0.10266666666666668,0.11800000000000001,0.07066666666666668,0.0,0.534
94,97,2009-05-08,14,2,2008-2009,Coop/São José Basketball,Pinheiros,0,0.3733333333333333,0.10399999999999997,0.19600000000000004,0.07333333333333333,0.15833333333333333,0.05333333333333335,0.105,0.05800000000000002,0.07200000000000001,0.886,0.034666666666666686,0.115,30.06333333333333,0.09800000000000002,0.191,52.27466666666667,0.07333333333333333,0.10466666666666669,70.08466666666668,0.004666666666666667,0.033,0.4826666666666667,0.010000000000000002,0.11466666666666667,0.09866666666666668,0.07200000000000001,0.0,0.356,0.43899999999999995,0.132,0.22,0.08700000000000001,0.161,0.045333333333333344,0.11566666666666665,0.08066666666666668,0.06533333333333334,1.3159999999999998,0.04400000000000001,0.11766666666666668,38.18066666666667,0.11,0.19099999999999998,57.691333333333326,0.08700000000000001,0.115,75.44333333333333,0.017333333333333333,0.044333333333333336,0.6993333333333334,0.010333333333333333,0.086,0.11933333333333333,0.06533333333333334,0.0,0.48733333333333334
108,87,2009-05-08,14,2,2008-2009,Limeira,Paulistano,1,0.42300000000000004,0.13099999999999998,0.20733333333333334,0.08466666666666667,0.14833333333333332,0.037666666666666675,0.11066666666666665,0.08566666666666665,0.06600000000000002,1.3626666666666667,0.043666666666666666,0.12033333333333335,36.852000000000004,0.10366666666666667,0.18633333333333332,55.54866666666667,0.08466666666666667,0.11466666666666665,73.47933333333334,0.015000000000000001,0.04133333333333333,0.6433333333333333,0.019000000000000003,0.10266666666666667,0.19466666666666665,0.06600000000000002,0.0,0.462,0.38733333333333325,0.105,0.20133333333333334,0.08099999999999999,0.156,0.05066666666666668,0.10533333333333332,0.06533333333333335,0.08199999999999999,0.8766666666666666,0.035,0.10900000000000001,33.37133333333333,0.10066666666666667,0.19600000000000004,51.05133333333333,0.08099999999999999,0.11233333333333335,73.10266666666666,0.005333333333333333,0.03833333333333334,0.5106666666666667,0.014666666666666666,0.115,0.13533333333333333,0.08199999999999999,0.0,0.3789999999999999
76,79,2009-05-08,14,2,2008-2009,Saldanha,Assis,0,0.3636666666666667,0.12499999999999999,0.17533333333333337,0.06333333333333332,0.14866666666666667,0.05033333333333335,0.09833333333333333,0.06566666666666668,0.08833333333333335,0.7793333333333334,0.04166666666666667,0.13133333333333333,31.88666666666667,0.08766666666666668,0.17600000000000005,49.731333333333346,0.06333333333333332,0.105,60.68533333333334,0.01666666666666667,0.04700000000000001,0.5640000000000001,0.008666666666666666,0.111,0.08266666666666668,0.08833333333333335,0.0,0.3256666666666666,0.36033333333333334,0.10099999999999999,0.16999999999999998,0.08933333333333333,0.14533333333333331,0.03866666666666667,0.10666666666666666,0.061000000000000026,0.06566666666666668,1.0299999999999998,0.03366666666666667,0.10733333333333332,32.08266666666667,0.08499999999999999,0.16933333333333334,49.80133333333333,0.08933333333333333,0.12366666666666666,73.50733333333332,0.007666666666666667,0.028666666666666677,0.47400000000000003,0.018000000000000002,0.107,0.18133333333333332,0.06566666666666668,0.0,0.3553333333333333
84,80,2009-05-13,15,2,2008-2009,Flamengo,Minas,1,0.4596666666666667,0.14,0.21666666666666665,0.103,0.1743333333333333,0.04266666666666667,0.13166666666666668,0.09333333333333335,0.06833333333333334,1.4373333333333334,0.046666666666666676,0.12700000000000003,36.836000000000006,0.10833333333333332,0.181,60.179333333333325,0.103,0.13566666666666666,77.83133333333333,0.009,0.04500000000000001,0.678,0.011333333333333332,0.10200000000000001,0.11266666666666668,0.06833333333333334,0.0,0.5296666666666668,0.4399999999999999,0.12000000000000001,0.234,0.086,0.17466666666666666,0.047333333333333345,0.12733333333333335,0.09200000000000001,0.082,1.1686666666666665,0.04000000000000001,0.10333333333333333,38.534666666666666,0.117,0.19933333333333333,59.19266666666666,0.086,0.11966666666666664,72.07666666666667,0.005666666666666666,0.03766666666666667,0.4666666666666667,0.01733333333333333,0.088,0.19866666666666666,0.082,0.0,0.5003333333333333
93,96,2009-05-13,15,2,2008-2009,Paulistano,Pinheiros,0,0.3929999999999999,0.105,0.20133333333333336,0.08666666666666668,0.15499999999999994,0.05100000000000001,0.10400000000000001,0.0676666666666667,0.08466666666666665,0.8786666666666665,0.035,0.10500000000000001,34.62133333333333,0.10066666666666668,0.19666666666666668,50.866,0.08666666666666668,0.12100000000000002,72.24733333333333,0.005333333333333332,0.03666666666666667,0.4806666666666667,0.015000000000000001,0.11433333333333334,0.13799999999999998,0.08466666666666665,0.0,0.38233333333333336,0.4433333333333333,0.132,0.222,0.08933333333333335,0.16000000000000003,0.044666666666666674,0.11533333333333333,0.08033333333333334,0.06466666666666666,1.326,0.04400000000000001,0.11600000000000002,38.681999999999995,0.111,0.193,57.52266666666666,0.08933333333333335,0.11733333333333335,76.23666666666668,0.017,0.04333333333333334,0.6906666666666667,0.010333333333333335,0.08866666666666666,0.11333333333333331,0.06466666666666666,0.0,0.4906666666666667
82,74,2009-05-13,15,2,2008-2009,Limeira,Coop/São José Basketball,1,0.4353333333333334,0.13500000000000004,0.212,0.08833333333333336,0.14733333333333334,0.038000000000000006,0.10933333333333332,0.08700000000000001,0.06866666666666668,1.3126666666666664,0.045000000000000005,0.12133333333333333,37.62800000000001,0.106,0.18566666666666667,56.98533333333333,0.08833333333333336,0.119,74.13133333333333,0.015333333333333334,0.04533333333333333,0.6886666666666666,0.018666666666666668,0.10500000000000001,0.18733333333333332,0.06866666666666668,0.0,0.47833333333333333,0.3796666666666667,0.112,0.19466666666666668,0.073,0.1633333333333333,0.05566666666666667,0.10766666666666665,0.06000000000000001,0.07400000000000001,0.8773333333333333,0.03733333333333334,0.11800000000000001,31.137999999999998,0.09733333333333334,0.193,51.31066666666667,0.073,0.10099999999999999,71.84933333333333,0.005666666666666667,0.03200000000000001,0.45133333333333336,0.009000000000000001,0.11300000000000002,0.09,0.07400000000000001,0.0,0.36566666666666664
79,69,2009-05-13,15,2,2008-2009,Espírito Santo,Saldanha,1,0.3716666666666667,0.1,0.19266666666666665,0.079,0.14333333333333328,0.039000000000000014,0.10433333333333333,0.06566666666666668,0.07766666666666668,0.9753333333333335,0.03333333333333334,0.1,34.10066666666666,0.09633333333333333,0.1823333333333333,52.94466666666666,0.079,0.11933333333333335,64.48733333333332,0.006000000000000002,0.04233333333333334,0.588,0.007666666666666665,0.10466666666666666,0.07333333333333332,0.07766666666666668,0.0,0.36000000000000004,0.36166666666666664,0.12299999999999998,0.1726666666666667,0.066,0.147,0.05033333333333334,0.09666666666666665,0.06433333333333334,0.087,0.786,0.04100000000000001,0.13133333333333333,31.307333333333336,0.08633333333333335,0.17733333333333334,48.620000000000005,0.066,0.10833333333333334,61.38133333333335,0.015666666666666666,0.04666666666666667,0.5653333333333332,0.009333333333333334,0.10833333333333335,0.09066666666666667,0.087,0.0,0.3183333333333333
95,70,2009-05-13,15,2,2008-2009,Sesi Franca,Araraquara,1,0.4109999999999999,0.106,0.21600000000000005,0.089,0.14833333333333332,0.045333333333333344,0.10300000000000002,0.082,0.068,1.3299999999999998,0.035333333333333335,0.10300000000000001,36.184,0.10800000000000003,0.21066666666666667,50.855333333333334,0.089,0.111,79.81933333333333,0.003999999999999999,0.04366666666666668,0.6926666666666667,0.010000000000000002,0.11766666666666671,0.08666666666666667,0.068,0.0,0.43466666666666665,0.3749999999999999,0.11900000000000002,0.18066666666666667,0.07533333333333332,0.13533333333333333,0.03500000000000001,0.10033333333333334,0.074,0.08733333333333332,0.896,0.039666666666666676,0.11633333333333334,34.28133333333333,0.09033333333333333,0.178,51.32133333333333,0.07533333333333332,0.10199999999999997,72.61333333333332,0.012,0.04300000000000001,0.5306666666666667,0.015333333333333332,0.11733333333333335,0.14533333333333331,0.08733333333333332,0.0,0.3643333333333333
63,72,2009-05-13,15,2,2008-2009,Lajeado,Joinville,0,0.36900000000000005,0.10600000000000001,0.194,0.06899999999999999,0.12666666666666665,0.035333333333333335,0.09133333333333334,0.063,0.058000000000000024,1.2,0.03533333333333333,0.10500000000000001,32.92066666666666,0.097,0.18999999999999997,51.751999999999995,0.06899999999999999,0.09733333333333333,68.38333333333334,0.001,0.033,0.616,0.004666666666666667,0.10700000000000001,0.04400000000000001,0.058000000000000024,0.0,0.34733333333333327,0.4236666666666665,0.151,0.18866666666666665,0.084,0.15666666666666668,0.044666666666666674,0.112,0.07566666666666667,0.06966666666666668,1.2193333333333336,0.05033333333333334,0.13733333333333334,37.01933333333333,0.09433333333333332,0.17600000000000002,53.534,0.084,0.11900000000000002,71.26133333333333,0.009333333333333334,0.04500000000000001,0.7006666666666668,0.014000000000000002,0.10566666666666667,0.13933333333333336,0.06966666666666668,0.0,0.4416666666666667
88,68,2009-05-13,15,2,2008-2009,Bauru Basket,Assis,1,0.4256666666666667,0.13799999999999998,0.2066666666666666,0.08099999999999999,0.15466666666666667,0.05433333333333333,0.10033333333333334,0.06933333333333334,0.04633333333333335,1.7979999999999998,0.046,0.11833333333333332,38.30466666666667,0.1033333333333333,0.19266666666666668,53.720666666666666,0.08099999999999999,0.11233333333333334,71.75733333333332,0.009333333333333334,0.04000000000000001,0.9993333333333332,0.008333333333333333,0.09499999999999999,0.08933333333333333,0.04633333333333335,0.0,0.4586666666666667,0.36566666666666664,0.108,0.1713333333333333,0.08633333333333333,0.145,0.03966666666666667,0.10533333333333333,0.060000000000000026,0.06666666666666668,0.9913333333333333,0.036000000000000004,0.10533333333333332,34.65733333333334,0.08566666666666665,0.17066666666666666,49.81466666666667,0.08633333333333333,0.12199999999999998,71.87133333333333,0.008666666666666666,0.027666666666666676,0.4406666666666667,0.017666666666666664,0.10766666666666667,0.17733333333333334,0.06666666666666668,0.0,0.35933333333333334
87,77,2009-05-15,1,4,2008-2009,Limeira,Joinville,1,0.43566666666666676,0.134,0.214,0.08766666666666668,0.14966666666666664,0.03833333333333334,0.11133333333333333,0.08933333333333333,0.06666666666666667,1.379333333333333,0.04466666666666667,0.12466666666666668,36.78,0.107,0.18533333333333335,57.724000000000004,0.08766666666666668,0.11733333333333335,75.05866666666665,0.01566666666666667,0.046,0.7113333333333334,0.018666666666666668,0.10166666666666667,0.19466666666666665,0.06666666666666667,0.0,0.48466666666666663,0.4183333333333332,0.151,0.186,0.08133333333333333,0.15899999999999997,0.04600000000000001,0.11299999999999998,0.07733333333333332,0.07066666666666668,1.2266666666666666,0.050333333333333334,0.13866666666666666,36.54800000000001,0.093,0.17600000000000002,52.831999999999994,0.08133333333333333,0.11400000000000002,71.92799999999998,0.009000000000000001,0.046333333333333344,0.7106666666666667,0.015000000000000005,0.10266666666666668,0.15800000000000003,0.07066666666666668,0.0,0.44133333333333336
87,92,2009-05-16,1,4,2008-2009,Pinheiros,Flamengo,0,0.44333333333333336,0.13,0.22133333333333335,0.09200000000000001,0.16066666666666668,0.045333333333333344,0.11533333333333333,0.08133333333333331,0.06566666666666668,1.3226666666666667,0.043333333333333335,0.11466666666666667,38.65133333333333,0.11066666666666668,0.19499999999999995,56.782000000000004,0.09200000000000001,0.12033333333333335,76.41333333333334,0.017000000000000005,0.04233333333333334,0.6693333333333334,0.011000000000000003,0.09,0.11866666666666666,0.06566666666666668,0.0,0.489,0.4566666666666667,0.13899999999999998,0.214,0.10366666666666666,0.1753333333333333,0.04333333333333335,0.132,0.08933333333333335,0.067,1.408,0.046333333333333344,0.13033333333333336,35.66733333333333,0.107,0.17966666666666667,59.88599999999999,0.10366666666666666,0.13533333333333333,78.87666666666665,0.008666666666666665,0.04333333333333334,0.672,0.012,0.10066666666666667,0.12266666666666667,0.067,0.0,0.5213333333333335
79,83,2009-05-17,1,4,2008-2009,Bauru Basket,Minas,0,0.42433333333333334,0.141,0.2046666666666667,0.07866666666666666,0.15433333333333332,0.054000000000000006,0.10033333333333336,0.06966666666666668,0.04400000000000002,1.8573333333333333,0.04700000000000001,0.11899999999999998,38.961333333333336,0.10233333333333335,0.19233333333333336,53.282000000000004,0.07866666666666666,0.10900000000000001,72.20599999999999,0.009666666666666665,0.03766666666666667,0.9793333333333333,0.007666666666666667,0.09633333333333334,0.08133333333333333,0.04400000000000002,0.0,0.4573333333333334,0.4346666666666667,0.11899999999999998,0.23200000000000007,0.08366666666666665,0.17866666666666664,0.047333333333333345,0.13133333333333336,0.09266666666666667,0.08133333333333333,1.182,0.03966666666666667,0.10533333333333332,37.812666666666665,0.11600000000000003,0.19866666666666666,58.87666666666666,0.08366666666666665,0.11533333333333332,72.61333333333333,0.006333333333333332,0.035,0.44266666666666665,0.015666666666666666,0.08866666666666666,0.17933333333333332,0.08133333333333333,0.0,0.49533333333333335
76,78,2009-05-17,1,4,2008-2009,Sesi Franca,Brasília,0,0.418,0.108,0.21933333333333332,0.09066666666666666,0.14966666666666664,0.044666666666666674,0.10500000000000001,0.084,0.06833333333333334,1.3546666666666667,0.036000000000000004,0.10200000000000002,37.478,0.10966666666666666,0.20933333333333337,51.986000000000004,0.09066666666666666,0.11566666666666667,78.74,0.003333333333333333,0.04433333333333334,0.7,0.010666666666666665,0.11866666666666668,0.09066666666666669,0.06833333333333334,0.0,0.44766666666666666,0.43799999999999994,0.112,0.22266666666666665,0.10333333333333332,0.15166666666666667,0.03533333333333333,0.11633333333333334,0.07766666666666668,0.07433333333333333,1.1886666666666668,0.03733333333333333,0.10733333333333332,35.87800000000001,0.11133333333333333,0.18266666666666664,60.86800000000001,0.10333333333333332,0.13433333333333333,76.46733333333333,0.012000000000000004,0.043000000000000003,0.6093333333333333,0.016666666666666666,0.11133333333333333,0.17,0.07433333333333333,0.0,0.48033333333333333
92,85,2009-05-18,2,4,2008-2009,Flamengo,Pinheiros,1,0.45866666666666667,0.13799999999999998,0.2153333333333333,0.10533333333333333,0.17333333333333334,0.04133333333333334,0.13200000000000003,0.08933333333333333,0.06466666666666668,1.4433333333333331,0.04600000000000001,0.13,35.489333333333335,0.10766666666666665,0.17766666666666667,60.974,0.10533333333333333,0.13899999999999998,77.756,0.007999999999999998,0.043666666666666666,0.6946666666666668,0.012666666666666666,0.10166666666666667,0.12866666666666668,0.06466666666666668,0.0,0.5253333333333335,0.4416666666666667,0.13500000000000004,0.21866666666666668,0.08800000000000001,0.15766666666666668,0.044666666666666674,0.11299999999999999,0.08233333333333334,0.06533333333333334,1.3459999999999999,0.045000000000000005,0.11766666666666667,39.05266666666667,0.10933333333333334,0.19433333333333333,56.26466666666666,0.08800000000000001,0.11466666666666667,76.34333333333333,0.016666666666666666,0.04300000000000002,0.6833333333333333,0.010000000000000002,0.092,0.10666666666666667,0.06533333333333334,0.0,0.485
85,75,2009-05-18,2,4,2008-2009,Joinville,Limeira,1,0.4113333333333333,0.154,0.17866666666666667,0.07866666666666666,0.15666666666666668,0.045333333333333344,0.11133333333333333,0.07999999999999999,0.06800000000000002,1.2719999999999998,0.051333333333333335,0.13933333333333334,37.06733333333333,0.08933333333333333,0.1733333333333333,51.39266666666666,0.07866666666666666,0.11166666666666668,71.31133333333334,0.008666666666666668,0.04466666666666668,0.7020000000000001,0.015000000000000005,0.09833333333333334,0.16,0.06800000000000002,0.0,0.4346666666666667,0.4316666666666667,0.128,0.21466666666666664,0.08900000000000001,0.15066666666666664,0.03866666666666667,0.112,0.08833333333333335,0.06666666666666668,1.3666666666666665,0.04266666666666667,0.12266666666666667,35.937999999999995,0.10733333333333332,0.18666666666666668,57.446000000000005,0.08900000000000001,0.11933333333333335,74.78599999999999,0.015333333333333336,0.047000000000000014,0.724,0.018000000000000002,0.101,0.19000000000000003,0.06666666666666668,0.0,0.4793333333333333
87,84,2009-05-19,3,4,2008-2009,Flamengo,Pinheiros,1,0.4543333333333333,0.14,0.21333333333333337,0.101,0.1726666666666667,0.03833333333333333,0.13433333333333336,0.088,0.06466666666666666,1.4233333333333333,0.046666666666666676,0.12933333333333336,36.12466666666667,0.10666666666666669,0.17633333333333334,60.914,0.101,0.13433333333333333,77.08533333333334,0.009666666666666665,0.04133333333333334,0.6586666666666668,0.012666666666666666,0.10133333333333334,0.12866666666666668,0.06466666666666666,0.0,0.5186666666666667,0.44299999999999995,0.136,0.21866666666666668,0.08833333333333335,0.16033333333333333,0.04666666666666667,0.11366666666666667,0.08233333333333334,0.06366666666666668,1.3913333333333333,0.04533333333333334,0.11733333333333333,39.334666666666664,0.10933333333333334,0.1983333333333333,55.34066666666666,0.08833333333333335,0.11566666666666667,75.912,0.017666666666666667,0.04100000000000001,0.6733333333333333,0.010000000000000002,0.094,0.10666666666666667,0.06366666666666668,0.0,0.4846666666666666
96,105,2009-05-19,2,4,2008-2009,Brasília,Sesi Franca,0,0.4356666666666666,0.116,0.21733333333333335,0.10233333333333335,0.15099999999999997,0.034,0.11699999999999999,0.07899999999999999,0.076,1.1913333333333336,0.03866666666666667,0.108,36.87199999999999,0.10866666666666668,0.1833333333333333,59.06666666666668,0.10233333333333335,0.13166666666666668,77.39,0.012000000000000004,0.04133333333333333,0.5813333333333333,0.016,0.11433333333333333,0.15533333333333335,0.076,0.0,0.4736666666666667,0.4176666666666666,0.113,0.21200000000000002,0.09266666666666666,0.14666666666666667,0.04300000000000001,0.1036666666666667,0.083,0.06466666666666668,1.394,0.03766666666666667,0.10533333333333333,38.14333333333334,0.10600000000000001,0.20500000000000002,51.239333333333335,0.09266666666666666,0.12000000000000001,77.69133333333335,0.003666666666666666,0.04333333333333334,0.7213333333333334,0.011000000000000001,0.11800000000000002,0.09466666666666668,0.06466666666666668,0.0,0.443
74,47,2009-05-19,2,4,2008-2009,Minas,Bauru Basket,1,0.43200000000000005,0.12099999999999998,0.22600000000000003,0.08499999999999998,0.17399999999999996,0.045000000000000005,0.129,0.09200000000000001,0.077,1.312,0.04033333333333333,0.10733333333333332,37.64,0.11300000000000002,0.19499999999999998,58.36999999999998,0.08499999999999998,0.11599999999999998,73.44866666666668,0.006333333333333332,0.036333333333333336,0.5173333333333333,0.016,0.08866666666666667,0.18266666666666667,0.077,0.0,0.49333333333333323,0.425,0.146,0.20066666666666666,0.07833333333333334,0.15633333333333332,0.054666666666666676,0.10166666666666667,0.07000000000000002,0.04400000000000001,1.8653333333333335,0.04866666666666668,0.12000000000000001,40.23666666666667,0.10033333333333333,0.193,52.11466666666667,0.07833333333333334,0.10866666666666668,72.136,0.009333333333333334,0.03633333333333334,0.9460000000000001,0.006666666666666668,0.095,0.07200000000000001,0.04400000000000001,0.0,0.45600000000000007
77,63,2009-05-19,3,4,2008-2009,Joinville,Limeira,1,0.412,0.153,0.18066666666666667,0.07833333333333334,0.161,0.04700000000000001,0.114,0.07866666666666666,0.07,1.222,0.051000000000000004,0.13733333333333336,37.314,0.09033333333333333,0.177,50.87866666666667,0.07833333333333334,0.10966666666666666,72.16066666666667,0.008333333333333335,0.04400000000000001,0.678,0.015000000000000005,0.09966666666666667,0.15866666666666665,0.07,0.0,0.43633333333333335,0.42100000000000004,0.12700000000000003,0.20933333333333337,0.08466666666666667,0.14866666666666667,0.037,0.11166666666666666,0.08666666666666667,0.06666666666666667,1.3433333333333335,0.042333333333333334,0.12433333333333332,35.254666666666665,0.10466666666666669,0.18333333333333338,57.092000000000006,0.08466666666666667,0.113,74.95133333333335,0.014000000000000002,0.04333333333333334,0.6713333333333332,0.018666666666666668,0.09966666666666667,0.1966666666666667,0.06666666666666667,0.0,0.4626666666666666
75,74,2009-05-20,3,4,2008-2009,Minas,Bauru Basket,1,0.4246666666666667,0.11299999999999999,0.22933333333333333,0.08233333333333333,0.17633333333333331,0.044000000000000004,0.13233333333333333,0.08833333333333333,0.07733333333333332,1.2453333333333334,0.03766666666666667,0.10533333333333335,36.059999999999995,0.11466666666666667,0.19333333333333333,59.61466666666665,0.08233333333333333,0.11099999999999999,74.17133333333335,0.006,0.035,0.49333333333333323,0.016,0.08700000000000001,0.18400000000000002,0.07733333333333332,0.0,0.48800000000000004,0.4073333333333334,0.143,0.19466666666666668,0.06966666666666667,0.156,0.05400000000000001,0.10200000000000004,0.06866666666666668,0.04400000000000001,1.832,0.04766666666666668,0.11899999999999998,39.74266666666667,0.09733333333333334,0.196,49.86333333333334,0.06966666666666667,0.09833333333333334,71.61200000000001,0.009000000000000001,0.03600000000000001,0.9380000000000002,0.006000000000000001,0.09233333333333335,0.068,0.04400000000000001,0.0,0.4313333333333334
76,66,2009-05-20,3,4,2008-2009,Brasília,Sesi Franca,1,0.43899999999999995,0.115,0.22266666666666668,0.10133333333333333,0.15433333333333332,0.03766666666666667,0.11666666666666667,0.078,0.07666666666666667,1.170666666666667,0.03833333333333334,0.11200000000000002,35.434666666666665,0.11133333333333334,0.19033333333333333,58.68533333333334,0.10133333333333333,0.13066666666666668,77.23133333333334,0.011666666666666669,0.042666666666666665,0.5946666666666667,0.016,0.11666666666666667,0.1526666666666667,0.07666666666666667,0.0,0.47133333333333327,0.42066666666666663,0.116,0.20933333333333334,0.09533333333333333,0.14600000000000002,0.04033333333333333,0.10566666666666666,0.07966666666666668,0.06366666666666668,1.3620000000000003,0.038666666666666676,0.11066666666666668,35.820000000000014,0.10466666666666667,0.20433333333333334,50.81666666666668,0.09533333333333333,0.12366666666666666,77.48066666666666,0.003333333333333333,0.04333333333333334,0.7306666666666667,0.011333333333333336,0.11966666666666667,0.09666666666666668,0.06366666666666668,0.0,0.43733333333333335
89,95,2009-05-21,4,4,2008-2009,Limeira,Joinville,0,0.41300000000000003,0.13,0.20133333333333336,0.08166666666666665,0.14633333333333334,0.036000000000000004,0.11033333333333335,0.08766666666666668,0.06733333333333331,1.346666666666667,0.043333333333333335,0.126,35.796,0.10066666666666668,0.18000000000000005,55.98066666666667,0.08166666666666665,0.11000000000000001,74.05133333333333,0.013333333333333336,0.04400000000000001,0.6759999999999999,0.019333333333333334,0.09933333333333332,0.20466666666666672,0.06733333333333331,0.0,0.4526666666666666,0.41433333333333333,0.157,0.17933333333333332,0.07800000000000001,0.16500000000000004,0.04833333333333334,0.11666666666666665,0.08066666666666666,0.07333333333333333,1.1793333333333333,0.05233333333333334,0.13533333333333336,38.742,0.08966666666666666,0.178,50.232,0.07800000000000001,0.10600000000000001,73.77133333333333,0.008333333333333333,0.04200000000000001,0.5906666666666667,0.015333333333333336,0.09833333333333334,0.164,0.07333333333333333,0.0,0.44466666666666665
74,73,2009-05-22,4,4,2008-2009,Sesi Franca,Brasília,1,0.41333333333333333,0.117,0.20266666666666666,0.09366666666666665,0.14733333333333334,0.04133333333333334,0.106,0.076,0.06433333333333333,1.2880000000000003,0.03900000000000001,0.11266666666666668,35.59866666666667,0.10133333333333333,0.20433333333333334,49.266,0.09366666666666665,0.12200000000000001,77.19333333333334,0.0023333333333333335,0.04100000000000001,0.6819999999999998,0.011333333333333336,0.12300000000000001,0.09533333333333334,0.06433333333333333,0.0,0.4196666666666666,0.432,0.10999999999999997,0.22333333333333336,0.09866666666666668,0.1593333333333333,0.03866666666666667,0.12066666666666666,0.07833333333333332,0.07966666666666668,1.1440000000000003,0.03666666666666666,0.11033333333333335,33.58266666666667,0.11166666666666668,0.192,58.28333333333334,0.09866666666666668,0.13,75.73933333333335,0.011000000000000003,0.043666666666666666,0.5913333333333334,0.016666666666666666,0.11599999999999998,0.158,0.07966666666666668,0.0,0.46499999999999997
64,59,2009-05-24,5,4,2008-2009,Brasília,Sesi Franca,1,0.42499999999999993,0.11399999999999998,0.21800000000000003,0.09300000000000001,0.16399999999999998,0.04200000000000001,0.12199999999999998,0.07666666666666666,0.07933333333333333,1.1273333333333333,0.038,0.11066666666666668,34.81066666666666,0.10900000000000001,0.193,56.384,0.09300000000000001,0.12400000000000001,75.224,0.010333333333333335,0.04166666666666667,0.5673333333333334,0.018,0.11299999999999999,0.17200000000000001,0.07933333333333333,0.0,0.4583333333333333,0.41433333333333333,0.11899999999999998,0.202,0.09333333333333332,0.14666666666666667,0.042,0.10466666666666667,0.07766666666666665,0.06366666666666666,1.3386666666666671,0.03966666666666667,0.11266666666666668,36.178,0.101,0.204,49.18866666666667,0.09333333333333332,0.12099999999999998,77.78600000000002,0.0026666666666666666,0.04000000000000001,0.6759999999999998,0.012333333333333335,0.12066666666666667,0.10800000000000003,0.06366666666666666,0.0,0.42366666666666664
86,88,2009-05-26,1,5,2008-2009,Joinville,Flamengo,0,0.418,0.161,0.18,0.077,0.16500000000000004,0.04833333333333333,0.11666666666666665,0.08166666666666668,0.07233333333333333,1.2220000000000002,0.05366666666666668,0.13366666666666668,40.31733333333333,0.09,0.18066666666666667,49.734,0.077,0.10266666666666666,74.69866666666667,0.007666666666666667,0.03900000000000001,0.5539999999999999,0.015000000000000003,0.09766666666666667,0.162,0.07233333333333333,0.0,0.45,0.45799999999999996,0.14,0.21533333333333335,0.10266666666666667,0.17200000000000004,0.03866666666666667,0.13333333333333333,0.088,0.06533333333333334,1.416,0.046666666666666676,0.12600000000000003,36.918000000000006,0.10766666666666667,0.1796666666666667,60.46933333333334,0.10266666666666667,0.13633333333333333,76.99266666666666,0.010333333333333335,0.04266666666666667,0.6720000000000002,0.012,0.09900000000000002,0.12333333333333334,0.06533333333333334,0.0,0.5223333333333333
91,78,2009-05-27,1,5,2008-2009,Minas,Brasília,1,0.42200000000000004,0.115,0.22599999999999998,0.08099999999999999,0.17633333333333334,0.04366666666666667,0.13266666666666665,0.087,0.07766666666666665,1.2186666666666668,0.03833333333333334,0.10699999999999998,36.19333333333334,0.11299999999999999,0.19333333333333333,58.66266666666665,0.08099999999999999,0.10899999999999999,74.43666666666668,0.006,0.03433333333333333,0.48066666666666663,0.013333333333333334,0.08566666666666668,0.1553333333333333,0.07766666666666665,0.0,0.47833333333333333,0.42066666666666663,0.112,0.21599999999999994,0.09266666666666667,0.16733333333333336,0.045333333333333344,0.12199999999999998,0.07533333333333332,0.08033333333333333,1.096,0.037333333333333336,0.11100000000000003,34.18266666666666,0.10799999999999997,0.19466666666666665,55.28066666666667,0.09266666666666667,0.12200000000000003,76.24666666666667,0.010666666666666666,0.04566666666666667,0.6173333333333333,0.018333333333333333,0.11366666666666665,0.1733333333333333,0.08033333333333333,0.0,0.45733333333333337
92,86,2009-05-29,2,5,2008-2009,Flamengo,Joinville,1,0.45699999999999996,0.141,0.21600000000000003,0.10000000000000002,0.17033333333333334,0.036000000000000004,0.13433333333333333,0.08866666666666667,0.06566666666666666,1.4200000000000002,0.04700000000000001,0.12600000000000003,37.165333333333336,0.10800000000000001,0.17733333333333334,61.548666666666676,0.10000000000000002,0.12933333333333336,78.76533333333333,0.011000000000000003,0.04233333333333334,0.6633333333333336,0.010000000000000002,0.09766666666666667,0.10400000000000001,0.06566666666666666,0.0,0.525,0.4169999999999999,0.16,0.17933333333333337,0.07766666666666668,0.16599999999999998,0.04533333333333334,0.12066666666666666,0.084,0.07133333333333333,1.2786666666666666,0.05333333333333334,0.13466666666666666,39.894666666666666,0.08966666666666669,0.17899999999999996,50.06533333333334,0.07766666666666668,0.10333333333333333,75.05600000000001,0.008,0.03966666666666667,0.572,0.014000000000000002,0.09800000000000002,0.1506666666666667,0.07133333333333333,0.0,0.453
103,76,2009-05-30,2,5,2008-2009,Brasília,Minas,1,0.41833333333333333,0.115,0.21266666666666667,0.09066666666666666,0.16466666666666668,0.04333333333333334,0.12133333333333332,0.07333333333333332,0.08199999999999999,1.0339999999999998,0.03833333333333334,0.11366666666666667,34.230000000000004,0.10633333333333334,0.18966666666666665,55.88866666666667,0.09066666666666666,0.11900000000000002,76.59666666666665,0.009333333333333334,0.043000000000000003,0.5573333333333333,0.018333333333333333,0.11433333333333333,0.17200000000000001,0.08199999999999999,0.0,0.4486666666666667,0.41566666666666674,0.115,0.21866666666666668,0.08199999999999999,0.17400000000000002,0.04066666666666667,0.13333333333333333,0.0893333333333333,0.07433333333333333,1.4146666666666667,0.03833333333333334,0.107,36.193333333333335,0.10933333333333334,0.19166666666666668,57.34799999999999,0.08199999999999999,0.10933333333333334,75.07666666666668,0.005666666666666666,0.034333333333333334,0.5253333333333333,0.012000000000000004,0.08433333333333334,0.14266666666666666,0.07433333333333333,0.0,0.4726666666666666
109,94,2009-05-30,3,5,2008-2009,Flamengo,Joinville,1,0.4523333333333333,0.136,0.214,0.10233333333333335,0.172,0.03666666666666667,0.13533333333333336,0.08766666666666666,0.069,1.372,0.04533333333333334,0.12500000000000006,36.12266666666667,0.107,0.1753333333333333,61.628000000000014,0.10233333333333335,0.13233333333333333,78.59933333333332,0.011333333333333336,0.04366666666666667,0.6626666666666668,0.009666666666666667,0.09533333333333333,0.10066666666666665,0.069,0.0,0.5183333333333332,0.42199999999999993,0.16400000000000003,0.18666666666666665,0.07133333333333333,0.1653333333333333,0.045666666666666675,0.11966666666666664,0.08433333333333333,0.07066666666666667,1.29,0.05466666666666667,0.13533333333333336,40.59799999999999,0.09333333333333332,0.18366666666666667,50.758,0.07133333333333333,0.09433333333333334,73.34733333333334,0.007666666666666666,0.041666666666666664,0.6013333333333333,0.014333333333333333,0.09900000000000002,0.15200000000000002,0.07066666666666667,0.0,0.46299999999999997
89,79,2009-05-31,3,5,2008-2009,Brasília,Minas,1,0.426,0.11899999999999998,0.21266666666666664,0.09433333333333332,0.164,0.042,0.12200000000000001,0.07600000000000001,0.08099999999999999,1.097333333333333,0.03966666666666666,0.11400000000000003,35.268666666666675,0.10633333333333332,0.19099999999999998,55.443999999999996,0.09433333333333332,0.12266666666666669,77.30666666666666,0.008333333333333333,0.042333333333333334,0.5586666666666666,0.019,0.11699999999999999,0.17333333333333334,0.08099999999999999,0.0,0.45899999999999996,0.4130000000000001,0.10799999999999997,0.22333333333333333,0.08166666666666665,0.1696666666666667,0.04033333333333334,0.12933333333333333,0.08799999999999998,0.07366666666666667,1.4033333333333333,0.036000000000000004,0.10533333333333332,34.23866666666667,0.11166666666666666,0.19733333333333333,56.81133333333333,0.08166666666666665,0.11033333333333332,74.18466666666669,0.006333333333333332,0.035,0.5359999999999999,0.012333333333333337,0.08499999999999999,0.1446666666666667,0.07366666666666667,0.0,0.4606666666666666
90,101,2009-06-02,4,5,2008-2009,Minas,Brasília,0,0.41300000000000003,0.107,0.22400000000000003,0.082,0.16566666666666668,0.03833333333333334,0.12733333333333333,0.08866666666666666,0.074,1.4086666666666667,0.035666666666666666,0.10633333333333335,33.61133333333334,0.11200000000000002,0.1963333333333333,57.34733333333334,0.082,0.11299999999999999,72.952,0.006333333333333333,0.035666666666666666,0.5433333333333332,0.011666666666666669,0.08866666666666667,0.13333333333333333,0.074,0.0,0.4546666666666666,0.42433333333333334,0.11999999999999998,0.2073333333333333,0.097,0.16299999999999995,0.04166666666666667,0.12133333333333333,0.07433333333333335,0.081,1.0693333333333332,0.04,0.11266666666666669,35.93533333333334,0.10366666666666664,0.18833333333333335,54.92066666666667,0.097,0.12466666666666666,78.012,0.007333333333333334,0.04266666666666667,0.5646666666666668,0.018333333333333333,0.11999999999999998,0.16000000000000003,0.081,0.0,0.45666666666666667
74,81,2009-06-11,1,6,2008-2009,Brasília,Flamengo,0,0.41933333333333334,0.116,0.204,0.09933333333333333,0.164,0.04266666666666667,0.12133333333333332,0.07300000000000001,0.08133333333333333,1.0453333333333332,0.03866666666666667,0.11200000000000002,34.73800000000001,0.102,0.18833333333333332,54.066,0.09933333333333333,0.128,77.85866666666666,0.006333333333333334,0.04233333333333334,0.5573333333333335,0.018333333333333333,0.12033333333333335,0.15933333333333335,0.08133333333333333,0.0,0.44733333333333325,0.456,0.142,0.20933333333333337,0.10466666666666669,0.17466666666666664,0.03666666666666667,0.138,0.08933333333333332,0.06999999999999999,1.3646666666666667,0.04733333333333334,0.12633333333333335,37.114000000000004,0.10466666666666669,0.17566666666666667,60.14333333333334,0.10466666666666669,0.13833333333333334,76.62000000000002,0.011000000000000003,0.04500000000000001,0.6793333333333335,0.008666666666666666,0.09199999999999998,0.09266666666666665,0.06999999999999999,0.0,0.52
71,81,2009-06-13,2,6,2008-2009,Flamengo,Brasília,0,0.44966666666666666,0.13499999999999998,0.21133333333333332,0.10333333333333332,0.17233333333333334,0.036333333333333336,0.136,0.089,0.068,1.3906666666666667,0.045000000000000005,0.127,35.32066666666666,0.10566666666666666,0.17766666666666667,60.01733333333334,0.10333333333333332,0.137,76.34200000000001,0.012000000000000004,0.047333333333333345,0.7360000000000001,0.008666666666666666,0.09166666666666665,0.09333333333333334,0.068,0.0,0.5113333333333333,0.418,0.11699999999999999,0.19933333333333333,0.10166666666666666,0.16666666666666666,0.04166666666666667,0.125,0.07066666666666667,0.08,1.0313333333333332,0.03900000000000001,0.11833333333333336,33.02066666666667,0.09966666666666667,0.18400000000000002,54.05533333333334,0.10166666666666666,0.13099999999999998,77.838,0.005666666666666667,0.04233333333333334,0.5606666666666666,0.018000000000000002,0.12066666666666667,0.15600000000000003,0.08,0.0,0.4426666666666666
99,78,2009-06-14,3,6,2008-2009,Flamengo,Brasília,1,0.44333333333333336,0.12799999999999997,0.2126666666666667,0.10266666666666667,0.17099999999999996,0.03866666666666667,0.13233333333333333,0.08733333333333333,0.06766666666666667,1.3706666666666663,0.04266666666666666,0.12733333333333333,33.67333333333333,0.10633333333333335,0.1833333333333333,58.50266666666667,0.10266666666666667,0.137,75.76266666666668,0.012333333333333337,0.04666666666666667,0.728,0.009000000000000001,0.09266666666666666,0.09666666666666668,0.06766666666666667,0.0,0.49366666666666664,0.42066666666666663,0.11699999999999999,0.2026666666666667,0.10099999999999999,0.17133333333333337,0.04300000000000001,0.12833333333333333,0.07166666666666667,0.07933333333333333,1.044,0.03900000000000001,0.11866666666666668,32.900000000000006,0.10133333333333334,0.184,55.13,0.10099999999999999,0.13066666666666665,77.44866666666667,0.005333333333333334,0.03933333333333334,0.5353333333333334,0.017,0.12300000000000001,0.14333333333333334,0.07933333333333333,0.0,0.4486666666666666
82,78,2009-06-21,4,6,2008-2009,Brasília,Flamengo,1,0.41933333333333334,0.11299999999999998,0.20200000000000004,0.10433333333333332,0.17300000000000001,0.044666666666666674,0.12833333333333333,0.07300000000000001,0.07899999999999999,1.0653333333333332,0.03766666666666667,0.11733333333333336,32.10733333333334,0.10100000000000002,0.183,55.219333333333346,0.10433333333333332,0.13633333333333333,77.25200000000001,0.006333333333333334,0.03766666666666667,0.5153333333333333,0.017,0.12766666666666668,0.138,0.07899999999999999,0.0,0.44733333333333325,0.4433333333333334,0.13099999999999998,0.20533333333333337,0.10700000000000001,0.16666666666666663,0.03800000000000001,0.12866666666666665,0.08266666666666667,0.066,1.346666666666667,0.043666666666666666,0.12866666666666665,34.016000000000005,0.10266666666666668,0.182,56.995333333333335,0.10700000000000001,0.143,75.586,0.010666666666666668,0.04600000000000001,0.7373333333333333,0.009000000000000001,0.09966666666666665,0.08933333333333333,0.066,0.0,0.4813333333333334
76,68,2009-06-28,5,6,2008-2009,Flamengo,Brasília,1,0.4396666666666667,0.12999999999999998,0.2013333333333334,0.10833333333333334,0.16966666666666666,0.041000000000000016,0.12866666666666665,0.07833333333333334,0.06733333333333333,1.2526666666666666,0.043333333333333335,0.13299999999999998,32.99333333333333,0.1006666666666667,0.18033333333333335,56.42600000000001,0.10833333333333334,0.14266666666666664,76.77333333333333,0.010000000000000002,0.043666666666666666,0.6793333333333333,0.009000000000000003,0.10033333333333333,0.08866666666666669,0.06733333333333333,0.0,0.4693333333333334,0.41600000000000004,0.10499999999999997,0.21,0.10099999999999999,0.178,0.046333333333333344,0.13166666666666668,0.07466666666666667,0.07833333333333334,1.0946666666666667,0.035,0.11500000000000002,30.61533333333334,0.105,0.18766666666666668,55.85933333333334,0.10099999999999999,0.13366666666666666,76.22333333333333,0.006000000000000001,0.035666666666666666,0.494,0.017,0.12233333333333334,0.14066666666666666,0.07833333333333334,0.0,0.44766666666666666
92,98,2009-11-01,1,1,2009-2010,Pinheiros,Brasília,0,0.0,0.0,0.0,0.0,0.0,0.0,0.0,0.0,0.0,0.0,0.0,0.0,0.0,0.0,0.0,0.0,0.0,0.0,0.0,0.0,0.0,0.0,0.0,0.0,0.0,0.0,0.0,0.0,0.0,0.0,0.0,0.0,0.0,0.0,0.0,0.0,0.0,0.0,0.0,0.0,0.0,0.0,0.0,0.0,0.0,0.0,0.0,0.0,0.0,0.0,0.0,0.0,0.0,0.0,0.0,0.0
74,63,2009-11-01,1,1,2009-2010,Sesi Franca,Assis,1,0.0,0.0,0.0,0.0,0.0,0.0,0.0,0.0,0.0,0.0,0.0,0.0,0.0,0.0,0.0,0.0,0.0,0.0,0.0,0.0,0.0,0.0,0.0,0.0,0.0,0.0,0.0,0.0,0.0,0.0,0.0,0.0,0.0,0.0,0.0,0.0,0.0,0.0,0.0,0.0,0.0,0.0,0.0,0.0,0.0,0.0,0.0,0.0,0.0,0.0,0.0,0.0,0.0,0.0,0.0,0.0
85,88,2009-11-01,1,1,2009-2010,Paulistano,Minas,0,0.0,0.0,0.0,0.0,0.0,0.0,0.0,0.0,0.0,0.0,0.0,0.0,0.0,0.0,0.0,0.0,0.0,0.0,0.0,0.0,0.0,0.0,0.0,0.0,0.0,0.0,0.0,0.0,0.0,0.0,0.0,0.0,0.0,0.0,0.0,0.0,0.0,0.0,0.0,0.0,0.0,0.0,0.0,0.0,0.0,0.0,0.0,0.0,0.0,0.0,0.0,0.0,0.0,0.0,0.0,0.0
99,70,2009-11-01,1,1,2009-2010,Flamengo,Espírito Santo,1,0.0,0.0,0.0,0.0,0.0,0.0,0.0,0.0,0.0,0.0,0.0,0.0,0.0,0.0,0.0,0.0,0.0,0.0,0.0,0.0,0.0,0.0,0.0,0.0,0.0,0.0,0.0,0.0,0.0,0.0,0.0,0.0,0.0,0.0,0.0,0.0,0.0,0.0,0.0,0.0,0.0,0.0,0.0,0.0,0.0,0.0,0.0,0.0,0.0,0.0,0.0,0.0,0.0,0.0,0.0,0.0
108,76,2009-11-01,1,1,2009-2010,Joinville,Londrina,1,0.0,0.0,0.0,0.0,0.0,0.0,0.0,0.0,0.0,0.0,0.0,0.0,0.0,0.0,0.0,0.0,0.0,0.0,0.0,0.0,0.0,0.0,0.0,0.0,0.0,0.0,0.0,0.0,0.0,0.0,0.0,0.0,0.0,0.0,0.0,0.0,0.0,0.0,0.0,0.0,0.0,0.0,0.0,0.0,0.0,0.0,0.0,0.0,0.0,0.0,0.0,0.0,0.0,0.0,0.0,0.0
84,72,2009-11-01,1,1,2009-2010,Coop/São José Basketball,Saldanha,1,0.0,0.0,0.0,0.0,0.0,0.0,0.0,0.0,0.0,0.0,0.0,0.0,0.0,0.0,0.0,0.0,0.0,0.0,0.0,0.0,0.0,0.0,0.0,0.0,0.0,0.0,0.0,0.0,0.0,0.0,0.0,0.0,0.0,0.0,0.0,0.0,0.0,0.0,0.0,0.0,0.0,0.0,0.0,0.0,0.0,0.0,0.0,0.0,0.0,0.0,0.0,0.0,0.0,0.0,0.0,0.0
76,69,2009-11-01,1,1,2009-2010,Araraquara,Bauru Basket,1,0.0,0.0,0.0,0.0,0.0,0.0,0.0,0.0,0.0,0.0,0.0,0.0,0.0,0.0,0.0,0.0,0.0,0.0,0.0,0.0,0.0,0.0,0.0,0.0,0.0,0.0,0.0,0.0,0.0,0.0,0.0,0.0,0.0,0.0,0.0,0.0,0.0,0.0,0.0,0.0,0.0,0.0,0.0,0.0,0.0,0.0,0.0,0.0,0.0,0.0,0.0,0.0,0.0,0.0,0.0,0.0
72,69,2009-11-15,3,1,2009-2010,Joinville,Flamengo,1,0.54,0.15,0.32,0.07,0.165,0.075,0.09,0.095,0.06,1.58,0.05,0.115,43.48,0.16,0.25,64.0,0.07,0.09,77.78,0.025,0.05,0.83,0.015,0.105,0.14,0.06,0.02,0.63,0.495,0.195,0.2,0.1,0.15,0.035,0.115,0.065,0.055,1.18,0.065,0.12,54.17,0.1,0.165,60.61,0.1,0.13,76.92,0.005,0.06,1.09,0.005,0.08,0.06,0.055,0.01,0.57
88,64,2009-11-15,3,1,2009-2010,Bauru Basket,Assis,1,0.345,0.12,0.2,0.025,0.125,0.04,0.085,0.055,0.06,0.92,0.04,0.12,33.33,0.1,0.195,51.28,0.025,0.035,71.43,0.0,0.05,0.83,0.03,0.06,0.5,0.06,0.02,0.36,0.315,0.03,0.22,0.065,0.195,0.085,0.11,0.05,0.06,0.83,0.01,0.095,10.53,0.11,0.235,46.81,0.065,0.09,72.22,0.01,0.01,0.17,0.015,0.095,0.16,0.06,0.01,0.29
75,76,2009-11-15,3,1,2009-2010,Saldanha,Pinheiros,0,0.36,0.135,0.19,0.035,0.11,0.025,0.085,0.05,0.06,0.83,0.045,0.1,45.0,0.095,0.19,50.0,0.035,0.08,43.75,0.005,0.01,0.17,0.01,0.085,0.12,0.06,0.01,0.285,0.46,0.135,0.24,0.085,0.145,0.04,0.105,0.075,0.06,1.25,0.045,0.155,29.03,0.12,0.185,64.86,0.085,0.1,85.0,0.015,0.05,0.83,0.005,0.11,0.05,0.06,0.01,0.485
69,67,2009-11-15,3,1,2009-2010,Londrina,Coop/São José Basketball,1,0.38,0.045,0.26,0.075,0.105,0.045,0.06,0.07,0.075,0.93,0.015,0.07,21.43,0.13,0.23,56.52,0.075,0.115,65.22,0.0,0.015,0.2,0.03,0.075,0.4,0.075,0.015,0.33,0.42,0.15,0.21,0.06,0.155,0.075,0.08,0.125,0.05,2.5,0.05,0.165,30.3,0.105,0.145,72.41,0.06,0.095,63.16,0.01,0.025,0.5,0.005,0.095,0.05,0.05,0.0,0.49
88,80,2009-11-15,3,1,2009-2010,Brasília,Sesi Franca,1,0.49,0.165,0.24,0.085,0.145,0.04,0.105,0.11,0.09,1.22,0.055,0.105,52.38,0.12,0.22,54.55,0.085,0.11,77.27,0.03,0.035,0.39,0.005,0.095,0.05,0.09,0.025,0.52,0.37,0.06,0.26,0.05,0.16,0.05,0.11,0.1,0.015,6.67,0.02,0.095,21.05,0.13,0.23,56.52,0.05,0.085,58.82,0.0,0.015,1.0,0.02,0.085,0.24,0.015,0.0,0.44
54,52,2009-11-15,3,1,2009-2010,Espírito Santo,Paulistano,1,0.35,0.15,0.14,0.06,0.165,0.06,0.105,0.055,0.105,0.52,0.05,0.135,37.04,0.07,0.17,41.18,0.06,0.08,75.0,0.005,0.04,0.38,0.005,0.1,0.05,0.105,0.03,0.305,0.425,0.12,0.24,0.065,0.135,0.04,0.095,0.105,0.045,2.33,0.04,0.12,33.33,0.12,0.225,53.33,0.065,0.09,72.22,0.01,0.055,1.22,0.005,0.1,0.05,0.045,0.005,0.47
86,84,2009-11-20,4,1,2009-2010,Londrina,Flamengo,1,0.3625,0.0675,0.20500000000000002,0.09,0.1675,0.08,0.0875,0.07,0.08499999999999999,0.835,0.0225,0.0875,25.0,0.10250000000000001,0.22,46.115,0.09,0.12,74.61,0.0,0.025,0.28500000000000003,0.0225,0.08,0.29000000000000004,0.08499999999999999,0.0125,0.35,0.42,0.1575,0.16,0.10250000000000001,0.16,0.045,0.115,0.052500000000000005,0.0675,0.84,0.052500000000000005,0.125,42.47,0.08,0.155,50.995000000000005,0.10250000000000001,0.14750000000000002,70.28,0.01,0.06,0.92,0.0125,0.10250000000000001,0.11,0.0675,0.0125,0.44499999999999995
101,106,2009-11-22,4,1,2009-2010,Minas,Sesi Franca,0,0.44,0.18,0.2,0.06,0.195,0.085,0.11,0.105,0.09,1.17,0.06,0.115,52.17,0.1,0.215,46.51,0.06,0.095,63.16,0.005,0.015,0.17,0.0,0.08,0.0,0.09,0.02,0.46,0.385,0.135,0.20500000000000002,0.045,0.13,0.037500000000000006,0.0925,0.07250000000000001,0.04,3.6799999999999997,0.045000000000000005,0.115,36.45,0.10250000000000001,0.21000000000000002,47.995000000000005,0.045,0.07,65.775,0.0,0.035,0.925,0.0175,0.09,0.2,0.04,0.0075,0.39749999999999996
71,60,2009-11-22,4,1,2009-2010,Joinville,Coop/São José Basketball,1,0.45,0.12,0.235,0.095,0.18,0.08499999999999999,0.095,0.06,0.055,1.04,0.04,0.1375,31.115,0.1175,0.235,49.045,0.095,0.12,78.89,0.0125,0.037500000000000006,0.665,0.0075,0.11249999999999999,0.07,0.055,0.02,0.44,0.3775,0.0975,0.215,0.065,0.135,0.055,0.08,0.0975,0.060000000000000005,1.75,0.0325,0.1275,23.485,0.1075,0.15999999999999998,67.63499999999999,0.065,0.10500000000000001,62.015,0.0075,0.045,0.7150000000000001,0.005,0.10500000000000001,0.045,0.060000000000000005,0.0075,0.4125
74,71,2009-11-22,4,1,2009-2010,Saldanha,Paulistano,1,0.3675,0.1275,0.2,0.04,0.11499999999999999,0.037500000000000006,0.07750000000000001,0.0425,0.0625,0.685,0.042499999999999996,0.1,42.5,0.1,0.19,52.629999999999995,0.04,0.0875,45.56,0.0075,0.0275,0.43,0.01,0.08,0.125,0.0625,0.015,0.305,0.3425,0.0975,0.19,0.055,0.135,0.035,0.1,0.0775,0.0375,2.0,0.0325,0.11499999999999999,28.03,0.095,0.21250000000000002,44.165,0.055,0.08249999999999999,66.11,0.0075,0.0475,1.275,0.01,0.0975,0.10500000000000001,0.0375,0.0025,0.3475
96,75,2009-11-22,4,1,2009-2010,Brasília,Araraquara,1,0.46499999999999997,0.135,0.255,0.07500000000000001,0.16999999999999998,0.05500000000000001,0.11499999999999999,0.0975,0.08249999999999999,1.1749999999999998,0.045,0.11499999999999999,40.19,0.1275,0.215,59.42,0.07500000000000001,0.10250000000000001,72.845,0.0225,0.035,0.43,0.0225,0.08499999999999999,0.29000000000000004,0.08249999999999999,0.02,0.5225,0.38,0.135,0.2,0.045,0.125,0.035,0.09,0.075,0.06,1.25,0.045,0.125,36.0,0.1,0.155,64.52,0.045,0.055,81.82,0.01,0.05,0.83,0.015,0.055,0.27,0.06,0.01,0.44
81,76,2009-11-22,4,1,2009-2010,Espírito Santo,Pinheiros,1,0.31,0.075,0.15500000000000003,0.08,0.19,0.055,0.135,0.052500000000000005,0.11,0.475,0.025,0.10250000000000001,18.52,0.07750000000000001,0.1775,43.565,0.08,0.125,66.91,0.0075,0.035,0.32,0.015000000000000001,0.0975,0.155,0.11,0.0275,0.27,0.42000000000000004,0.165,0.19,0.065,0.135,0.04,0.095,0.057499999999999996,0.07,0.875,0.055,0.135,42.775000000000006,0.095,0.1775,53.019999999999996,0.065,0.085,74.64500000000001,0.0125,0.045,0.665,0.015000000000000001,0.095,0.18,0.07,0.02,0.42
