placar_casa,placar_visitante,data,round,stage,ano,equipe_casa,equipe_visitante,resultado,Pts_casa,3P_casa,2P_casa,LL_casa,RT_casa,RO_casa,RD_casa,AS_casa,ER_casa,IA%_casa,3PC_casa,3PT_casa,3P%_casa,2PC_casa,2PT_casa,2P%_casa,LLC_casa,LLT_casa,LL%_casa,EN_casa,BR_casa,B/E_casa,TO_casa,FC_casa,T/FC_casa,ET_casa,VI_casa,EF_casa,Pts_visitante,3P_visitante,2P_visitante,LL_visitante,RT_visitante,RO_visitante,RD_visitante,AS_visitante,ER_visitante,IA%_visitante,3PC_visitante,3PT_visitante,3P%_visitante,2PC_visitante,2PT_visitante,2P%_visitante,LLC_visitante,LLT_visitante,LL%_visitante,EN_visitante,BR_visitante,B/E_visitante,TO_visitante,FC_visitante,T/FC_visitante,ET_visitante,VI_visitante,EF_visitante
77,73,2015-11-02,1,1,2015-2016,Bauru Basket,Flamengo,1,0.0,0.0,0.0,0.0,0.0,0.0,0.0,0.0,0.0,0.0,0.0,0.0,0.0,0.0,0.0,0.0,0.0,0.0,0.0,0.0,0.0,0.0,0.0,0.0,0.0,0.0,0.0,0.0,0.0,0.0,0.0,0.0,0.0,0.0,0.0,0.0,0.0,0.0,0.0,0.0,0.0,0.0,0.0,0.0,0.0,0.0,0.0,0.0,0.0,0.0,0.0,0.0,0.0,0.0,0.0,0.0
77,73,2015-11-03,1,1,2015-2016,Sesi Franca,Macaé Basquete,1,0.0,0.0,0.0,0.0,0.0,0.0,0.0,0.0,0.0,0.0,0.0,0.0,0.0,0.0,0.0,0.0,0.0,0.0,0.0,0.0,0.0,0.0,0.0,0.0,0.0,0.0,0.0,0.0,0.0,0.0,0.0,0.0,0.0,0.0,0.0,0.0,0.0,0.0,0.0,0.0,0.0,0.0,0.0,0.0,0.0,0.0,0.0,0.0,0.0,0.0,0.0,0.0,0.0,0.0,0.0,0.0
82,67,2015-11-03,1,1,2015-2016,Rio Claro,L. Sorocabana,1,0.0,0.0,0.0,0.0,0.0,0.0,0.0,0.0,0.0,0.0,0.0,0.0,0.0,0.0,0.0,0.0,0.0,0.0,0.0,0.0,0.0,0.0,0.0,0.0,0.0,0.0,0.0,0.0,0.0,0.0,0.0,0.0,0.0,0.0,0.0,0.0,0.0,0.0,0.0,0.0,0.0,0.0,0.0,0.0,0.0,0.0,0.0,0.0,0.0,0.0,0.0,0.0,0.0,0.0,0.0,0.0
75,63,2015-11-04,1,1,2015-2016,Pinheiros,Minas,1,0.0,0.0,0.0,0.0,0.0,0.0,0.0,0.0,0.0,0.0,0.0,0.0,0.0,0.0,0.0,0.0,0.0,0.0,0.0,0.0,0.0,0.0,0.0,0.0,0.0,0.0,0.0,0.0,0.0,0.0,0.0,0.0,0.0,0.0,0.0,0.0,0.0,0.0,0.0,0.0,0.0,0.0,0.0,0.0,0.0,0.0,0.0,0.0,0.0,0.0,0.0,0.0,0.0,0.0,0.0,0.0
82,91,2015-11-04,1,1,2015-2016,Caxias do Sul Basquete,Brasília,0,0.0,0.0,0.0,0.0,0.0,0.0,0.0,0.0,0.0,0.0,0.0,0.0,0.0,0.0,0.0,0.0,0.0,0.0,0.0,0.0,0.0,0.0,0.0,0.0,0.0,0.0,0.0,0.0,0.0,0.0,0.0,0.0,0.0,0.0,0.0,0.0,0.0,0.0,0.0,0.0,0.0,0.0,0.0,0.0,0.0,0.0,0.0,0.0,0.0,0.0,0.0,0.0,0.0,0.0,0.0,0.0
83,76,2015-11-04,1,1,2015-2016,Fortaleza B. C. / CFO,Mogi,1,0.0,0.0,0.0,0.0,0.0,0.0,0.0,0.0,0.0,0.0,0.0,0.0,0.0,0.0,0.0,0.0,0.0,0.0,0.0,0.0,0.0,0.0,0.0,0.0,0.0,0.0,0.0,0.0,0.0,0.0,0.0,0.0,0.0,0.0,0.0,0.0,0.0,0.0,0.0,0.0,0.0,0.0,0.0,0.0,0.0,0.0,0.0,0.0,0.0,0.0,0.0,0.0,0.0,0.0,0.0,0.0
60,68,2015-11-04,1,1,2015-2016,Vitória,Coop/São José Basketball,0,0.0,0.0,0.0,0.0,0.0,0.0,0.0,0.0,0.0,0.0,0.0,0.0,0.0,0.0,0.0,0.0,0.0,0.0,0.0,0.0,0.0,0.0,0.0,0.0,0.0,0.0,0.0,0.0,0.0,0.0,0.0,0.0,0.0,0.0,0.0,0.0,0.0,0.0,0.0,0.0,0.0,0.0,0.0,0.0,0.0,0.0,0.0,0.0,0.0,0.0,0.0,0.0,0.0,0.0,0.0,0.0
88,64,2015-11-05,2,1,2015-2016,Bauru Basket,Macaé Basquete,1,0.385,0.15,0.16,0.075,0.16,0.045,0.115,0.075,0.06,1.25,0.05,0.155,32.26,0.08,0.14,57.14,0.075,0.1,75.0,0.005,0.055,0.92,0.005,0.095,0.05,0.06,0.01,0.43,0.365,0.135,0.14,0.09,0.185,0.08,0.105,0.065,0.045,1.44,0.045,0.13,34.62,0.07,0.2,35.0,0.09,0.115,78.26,0.005,0.05,1.11,0.005,0.115,0.04,0.045,0.015,0.385
65,89,2015-11-05,2,1,2015-2016,Sesi Franca,Flamengo,0,0.385,0.135,0.18,0.07,0.18,0.04,0.14,0.075,0.08,0.94,0.045,0.1,45.0,0.09,0.18,50.0,0.07,0.085,82.35,0.025,0.025,0.31,0.025,0.12,0.21,0.08,0.02,0.45,0.365,0.075,0.2,0.09,0.155,0.03,0.125,0.095,0.07,1.36,0.025,0.09,27.78,0.1,0.18,55.56,0.09,0.11,81.82,0.005,0.045,0.64,0.01,0.095,0.11,0.07,0.01,0.435
67,74,2015-11-05,2,1,2015-2016,Rio Claro,Paulistano,0,0.41,0.135,0.18,0.095,0.195,0.045,0.15,0.115,0.065,1.77,0.045,0.11,40.91,0.09,0.16,56.25,0.095,0.135,70.37,0.005,0.045,0.69,0.01,0.09,0.11,0.065,0.015,0.535,0.0,0.0,0.0,0.0,0.0,0.0,0.0,0.0,0.0,0.0,0.0,0.0,0.0,0.0,0.0,0.0,0.0,0.0,0.0,0.0,0.0,0.0,0.0,0.0,0.0,0.0,0.0,0.0
68,93,2015-11-06,2,1,2015-2016,Pinheiros,Brasília,0,0.375,0.135,0.21,0.03,0.21,0.055,0.155,0.07,0.065,1.08,0.045,0.09,50.0,0.105,0.25,42.0,0.03,0.045,66.67,0.0,0.03,0.46,0.02,0.1,0.2,0.065,0.015,0.435,0.455,0.12,0.27,0.065,0.185,0.055,0.13,0.15,0.105,1.43,0.04,0.085,47.06,0.135,0.195,69.23,0.065,0.07,92.86,0.02,0.015,0.14,0.015,0.12,0.13,0.105,0.02,0.605
48,75,2015-11-06,2,1,2015-2016,Caxias do Sul Basquete,Minas,0,0.41,0.075,0.23,0.105,0.115,0.065,0.05,0.085,0.035,2.43,0.025,0.14,17.86,0.115,0.21,54.76,0.105,0.125,84.0,0.0,0.07,2.0,0.0,0.1,0.0,0.035,0.015,0.415,0.315,0.075,0.16,0.08,0.175,0.045,0.13,0.09,0.06,1.5,0.025,0.09,27.78,0.08,0.21,38.1,0.08,0.105,76.19,0.015,0.05,0.83,0.015,0.08,0.19,0.06,0.02,0.365
80,91,2015-11-06,2,1,2015-2016,Fortaleza B. C. / CFO,Coop/São José Basketball,0,0.415,0.195,0.12,0.1,0.22,0.06,0.16,0.055,0.095,0.58,0.065,0.125,52.0,0.06,0.18,33.33,0.1,0.11,90.91,0.005,0.03,0.32,0.045,0.115,0.39,0.095,0.02,0.48,0.34,0.15,0.13,0.06,0.175,0.025,0.15,0.06,0.075,0.8,0.05,0.125,40.0,0.065,0.14,46.43,0.06,0.065,92.31,0.005,0.025,0.33,0.0,0.085,0.0,0.075,0.015,0.37
64,83,2015-11-06,2,1,2015-2016,Vitória,Mogi,0,0.3,0.06,0.2,0.04,0.175,0.045,0.13,0.06,0.08,0.75,0.02,0.1,20.0,0.1,0.205,48.78,0.04,0.06,66.67,0.0,0.05,0.63,0.0,0.08,0.0,0.08,0.05,0.3,0.38,0.105,0.19,0.085,0.21,0.075,0.135,0.065,0.06,1.08,0.035,0.13,26.92,0.095,0.235,40.43,0.085,0.12,70.83,0.0,0.07,1.17,0.01,0.09,0.11,0.06,0.025,0.405
75,85,2015-11-10,3,1,2015-2016,Minas,Sesi Franca,0,0.345,0.0975,0.175,0.07250000000000001,0.205,0.0475,0.1575,0.08499999999999999,0.07250000000000001,1.22,0.0325,0.0975,32.94,0.0875,0.195,45.44,0.07250000000000001,0.0975,74.205,0.0075,0.045,0.6499999999999999,0.015,0.0875,0.175,0.07250000000000001,0.02,0.425,0.355,0.0975,0.18,0.07750000000000001,0.16499999999999998,0.045,0.12000000000000001,0.0625,0.08,0.7849999999999999,0.0325,0.0975,33.025,0.09,0.18,50.0,0.07750000000000001,0.10750000000000001,73.865,0.0225,0.035,0.43500000000000005,0.0175,0.125,0.145,0.08,0.015,0.37
83,52,2015-11-10,3,1,2015-2016,Mogi,Caxias do Sul Basquete,1,0.39749999999999996,0.1275,0.21000000000000002,0.060000000000000005,0.1875,0.065,0.1225,0.09,0.065,1.3599999999999999,0.0425,0.1225,35.2,0.10500000000000001,0.2175,48.965,0.060000000000000005,0.08249999999999999,74.305,0.01,0.060000000000000005,0.94,0.0125,0.1,0.125,0.065,0.02,0.465,0.32499999999999996,0.08249999999999999,0.175,0.0675,0.1325,0.05,0.0825,0.07250000000000001,0.0475,1.715,0.0275,0.135,20.47,0.0875,0.185,46.129999999999995,0.0675,0.1075,58.665,0.0,0.065,1.5,0.0025,0.10750000000000001,0.02,0.0475,0.015,0.305
74,95,2015-11-10,3,1,2015-2016,Coop/São José Basketball,Pinheiros,0,0.3975,0.1575,0.18,0.06,0.1775,0.0325,0.14500000000000002,0.07,0.0625,1.2000000000000002,0.052500000000000005,0.125,42.0,0.09,0.1725,51.265,0.06,0.0775,79.49000000000001,0.005,0.0325,0.5650000000000001,0.0075,0.095,0.07,0.0625,0.0175,0.45,0.35750000000000004,0.0975,0.20500000000000002,0.055,0.1875,0.0625,0.125,0.0575,0.065,0.885,0.0325,0.095,35.0,0.10250000000000001,0.2475,41.41,0.055,0.0775,69.7,0.0,0.045,0.6900000000000001,0.02,0.10750000000000001,0.185,0.065,0.015,0.3725
108,101,2015-11-11,3,1,2015-2016,Paulistano,Fortaleza B. C. / CFO,1,0.37,0.15,0.17,0.05,0.195,0.065,0.13,0.065,0.055,1.18,0.05,0.14,35.71,0.085,0.18,47.22,0.05,0.075,66.67,0.005,0.035,0.64,0.005,0.07,0.07,0.055,0.01,0.405,0.4075,0.1875,0.135,0.085,0.225,0.0775,0.14750000000000002,0.065,0.07,1.125,0.0625,0.155,42.215,0.0675,0.1925,34.96,0.085,0.10250000000000001,82.295,0.005,0.03,0.495,0.0275,0.11,0.245,0.07,0.0125,0.44999999999999996
84,80,2015-11-11,3,1,2015-2016,Macaé Basquete,Rio Claro,1,0.3425,0.1275,0.135,0.08,0.155,0.0625,0.0925,0.05,0.04,1.22,0.042499999999999996,0.14250000000000002,30.214999999999996,0.0675,0.1725,39.915,0.08,0.10750000000000001,74.13,0.005,0.045,1.125,0.0025,0.1125,0.02,0.04,0.015,0.3225,0.3725,0.135,0.16999999999999998,0.0675,0.16999999999999998,0.03,0.14,0.11,0.0625,1.76,0.045,0.1125,40.019999999999996,0.08499999999999999,0.15000000000000002,56.695,0.0675,0.10500000000000001,61.85,0.0075,0.045,0.72,0.0125,0.09,0.14,0.0625,0.0175,0.47750000000000004
71,69,2015-11-11,3,1,2015-2016,L. Sorocabana,Vitória,1,0.335,0.12,0.17,0.045,0.185,0.085,0.1,0.065,0.07,0.93,0.04,0.12,33.33,0.085,0.225,37.78,0.045,0.07,64.29,0.0,0.05,0.71,0.015,0.115,0.13,0.07,0.02,0.335,0.31,0.0525,0.19,0.0675,0.16749999999999998,0.0525,0.115,0.0475,0.07250000000000001,0.645,0.0175,0.09,19.375,0.095,0.2075,45.82,0.0675,0.09,72.92,0.0075,0.0425,0.585,0.0075,0.0775,0.1,0.07250000000000001,0.037500000000000006,0.295
67,83,2015-11-12,4,1,2015-2016,Minas,Bauru Basket,0,0.355,0.11,0.17333333333333334,0.07166666666666667,0.18833333333333332,0.04833333333333334,0.13999999999999999,0.08666666666666667,0.06833333333333334,1.3133333333333332,0.03666666666666667,0.11,33.07,0.08666666666666667,0.18666666666666668,46.96,0.07166666666666667,0.10333333333333333,69.76,0.01,0.051666666666666666,0.7933333333333333,0.015,0.09666666666666666,0.16,0.06833333333333334,0.02,0.42333333333333334,0.4125,0.1575,0.195,0.06,0.16749999999999998,0.035,0.1325,0.08499999999999999,0.055,1.575,0.052500000000000005,0.14250000000000002,37.285,0.0975,0.14500000000000002,66.905,0.06,0.085,69.64500000000001,0.0025,0.0375,0.66,0.005,0.0875,0.055,0.055,0.01,0.49
86,83,2015-11-12,4,1,2015-2016,Mogi,Pinheiros,1,0.4033333333333333,0.13,0.21333333333333335,0.06,0.21166666666666667,0.07,0.14166666666666666,0.085,0.07666666666666667,1.1566666666666665,0.043333333333333335,0.12333333333333334,35.46666666666667,0.10666666666666667,0.21333333333333335,50.53,0.06,0.08833333333333333,69.53666666666668,0.011666666666666667,0.05833333333333334,0.8099999999999999,0.015,0.09333333333333334,0.16666666666666666,0.07666666666666667,0.018333333333333333,0.48,0.39666666666666667,0.075,0.24666666666666667,0.075,0.20833333333333334,0.06666666666666667,0.14166666666666666,0.055,0.05666666666666667,1.0066666666666666,0.024999999999999998,0.085,28.459999999999997,0.12333333333333334,0.2683333333333333,45.349999999999994,0.075,0.09666666666666668,74.86333333333333,0.0016666666666666668,0.045000000000000005,0.8366666666666666,0.023333333333333334,0.10500000000000002,0.2233333333333333,0.05666666666666667,0.013333333333333334,0.445
71,76,2015-11-12,4,1,2015-2016,Coop/São José Basketball,Caxias do Sul Basquete,0,0.38833333333333336,0.15,0.17666666666666667,0.06166666666666667,0.17333333333333334,0.03833333333333334,0.135,0.06333333333333334,0.06166666666666667,1.0766666666666669,0.05000000000000001,0.13166666666666668,38.343333333333334,0.08833333333333333,0.18000000000000002,48.70666666666667,0.06166666666666667,0.08166666666666667,77.06666666666668,0.0033333333333333335,0.03,0.5166666666666667,0.008333333333333333,0.09999999999999999,0.07666666666666667,0.06166666666666667,0.015000000000000001,0.4083333333333334,0.3033333333333333,0.085,0.15333333333333332,0.065,0.14666666666666667,0.05333333333333334,0.09333333333333334,0.065,0.06,1.34,0.028333333333333332,0.13333333333333333,21.34,0.07666666666666666,0.18499999999999997,40.663333333333334,0.065,0.10166666666666667,61.333333333333336,0.0,0.07,1.3133333333333332,0.0033333333333333335,0.10166666666666668,0.03333333333333333,0.06,0.016666666666666666,0.2783333333333333
77,63,2015-11-13,4,1,2015-2016,Paulistano,Vitória,1,0.455,0.1725,0.21500000000000002,0.0675,0.1875,0.0675,0.12,0.08,0.065,1.225,0.0575,0.14250000000000002,40.269999999999996,0.10750000000000001,0.195,54.56,0.0675,0.095,70.28999999999999,0.01,0.045,0.685,0.005,0.095,0.05500000000000001,0.065,0.030000000000000002,0.5075000000000001,0.32166666666666666,0.06,0.18666666666666668,0.075,0.17166666666666663,0.051666666666666666,0.12,0.041666666666666664,0.08166666666666668,0.53,0.02,0.08,26.80666666666667,0.09333333333333334,0.19499999999999998,48.19333333333333,0.075,0.105,70.83666666666666,0.005,0.04,0.5066666666666667,0.008333333333333333,0.085,0.10000000000000002,0.08166666666666668,0.030000000000000002,0.31
70,78,2015-11-13,4,1,2015-2016,L. Sorocabana,Fortaleza B. C. / CFO,0,0.345,0.08249999999999999,0.20500000000000002,0.0575,0.19,0.095,0.095,0.0675,0.0625,1.1,0.0275,0.1075,24.56,0.10250000000000001,0.2475,41.11,0.0575,0.0825,68.98500000000001,0.0025,0.0675,1.13,0.01,0.12,0.085,0.0625,0.0175,0.36750000000000005,0.43999999999999995,0.17,0.17,0.10000000000000002,0.20666666666666667,0.06999999999999999,0.1366666666666667,0.05833333333333333,0.06833333333333334,0.98,0.056666666666666664,0.14333333333333334,40.64333333333334,0.085,0.19666666666666666,42.82,0.10000000000000002,0.12333333333333334,81.12666666666667,0.0033333333333333335,0.028333333333333332,0.4566666666666667,0.02,0.11333333333333333,0.17666666666666667,0.06833333333333334,0.01,0.4633333333333333
102,70,2015-11-13,4,1,2015-2016,Flamengo,Rio Claro,1,0.405,0.0975,0.21500000000000002,0.0925,0.16499999999999998,0.04,0.125,0.1,0.0675,1.4900000000000002,0.0325,0.0975,32.94,0.10750000000000001,0.185,58.045,0.0925,0.1125,82.215,0.005,0.05,0.745,0.01,0.115,0.09,0.0675,0.005,0.5,0.38166666666666665,0.12,0.18333333333333332,0.07833333333333334,0.16,0.03333333333333333,0.12666666666666668,0.10333333333333333,0.07,1.5266666666666666,0.04,0.11,36.203333333333326,0.09166666666666666,0.1566666666666667,58.38333333333333,0.07833333333333334,0.11666666666666668,65.04333333333334,0.01,0.051666666666666666,0.7333333333333334,0.011666666666666667,0.09666666666666666,0.12333333333333334,0.07,0.015000000000000001,0.465
88,82,2015-11-17,5,1,2015-2016,Coop/São José Basketball,Rio Claro,1,0.38,0.135,0.1825,0.0625,0.17875000000000002,0.045,0.13375,0.0625,0.06625,0.9950000000000001,0.045000000000000005,0.13,34.7575,0.09125,0.18625,48.725,0.0625,0.0825,76.9175,0.00375,0.0325,0.5125,0.00875,0.10124999999999999,0.0825,0.06625,0.0175,0.39625,0.37375,0.13125,0.18,0.0625,0.15125,0.030000000000000002,0.12125,0.09625,0.07750000000000001,1.3325,0.04375,0.11375,38.152499999999996,0.09,0.16000000000000003,56.2875,0.0625,0.09250000000000001,67.5325,0.0125,0.04875,0.65,0.01,0.09125,0.11,0.07750000000000001,0.015000000000000001,0.4325
81,85,2015-11-17,5,1,2015-2016,Fortaleza B. C. / CFO,Brasília,0,0.4275,0.1575,0.1725,0.0975,0.19874999999999998,0.06125,0.1375,0.057499999999999996,0.08,0.855,0.0525,0.135,39.572500000000005,0.08625,0.185,47.115,0.0975,0.1225,79.595,0.005,0.0375,0.485,0.01625,0.11249999999999999,0.14500000000000002,0.08,0.01125,0.45125,0.46,0.15,0.245,0.065,0.185,0.042499999999999996,0.14250000000000002,0.1175,0.095,1.2149999999999999,0.05,0.095,52.1,0.1225,0.1925,63.56,0.065,0.07500000000000001,87.055,0.015,0.0275,0.305,0.01,0.11499999999999999,0.09,0.095,0.0175,0.5800000000000001
76,66,2015-11-17,5,1,2015-2016,Vitória,Minas,1,0.32,0.06375,0.17750000000000002,0.07875,0.1725,0.057499999999999996,0.11499999999999999,0.03875,0.07500000000000001,0.535,0.02125,0.08875,25.54,0.08875000000000001,0.20124999999999998,44.6675,0.07875,0.105,74.55499999999999,0.00375,0.04625,0.675,0.007500000000000001,0.075,0.10250000000000001,0.07500000000000001,0.027500000000000004,0.30374999999999996,0.35,0.10500000000000001,0.18,0.065,0.16999999999999998,0.043750000000000004,0.12625,0.0825,0.0625,1.375,0.035,0.11750000000000001,30.159999999999997,0.09,0.185,49.11,0.065,0.09625,67.32,0.0125,0.051250000000000004,0.8725,0.01375,0.105,0.13999999999999999,0.0625,0.017499999999999998,0.39625
84,82,2015-11-18,5,1,2015-2016,Paulistano,Macaé Basquete,1,0.43166666666666664,0.165,0.21000000000000005,0.05666666666666667,0.19333333333333333,0.05833333333333334,0.135,0.08,0.07166666666666667,1.1300000000000001,0.055,0.13166666666666668,41.99666666666666,0.10500000000000002,0.19000000000000003,54.89333333333334,0.05666666666666667,0.07833333333333332,72.78666666666666,0.011666666666666667,0.03833333333333333,0.5533333333333333,0.006666666666666667,0.08833333333333333,0.08,0.07166666666666667,0.025000000000000005,0.49500000000000005,0.36833333333333335,0.13,0.1466666666666667,0.09166666666666667,0.15,0.05333333333333334,0.09666666666666666,0.04666666666666667,0.05333333333333334,0.98,0.043333333333333335,0.13166666666666668,33.779999999999994,0.07333333333333335,0.16666666666666666,44.89000000000001,0.09166666666666667,0.11333333333333334,80.08666666666666,0.005,0.05333333333333334,1.0433333333333332,0.0016666666666666668,0.12166666666666666,0.013333333333333334,0.05333333333333334,0.013333333333333334,0.36333333333333334
71,79,2015-11-18,5,1,2015-2016,Bauru Basket,Pinheiros,0,0.41333333333333333,0.145,0.18666666666666668,0.08166666666666667,0.17833333333333332,0.03833333333333334,0.14,0.08,0.065,1.3233333333333333,0.04833333333333334,0.12666666666666668,38.89333333333333,0.09333333333333334,0.14833333333333334,62.88333333333333,0.08166666666666667,0.105,75.16666666666667,0.008333333333333333,0.03333333333333333,0.5366666666666667,0.005,0.09166666666666667,0.05333333333333334,0.065,0.011666666666666667,0.4883333333333333,0.40125,0.0825,0.24,0.07875,0.20875,0.06125,0.1475,0.0575,0.0575,1.025,0.0275,0.0875,30.555,0.12,0.2575,46.235,0.07875,0.09875,77.575,0.00375,0.03875,0.71,0.02875,0.10625000000000001,0.26999999999999996,0.0575,0.0125,0.45999999999999996
68,76,2015-11-18,5,1,2015-2016,L. Sorocabana,Flamengo,0,0.3466666666666667,0.06999999999999999,0.21333333333333335,0.06333333333333334,0.18666666666666668,0.08833333333333333,0.09833333333333333,0.05666666666666667,0.07166666666666667,0.8633333333333334,0.023333333333333334,0.09833333333333333,22.623333333333335,0.10666666666666667,0.25,42.44,0.06333333333333334,0.08666666666666667,72.30666666666667,0.0016666666666666668,0.07333333333333335,1.0666666666666667,0.011666666666666667,0.12333333333333334,0.09666666666666668,0.07166666666666667,0.02,0.36166666666666664,0.44,0.09500000000000001,0.25666666666666665,0.08833333333333333,0.16,0.03166666666666667,0.12833333333333333,0.11,0.06166666666666667,1.86,0.03166666666666667,0.08833333333333333,36.24666666666666,0.12833333333333333,0.205,61.826666666666675,0.08833333333333333,0.105,84.44,0.008333333333333333,0.06166666666666667,1.0633333333333332,0.008333333333333333,0.09833333333333334,0.08666666666666667,0.06166666666666667,0.006666666666666667,0.5683333333333334
64,69,2015-11-19,6,1,2015-2016,Fortaleza B. C. / CFO,Minas,0,0.42300000000000004,0.15,0.184,0.089,0.188,0.05600000000000001,0.132,0.05499999999999999,0.076,0.834,0.05,0.132,38.324,0.092,0.19,48.644,0.089,0.11299999999999999,78.342,0.007000000000000001,0.039,0.538,0.015,0.10999999999999999,0.136,0.076,0.009999999999999998,0.44000000000000006,0.346,0.096,0.184,0.066,0.16599999999999998,0.046,0.12,0.084,0.065,1.34,0.032,0.11500000000000002,27.938,0.092,0.181,51.410000000000004,0.066,0.096,68.592,0.011,0.05,0.818,0.012,0.101,0.12399999999999997,0.065,0.016999999999999998,0.391
83,73,2015-11-19,6,1,2015-2016,Vitória,Brasília,1,0.332,0.078,0.184,0.06999999999999999,0.16699999999999998,0.05399999999999999,0.11299999999999999,0.048,0.07400000000000001,0.67,0.026000000000000002,0.092,29.003999999999998,0.092,0.196,47.733999999999995,0.06999999999999999,0.096,71.30999999999999,0.004,0.048,0.6980000000000001,0.007000000000000001,0.08099999999999999,0.092,0.07400000000000001,0.026000000000000002,0.33199999999999996,0.4483333333333333,0.15,0.22666666666666666,0.07166666666666667,0.19166666666666665,0.04833333333333333,0.14333333333333334,0.10666666666666667,0.09166666666666667,1.1433333333333333,0.05000000000000001,0.10833333333333334,47.080000000000005,0.11333333333333333,0.18833333333333332,59.96666666666667,0.07166666666666667,0.085,85.02,0.011666666666666665,0.035,0.39999999999999997,0.01,0.10666666666666665,0.09666666666666666,0.09166666666666667,0.023333333333333334,0.5533333333333333
67,60,2015-11-20,6,1,2015-2016,Paulistano,Flamengo,1,0.42874999999999996,0.15375,0.21750000000000003,0.0575,0.19874999999999998,0.060000000000000005,0.13875,0.0775,0.06625,1.1975,0.051250000000000004,0.1275,40.192499999999995,0.10875000000000001,0.19625,55.1225,0.0575,0.08,72.2375,0.01,0.0375,0.5900000000000001,0.0075,0.095,0.0825,0.06625,0.02125,0.49750000000000005,0.42500000000000004,0.10125,0.2375,0.08625000000000001,0.16375,0.0325,0.13125,0.10625000000000001,0.0675,1.675,0.03375,0.08750000000000001,38.95,0.11875,0.19625,59.605000000000004,0.08625000000000001,0.1075,80.7225,0.007500000000000001,0.05625,0.915,0.01125,0.09375000000000001,0.1275,0.0675,0.0075,0.5425
78,51,2015-11-20,6,1,2015-2016,Bauru Basket,Caxias do Sul Basquete,1,0.39875,0.15,0.17750000000000002,0.07125,0.17124999999999999,0.037500000000000006,0.13375,0.08249999999999999,0.06375,1.3675,0.05,0.14250000000000002,36.4075,0.08875000000000001,0.14250000000000002,62.1625,0.07125,0.0925,74.5575,0.007500000000000001,0.04,0.6525000000000001,0.00375,0.09125,0.04,0.06375,0.00875,0.46499999999999997,0.3225,0.07875,0.1775,0.06625,0.1525,0.051250000000000004,0.10125,0.06625,0.06875,1.1900000000000002,0.02625,0.12625,20.7675,0.08875,0.18874999999999997,46.1225,0.06625,0.10125,63.5,0.0,0.06625,1.13,0.00375,0.10625000000000001,0.035,0.06875,0.02125,0.3075
86,72,2015-11-20,6,1,2015-2016,L. Sorocabana,Macaé Basquete,1,0.34500000000000003,0.07874999999999999,0.20750000000000002,0.05875,0.18000000000000002,0.0825,0.0975,0.05500000000000001,0.07375,0.805,0.026250000000000002,0.10375,24.26,0.10375000000000001,0.24,43.14,0.05875,0.07875,74.685,0.0025,0.07125000000000001,1.0025,0.00875,0.125,0.07250000000000001,0.07375,0.02375,0.3525,0.37875,0.1275,0.15750000000000003,0.09375,0.14625,0.04625,0.09999999999999999,0.05500000000000001,0.051250000000000004,1.18,0.0425,0.1275,34.03,0.07875000000000001,0.1725,46.167500000000004,0.09375,0.11375,81.80499999999999,0.005,0.0475,0.95,0.00375,0.11499999999999999,0.0375,0.051250000000000004,0.0125,0.38125000000000003
94,106,2015-11-25,4,1,2015-2016,Brasília,Sesi Franca,0,0.4275,0.15,0.205,0.07250000000000001,0.19999999999999998,0.06125,0.13875,0.0975,0.08375,1.15,0.05,0.11875,43.6425,0.1025,0.19,53.95,0.07250000000000001,0.09125,80.81,0.008749999999999999,0.03125,0.3825,0.008749999999999999,0.10249999999999998,0.0875,0.08375,0.018750000000000003,0.5062500000000001,0.37833333333333335,0.13,0.18000000000000002,0.06833333333333334,0.16666666666666666,0.03666666666666667,0.13,0.07833333333333332,0.085,0.9099999999999998,0.043333333333333335,0.11,38.06666666666666,0.09000000000000001,0.165,55.55666666666667,0.06833333333333334,0.09833333333333334,70.07666666666667,0.021666666666666667,0.030000000000000002,0.36000000000000004,0.016666666666666666,0.12166666666666666,0.13999999999999999,0.085,0.015,0.41333333333333333
111,114,2015-11-27,3,1,2015-2016,Brasília,Bauru Basket,0,0.43599999999999994,0.144,0.21200000000000002,0.08,0.19499999999999998,0.06,0.135,0.098,0.084,1.156,0.048,0.121,41.068,0.10600000000000001,0.19,55.79200000000001,0.08,0.098,82.248,0.012,0.032,0.388,0.009,0.10999999999999999,0.08399999999999999,0.084,0.018000000000000002,0.5110000000000001,0.39699999999999996,0.13499999999999998,0.17800000000000002,0.08399999999999999,0.17099999999999999,0.037000000000000005,0.134,0.08299999999999999,0.059,1.52,0.045,0.138,33.291999999999994,0.08900000000000001,0.15,59.73,0.08399999999999999,0.10800000000000001,75.52799999999999,0.008,0.046,0.8720000000000001,0.003,0.093,0.032,0.059,0.008,0.46299999999999997
68,63,2015-11-27,6,1,2015-2016,Mogi,Rio Claro,1,0.41,0.1275,0.22,0.0625,0.21,0.07,0.14,0.0875,0.06625,1.545,0.0425,0.11624999999999999,37.1275,0.11,0.23,48.6125,0.0625,0.0925,68.82000000000001,0.00875,0.05625000000000001,0.9649999999999999,0.0175,0.09875,0.18,0.06625,0.0175,0.49,0.381,0.123,0.182,0.076,0.152,0.034,0.118,0.092,0.07900000000000001,1.242,0.040999999999999995,0.11600000000000002,35.321999999999996,0.091,0.16300000000000003,55.888,0.076,0.11100000000000002,68.08,0.012,0.05,0.65,0.012,0.10700000000000001,0.11200000000000002,0.07900000000000001,0.019,0.426
86,82,2015-11-28,5,1,2015-2016,Sesi Franca,Caxias do Sul Basquete,1,0.41625,0.135,0.20500000000000002,0.07625000000000001,0.16625,0.042499999999999996,0.12375,0.09125,0.07625,1.3325,0.045,0.1125,38.9675,0.10250000000000001,0.1825,56.56,0.07625000000000001,0.10875000000000001,70.41499999999999,0.02,0.036250000000000004,0.545,0.01625,0.1225,0.135,0.07625,0.012499999999999999,0.47,0.309,0.075,0.174,0.06000000000000001,0.15699999999999997,0.042,0.11500000000000002,0.062,0.074,1.046,0.025,0.119,21.058,0.087,0.182,47.220000000000006,0.06000000000000001,0.091,64.8,0.003,0.06000000000000001,0.978,0.005,0.11700000000000002,0.04,0.074,0.021,0.29900000000000004
70,84,2015-11-30,6,1,2015-2016,Sesi Franca,Pinheiros,0,0.41900000000000004,0.135,0.2,0.084,0.17,0.040999999999999995,0.129,0.087,0.076,1.252,0.045,0.11600000000000002,38.098,0.1,0.179,56.158,0.084,0.12400000000000003,68.76399999999998,0.018,0.039,0.5700000000000001,0.015,0.124,0.124,0.076,0.009999999999999998,0.46399999999999997,0.4,0.084,0.238,0.078,0.199,0.052000000000000005,0.147,0.06000000000000001,0.063,0.984,0.028000000000000004,0.08299999999999999,33.674,0.119,0.246,48.488,0.078,0.10200000000000001,75.104,0.004,0.043,0.71,0.025,0.1,0.242,0.063,0.014000000000000002,0.458
63,72,2015-12-01,7,1,2015-2016,Rio Claro,Bauru Basket,0,0.37000000000000005,0.125,0.17333333333333334,0.07166666666666667,0.1525,0.0375,0.11499999999999999,0.08833333333333333,0.08166666666666668,1.1583333333333334,0.041666666666666664,0.12083333333333335,34.60666666666666,0.08666666666666667,0.1616666666666667,53.56333333333333,0.07166666666666667,0.10416666666666667,68.63833333333334,0.011666666666666667,0.055,0.6816666666666666,0.012499999999999999,0.10416666666666667,0.12166666666666669,0.08166666666666668,0.02,0.41,0.4258333333333333,0.1525,0.17666666666666667,0.09666666666666666,0.1758333333333333,0.041666666666666664,0.13416666666666668,0.085,0.057499999999999996,1.5833333333333333,0.050833333333333335,0.14,36.63166666666666,0.08833333333333333,0.15333333333333335,58.10833333333333,0.09666666666666666,0.12250000000000001,76.615,0.0075,0.0425,0.81,0.0025,0.09416666666666666,0.02666666666666667,0.057499999999999996,0.0075,0.49416666666666664
67,85,2015-12-01,7,1,2015-2016,Fortaleza B. C. / CFO,Flamengo,0,0.4058333333333333,0.13999999999999999,0.18166666666666664,0.08416666666666667,0.18833333333333332,0.05833333333333334,0.13,0.055833333333333325,0.075,0.8383333333333334,0.04666666666666667,0.13083333333333333,35.93666666666667,0.09083333333333332,0.1875,48.63166666666667,0.08416666666666667,0.11166666666666665,74.80833333333332,0.008333333333333333,0.03833333333333334,0.5316666666666666,0.014166666666666666,0.10916666666666665,0.13,0.075,0.010833333333333334,0.4191666666666667,0.4,0.096,0.22799999999999998,0.076,0.17,0.037,0.133,0.095,0.07,1.466,0.032,0.091,35.922000000000004,0.11399999999999999,0.197,57.184000000000005,0.076,0.098,76.244,0.006,0.051000000000000004,0.808,0.009999999999999998,0.09400000000000001,0.11200000000000002,0.07,0.009,0.492
86,74,2015-12-01,7,1,2015-2016,Vitória,Macaé Basquete,1,0.3458333333333334,0.08750000000000001,0.18833333333333335,0.06999999999999999,0.1725,0.055833333333333325,0.11666666666666665,0.049999999999999996,0.0675,0.8433333333333334,0.029166666666666664,0.09666666666666666,30.419999999999998,0.09416666666666668,0.1991666666666667,47.91833333333333,0.06999999999999999,0.09249999999999999,74.97999999999999,0.004166666666666667,0.04666666666666666,0.7716666666666666,0.006666666666666667,0.08166666666666667,0.08666666666666667,0.0675,0.02416666666666667,0.35916666666666663,0.375,0.11699999999999999,0.16000000000000003,0.098,0.147,0.044,0.10300000000000001,0.052000000000000005,0.05800000000000001,1.0379999999999998,0.039,0.124,31.77,0.08000000000000002,0.16799999999999998,48.26800000000001,0.098,0.11800000000000002,82.482,0.005,0.049,0.89,0.006,0.10999999999999999,0.064,0.05800000000000001,0.014000000000000002,0.378
73,59,2015-12-02,7,1,2015-2016,Pinheiros,L. Sorocabana,1,0.4033333333333333,0.0775,0.24666666666666667,0.07916666666666668,0.20750000000000002,0.05333333333333334,0.15416666666666667,0.061666666666666675,0.065,0.975,0.025833333333333337,0.07666666666666666,33.61666666666667,0.12333333333333334,0.2508333333333333,49.195,0.07916666666666668,0.105,74.39166666666667,0.005833333333333334,0.04416666666666667,0.7033333333333333,0.024166666666666666,0.10583333333333333,0.22666666666666666,0.065,0.014166666666666668,0.4716666666666667,0.362,0.09,0.21400000000000002,0.057999999999999996,0.17700000000000002,0.075,0.10200000000000001,0.05900000000000001,0.074,0.8440000000000001,0.030000000000000006,0.10500000000000001,27.589999999999996,0.10700000000000001,0.23500000000000001,45.674,0.057999999999999996,0.077,75.462,0.003,0.068,0.9480000000000001,0.007000000000000001,0.124,0.05800000000000001,0.074,0.020999999999999998,0.37699999999999995
74,71,2015-12-02,7,1,2015-2016,Minas,Mogi,1,0.3458333333333334,0.10000000000000002,0.17999999999999997,0.06583333333333334,0.16916666666666666,0.04750000000000001,0.12166666666666666,0.08166666666666668,0.06666666666666667,1.2716666666666667,0.03333333333333333,0.11416666666666668,29.34166666666667,0.08999999999999998,0.18083333333333332,50.248333333333335,0.06583333333333334,0.09416666666666666,69.90499999999999,0.01,0.04833333333333333,0.77,0.010833333333333334,0.1025,0.11166666666666665,0.06666666666666667,0.019166666666666665,0.38916666666666666,0.396,0.12,0.21600000000000003,0.06,0.20099999999999998,0.065,0.136,0.08499999999999999,0.074,1.378,0.04,0.11699999999999999,34.702,0.10800000000000001,0.21400000000000002,52.224000000000004,0.06,0.09,67.55600000000001,0.01,0.05900000000000001,0.9059999999999999,0.016,0.093,0.172,0.074,0.018000000000000002,0.469
70,83,2015-12-02,7,1,2015-2016,Caxias do Sul Basquete,Paulistano,0,0.3258333333333333,0.08,0.17333333333333334,0.07250000000000001,0.16666666666666666,0.04666666666666667,0.12000000000000001,0.06333333333333334,0.0725,1.0516666666666667,0.02666666666666667,0.12,22.215,0.08666666666666667,0.18416666666666667,46.61500000000001,0.07250000000000001,0.10666666666666667,66.16166666666668,0.0025,0.06250000000000001,1.0066666666666666,0.0075,0.12416666666666669,0.055,0.0725,0.01916666666666667,0.32833333333333337,0.41,0.153,0.2,0.05700000000000001,0.196,0.05900000000000001,0.137,0.077,0.067,1.1720000000000002,0.051000000000000004,0.126,40.488,0.1,0.195,50.940000000000005,0.05700000000000001,0.077,74.714,0.008,0.038,0.5860000000000001,0.01,0.095,0.10800000000000001,0.067,0.023,0.47400000000000003
83,55,2015-12-03,8,1,2015-2016,Rio Claro,Sesi Franca,1,0.36214285714285716,0.12,0.1757142857142857,0.06642857142857142,0.15214285714285714,0.038571428571428576,0.11357142857142856,0.08571428571428573,0.08142857142857143,1.1185714285714285,0.04,0.11642857142857144,34.42428571428571,0.08785714285714286,0.16642857142857145,52.871428571428574,0.06642857142857142,0.09714285714285716,67.92428571428572,0.012142857142857144,0.054285714285714284,0.6742857142857143,0.011428571428571429,0.10357142857142856,0.11142857142857145,0.08142857142857143,0.018571428571428572,0.3985714285714286,0.40750000000000003,0.1275,0.19333333333333333,0.08666666666666667,0.165,0.03916666666666666,0.12583333333333332,0.0825,0.07416666666666667,1.1966666666666665,0.0425,0.11333333333333334,36.748333333333335,0.09666666666666666,0.18416666666666667,53.14833333333334,0.08666666666666667,0.12750000000000003,68.79833333333333,0.016666666666666666,0.03916666666666667,0.5783333333333334,0.015833333333333335,0.12,0.1366666666666667,0.07416666666666667,0.010833333333333334,0.4366666666666666
88,64,2015-12-03,8,1,2015-2016,Fortaleza B. C. / CFO,Macaé Basquete,1,0.39571428571428574,0.13714285714285715,0.17857142857142855,0.08,0.1907142857142857,0.06142857142857144,0.12928571428571428,0.052142857142857144,0.075,0.7757142857142858,0.045714285714285714,0.13,35.37428571428571,0.08928571428571427,0.19142857142857145,47.0,0.08,0.10499999999999998,76.21000000000001,0.01,0.04142857142857143,0.5700000000000001,0.012142857142857141,0.10571428571428569,0.11142857142857143,0.075,0.011428571428571429,0.40571428571428575,0.3741666666666667,0.1175,0.16333333333333336,0.09333333333333334,0.1475,0.04416666666666667,0.10333333333333333,0.0525,0.061666666666666675,0.9799999999999999,0.03916666666666667,0.12,33.141666666666666,0.08166666666666668,0.1725,47.915,0.09333333333333334,0.115,80.40166666666666,0.004166666666666667,0.047499999999999994,0.8250000000000001,0.005833333333333333,0.10499999999999998,0.06333333333333334,0.061666666666666675,0.014166666666666668,0.37250000000000005
70,96,2015-12-03,8,1,2015-2016,Vitória,Flamengo,0,0.35785714285714293,0.09642857142857143,0.19285714285714287,0.06857142857142857,0.17214285714285713,0.05499999999999999,0.11714285714285713,0.055714285714285716,0.06785714285714287,0.9071428571428573,0.03214285714285714,0.09999999999999999,32.027142857142856,0.09642857142857143,0.19714285714285715,49.567142857142855,0.06857142857142857,0.09285714285714285,73.29142857142857,0.005714285714285714,0.048571428571428564,0.7842857142857144,0.005714285714285714,0.08428571428571428,0.07428571428571429,0.06785714285714287,0.02285714285714286,0.3792857142857143,0.4041666666666666,0.11,0.22166666666666665,0.0725,0.16666666666666666,0.03666666666666667,0.13,0.09500000000000001,0.07,1.4483333333333333,0.03666666666666667,0.09749999999999999,37.62666666666667,0.11083333333333333,0.19333333333333336,56.701666666666675,0.0725,0.09249999999999999,77.64,0.005833333333333334,0.0525,0.8166666666666668,0.011666666666666665,0.09250000000000001,0.13333333333333333,0.07,0.008333333333333333,0.49666666666666665
91,84,2015-12-04,8,1,2015-2016,Minas,Coop/São José Basketball,1,0.3492857142857143,0.10285714285714287,0.18285714285714283,0.06357142857142857,0.16999999999999998,0.04785714285714286,0.12214285714285714,0.08214285714285716,0.06999999999999999,1.2242857142857144,0.03428571428571429,0.1142857142857143,30.118571428571432,0.09142857142857141,0.1807142857142857,51.00714285714286,0.06357142857142857,0.08928571428571429,71.82285714285713,0.009999999999999998,0.047857142857142855,0.7314285714285714,0.012142857142857144,0.10214285714285713,0.12428571428571426,0.06999999999999999,0.019999999999999997,0.3964285714285714,0.392,0.132,0.18,0.08,0.186,0.052000000000000005,0.134,0.065,0.075,0.932,0.044000000000000004,0.124,35.806,0.09,0.191,47.076,0.08,0.10300000000000001,77.75,0.003,0.033,0.4739999999999999,0.008,0.11299999999999999,0.072,0.075,0.021,0.40499999999999997
78,69,2015-12-04,8,1,2015-2016,Caxias do Sul Basquete,L. Sorocabana,1,0.32928571428571424,0.08357142857142856,0.16571428571428573,0.08,0.16285714285714284,0.04642857142857143,0.11642857142857144,0.06142857142857143,0.07285714285714286,0.9971428571428572,0.027857142857142858,0.125,22.267142857142858,0.08285714285714287,0.17500000000000002,47.09857142857144,0.08,0.11642857142857142,66.91428571428573,0.002857142857142857,0.06500000000000002,1.0157142857142856,0.0064285714285714285,0.12214285714285715,0.047142857142857146,0.07285714285714286,0.017857142857142856,0.32642857142857146,0.35083333333333333,0.08,0.21833333333333335,0.0525,0.18250000000000002,0.0775,0.105,0.0575,0.07333333333333333,0.8216666666666668,0.026666666666666672,0.1025,24.843333333333334,0.10916666666666668,0.23916666666666667,45.75333333333333,0.0525,0.0725,71.21833333333333,0.004166666666666667,0.06333333333333334,0.8850000000000001,0.005833333333333334,0.12166666666666666,0.04833333333333334,0.07333333333333333,0.02,0.36083333333333334
101,77,2015-12-05,8,1,2015-2016,Paulistano,Pinheiros,1,0.41083333333333333,0.1625,0.18833333333333332,0.060000000000000005,0.19416666666666668,0.05583333333333334,0.13833333333333334,0.0775,0.07583333333333334,1.0883333333333334,0.05416666666666667,0.12916666666666668,41.78666666666667,0.09416666666666666,0.18083333333333337,52.29833333333334,0.060000000000000005,0.08,75.42,0.006666666666666667,0.0425,0.5783333333333334,0.008333333333333333,0.10166666666666667,0.09000000000000001,0.07583333333333334,0.02416666666666667,0.47583333333333333,0.39785714285714285,0.07928571428571429,0.23857142857142857,0.08,0.20500000000000002,0.05285714285714286,0.15214285714285714,0.060000000000000005,0.06571428571428571,0.937142857142857,0.026428571428571433,0.07571428571428572,34.93714285714286,0.11928571428571429,0.24571428571428572,48.480000000000004,0.08,0.10928571428571429,72.75857142857141,0.006428571428571429,0.045,0.7042857142857143,0.024999999999999998,0.09999999999999999,0.25999999999999995,0.06571428571428571,0.015000000000000001,0.4621428571428572
82,50,2015-12-08,9,1,2015-2016,Paulistano,Minas,1,0.42428571428571427,0.16714285714285712,0.1957142857142857,0.06142857142857144,0.19285714285714287,0.05714285714285715,0.13571428571428573,0.08142857142857143,0.07071428571428572,1.3085714285714285,0.055714285714285716,0.12928571428571428,42.96,0.09785714285714285,0.1885714285714286,52.121428571428574,0.06142857142857144,0.07999999999999999,77.14571428571428,0.007857142857142858,0.04428571428571428,0.6928571428571428,0.009285714285714286,0.09785714285714285,0.10571428571428572,0.07071428571428572,0.021428571428571432,0.4985714285714286,0.36250000000000004,0.10500000000000001,0.18999999999999997,0.0675,0.17124999999999999,0.05,0.12125,0.08125,0.065625,1.33875,0.035,0.11375,30.89875,0.09499999999999999,0.18687499999999999,51.1525,0.0675,0.094375,71.97999999999999,0.009375,0.045625,0.7475,0.014375,0.10625,0.13624999999999998,0.065625,0.019999999999999997,0.411875
93,51,2015-12-08,9,1,2015-2016,Flamengo,Caxias do Sul Basquete,1,0.415,0.11785714285714287,0.21857142857142856,0.07857142857142858,0.16999999999999998,0.03785714285714286,0.13214285714285715,0.09857142857142857,0.06785714285714287,1.5528571428571427,0.03928571428571429,0.10071428571428571,38.798571428571435,0.10928571428571428,0.19,57.00428571428572,0.07857142857142858,0.09714285714285713,79.69142857142856,0.005,0.04785714285714286,0.7514285714285716,0.010714285714285714,0.09285714285714286,0.12142857142857144,0.06785714285714287,0.007142857142857143,0.5135714285714286,0.336875,0.091875,0.165,0.08,0.16499999999999998,0.049375,0.115625,0.06937499999999999,0.0775,1.0150000000000001,0.030625,0.123125,25.165,0.0825,0.17500000000000002,46.925000000000004,0.08,0.11499999999999999,68.07375,0.005,0.06562500000000002,0.9687499999999999,0.0075,0.11937500000000001,0.06,0.0775,0.0175,0.34687500000000004
101,97,2015-12-08,9,1,2015-2016,Macaé Basquete,Pinheiros,1,0.36642857142857144,0.10928571428571428,0.16142857142857145,0.09571428571428572,0.1442857142857143,0.04214285714285715,0.10214285714285713,0.049999999999999996,0.06642857142857143,0.8928571428571427,0.03642857142857143,0.11428571428571428,31.978571428571428,0.08071428571428572,0.175,46.70857142857143,0.09571428571428572,0.11642857142857144,81.48714285714286,0.0035714285714285718,0.05071428571428571,0.812857142857143,0.004999999999999999,0.10428571428571427,0.054285714285714284,0.06642857142857143,0.016428571428571428,0.3571428571428572,0.39625,0.084375,0.235,0.07687500000000001,0.20625000000000002,0.058124999999999996,0.148125,0.059375000000000004,0.068125,0.90125,0.028125000000000004,0.08375,34.14125,0.1175,0.243125,48.253750000000004,0.07687500000000001,0.10375000000000001,74.24125,0.00625,0.0425,0.6525,0.024374999999999997,0.09937499999999999,0.25375,0.068125,0.015625,0.4525
91,79,2015-12-09,9,1,2015-2016,Sesi Franca,Coop/São José Basketball,1,0.3885714285714286,0.11357142857142857,0.1842857142857143,0.09071428571428572,0.1692857142857143,0.04714285714285714,0.12214285714285714,0.07571428571428572,0.08071428571428571,1.0671428571428572,0.03785714285714286,0.10785714285714286,33.402857142857144,0.09214285714285715,0.18642857142857142,50.198571428571434,0.09071428571428572,0.1292857142857143,70.7042857142857,0.014285714285714285,0.03928571428571429,0.5428571428571429,0.016428571428571428,0.11642857142857142,0.14714285714285716,0.08071428571428571,0.011428571428571429,0.4057142857142857,0.39666666666666667,0.135,0.18000000000000002,0.08166666666666667,0.1825,0.04916666666666667,0.13333333333333333,0.06416666666666666,0.075,0.91,0.045000000000000005,0.12083333333333333,37.775,0.09000000000000001,0.18833333333333332,47.80166666666667,0.08166666666666667,0.10666666666666667,76.79166666666667,0.004166666666666667,0.028333333333333335,0.40666666666666657,0.008333333333333333,0.1175,0.07166666666666667,0.075,0.021666666666666667,0.4058333333333333
90,74,2015-12-09,9,1,2015-2016,Bauru Basket,Mogi,1,0.41642857142857137,0.1457142857142857,0.18142857142857144,0.08928571428571429,0.1757142857142857,0.04285714285714286,0.13285714285714287,0.08857142857142856,0.06,1.5671428571428572,0.048571428571428564,0.13714285714285715,35.565714285714286,0.09071428571428572,0.15571428571428572,58.629999999999995,0.08928571428571429,0.11285714285714288,77.35857142857142,0.009285714285714286,0.04642857142857143,0.8271428571428572,0.002142857142857143,0.08928571428571429,0.022857142857142857,0.06,0.01,0.4921428571428571,0.38916666666666666,0.1075,0.21833333333333335,0.06333333333333334,0.19166666666666665,0.059166666666666666,0.1325,0.08083333333333333,0.07333333333333333,1.2916666666666667,0.035833333333333335,0.11249999999999999,31.69666666666667,0.10916666666666668,0.21166666666666667,53.10333333333333,0.06333333333333334,0.09000000000000001,71.11166666666666,0.010833333333333334,0.05833333333333334,0.8866666666666666,0.015,0.09166666666666667,0.16333333333333333,0.07333333333333333,0.016666666666666666,0.4549999999999999
68,77,2015-12-09,9,1,2015-2016,Rio Claro,Fortaleza B. C. / CFO,0,0.36875,0.121875,0.18375,0.063125,0.15375,0.040625,0.11312499999999999,0.09062500000000001,0.0825,1.1525,0.040625,0.115,35.47875,0.091875,0.16875000000000004,54.370000000000005,0.063125,0.09625,64.98875,0.013750000000000002,0.059375,0.7224999999999999,0.0125,0.1075,0.11625000000000002,0.0825,0.02125,0.418125,0.40125,0.135,0.18499999999999997,0.08125,0.190625,0.060000000000000005,0.130625,0.055625,0.0775,0.7837500000000001,0.045,0.12937500000000002,34.9525,0.09249999999999999,0.18937500000000002,49.33875,0.08125,0.10749999999999998,75.68375,0.01,0.043125000000000004,0.57125,0.01125,0.10749999999999998,0.10250000000000001,0.0775,0.013125000000000001,0.41687500000000005
58,61,2015-12-10,10,1,2015-2016,L. Sorocabana,Minas,0,0.35000000000000003,0.08142857142857142,0.21285714285714286,0.055714285714285716,0.1792857142857143,0.07642857142857142,0.10285714285714286,0.06071428571428572,0.07857142857142858,0.8085714285714286,0.027142857142857146,0.10071428571428571,26.055714285714284,0.10642857142857143,0.23357142857142857,45.645714285714284,0.055714285714285716,0.07571428571428572,72.32285714285715,0.0035714285714285718,0.06642857142857143,0.8685714285714285,0.005714285714285714,0.1157142857142857,0.05,0.07857142857142858,0.02214285714285714,0.3628571428571429,0.35000000000000003,0.09500000000000001,0.18777777777777774,0.06722222222222222,0.16999999999999998,0.04722222222222223,0.12277777777777778,0.07833333333333334,0.07,1.2477777777777779,0.03166666666666667,0.10833333333333334,28.32,0.09388888888888887,0.18555555555555556,50.86555555555556,0.06722222222222222,0.09388888888888888,72.00666666666666,0.008333333333333333,0.044444444444444446,0.7011111111111111,0.013888888888888888,0.10277777777777777,0.13555555555555554,0.07,0.01833333333333333,0.39166666666666666
79,83,2015-12-10,10,1,2015-2016,Flamengo,Pinheiros,0,0.42124999999999996,0.12000000000000001,0.22749999999999998,0.07375000000000001,0.174375,0.03875,0.135625,0.0975,0.06875,1.5087499999999998,0.04,0.105,38.115,0.11374999999999999,0.19187500000000002,58.720000000000006,0.07375000000000001,0.09,82.22999999999999,0.00625,0.051875000000000004,0.7912500000000001,0.010624999999999999,0.09375,0.11875000000000001,0.06875,0.006874999999999999,0.5275,0.4061111111111111,0.08333333333333333,0.23555555555555557,0.08722222222222224,0.20111111111111113,0.05777777777777778,0.14333333333333334,0.05888888888888889,0.07,0.8733333333333334,0.027777777777777783,0.085,33.27222222222222,0.11777777777777779,0.23777777777777778,49.730000000000004,0.08722222222222224,0.11444444444444445,75.43666666666667,0.006666666666666667,0.042222222222222223,0.6322222222222221,0.02611111111111111,0.10277777777777777,0.26,0.07,0.015555555555555557,0.4600000000000001
71,62,2015-12-10,10,1,2015-2016,Macaé Basquete,Caxias do Sul Basquete,1,0.38375,0.11437499999999999,0.1675,0.10187500000000001,0.149375,0.04687500000000001,0.1025,0.0525,0.0675,0.8974999999999999,0.038125,0.11499999999999999,33.19,0.08375,0.18062499999999998,46.83625000000001,0.10187500000000001,0.12187500000000001,82.63,0.003125,0.0525,0.8200000000000001,0.004999999999999999,0.11187499999999999,0.051250000000000004,0.0675,0.0175,0.3818750000000001,0.3277777777777777,0.09166666666666666,0.1588888888888889,0.07722222222222223,0.1611111111111111,0.04666666666666667,0.11444444444444445,0.06555555555555555,0.07888888888888888,0.9455555555555557,0.030555555555555558,0.11722222222222221,27.13111111111111,0.07944444444444446,0.1788888888888889,44.62111111111111,0.07722222222222223,0.10944444444444443,69.91222222222223,0.005,0.06555555555555556,0.941111111111111,0.006666666666666666,0.11500000000000002,0.05333333333333333,0.07888888888888888,0.016111111111111114,0.3294444444444445
104,74,2015-12-11,10,1,2015-2016,Bauru Basket,Coop/São José Basketball,1,0.42062499999999997,0.14250000000000002,0.19125,0.08687500000000001,0.179375,0.042499999999999996,0.136875,0.089375,0.058124999999999996,1.635,0.047499999999999994,0.138125,34.568749999999994,0.095625,0.1575,60.86,0.08687500000000001,0.11187500000000002,76.0225,0.00875,0.045625,0.835,0.001875,0.090625,0.02,0.058124999999999996,0.010625,0.50125,0.3964285714285714,0.1392857142857143,0.17428571428571432,0.08285714285714285,0.17500000000000002,0.04642857142857144,0.1285714285714286,0.065,0.07642857142857143,0.8971428571428571,0.04642857142857143,0.12214285714285714,38.42285714285715,0.08714285714285716,0.18142857142857144,48.11571428571428,0.08285714285714285,0.10857142857142857,76.53571428571429,0.0035714285714285718,0.03142857142857143,0.4328571428571428,0.007857142857142858,0.1207142857142857,0.06714285714285714,0.07642857142857143,0.02,0.4035714285714286
86,63,2015-12-11,10,1,2015-2016,Rio Claro,Vitória,1,0.3655555555555556,0.12333333333333332,0.1811111111111111,0.061111111111111116,0.15777777777777777,0.04111111111111111,0.11666666666666664,0.08944444444444445,0.08333333333333333,1.1233333333333335,0.04111111111111111,0.11666666666666667,35.38333333333333,0.09055555555555556,0.1644444444444445,55.16666666666667,0.061111111111111116,0.09388888888888888,64.43444444444444,0.013333333333333334,0.05555555555555555,0.6733333333333333,0.012777777777777779,0.10666666666666666,0.12000000000000001,0.08333333333333333,0.023333333333333334,0.41555555555555557,0.35687500000000005,0.08812500000000001,0.19625,0.0725,0.17124999999999999,0.057499999999999996,0.11374999999999999,0.05375,0.066875,0.8775000000000001,0.029375,0.09937499999999999,29.34,0.098125,0.20187500000000003,49.2225,0.0725,0.09562499999999999,75.0,0.006875,0.048124999999999994,0.78,0.00625,0.0875,0.07625,0.066875,0.023750000000000004,0.3725
88,90,2015-12-12,10,1,2015-2016,Sesi Franca,Mogi,0,0.39687500000000003,0.12000000000000001,0.1875,0.089375,0.16875,0.04687499999999999,0.121875,0.0775,0.08062499999999999,1.075,0.04,0.110625,34.51625,0.09375,0.18187499999999998,52.673750000000005,0.089375,0.12937500000000002,69.55874999999999,0.014374999999999999,0.04125,0.56125,0.016875,0.11687499999999999,0.15,0.08062499999999999,0.01125,0.421875,0.38642857142857145,0.10928571428571429,0.21285714285714286,0.0642857142857143,0.18642857142857142,0.05714285714285714,0.12928571428571428,0.08142857142857142,0.07214285714285715,1.2942857142857143,0.03642857142857143,0.11285714285714285,32.137142857142855,0.10642857142857143,0.21071428571428572,51.78857142857142,0.0642857142857143,0.09142857142857143,70.95285714285714,0.01,0.05357142857142858,0.8142857142857142,0.013571428571428571,0.09285714285714286,0.14714285714285716,0.07214285714285715,0.016428571428571428,0.44071428571428567
74,81,2015-12-15,11,1,2015-2016,Minas,Flamengo,0,0.34550000000000003,0.0975,0.18599999999999997,0.062,0.17099999999999999,0.047,0.124,0.07500000000000001,0.0705,1.183,0.0325,0.10700000000000001,29.699,0.09299999999999999,0.1845,50.636,0.062,0.088,69.092,0.008,0.044,0.684,0.0125,0.10049999999999999,0.12199999999999997,0.0705,0.017499999999999998,0.3855,0.4183333333333333,0.12666666666666668,0.21777777777777776,0.07388888888888889,0.175,0.03944444444444444,0.13555555555555554,0.09666666666666666,0.0688888888888889,1.4844444444444445,0.042222222222222223,0.1111111111111111,38.04666666666667,0.10888888888888888,0.19055555555555556,56.51666666666667,0.07388888888888889,0.09277777777777778,80.33999999999999,0.006111111111111111,0.053888888888888896,0.8144444444444445,0.010555555555555554,0.09444444444444444,0.11666666666666667,0.0688888888888889,0.006666666666666665,0.5161111111111111
78,106,2015-12-15,11,1,2015-2016,Sesi Franca,Fortaleza B. C. / CFO,0,0.40166666666666667,0.125,0.19,0.08666666666666667,0.16944444444444445,0.045555555555555544,0.12388888888888888,0.07944444444444444,0.07944444444444443,1.1066666666666665,0.041666666666666664,0.11499999999999999,34.75555555555556,0.095,0.1811111111111111,53.48777777777778,0.08666666666666667,0.12388888888888891,70.85777777777777,0.014444444444444446,0.03944444444444445,0.538888888888889,0.017777777777777778,0.11444444444444445,0.1622222222222222,0.07944444444444443,0.01111111111111111,0.43166666666666664,0.39944444444444444,0.13833333333333334,0.1833333333333333,0.07777777777777778,0.1861111111111111,0.058333333333333334,0.12777777777777777,0.05722222222222222,0.07277777777777777,0.9188888888888889,0.04611111111111111,0.13,35.595555555555556,0.09166666666666665,0.1877777777777778,49.25333333333333,0.07777777777777778,0.10499999999999998,73.81,0.009444444444444445,0.043888888888888894,0.6666666666666666,0.01,0.10555555555555554,0.09111111111111111,0.07277777777777777,0.012222222222222225,0.41666666666666674
107,104,2015-12-15,11,1,2015-2016,Brasília,Macaé Basquete,1,0.4558333333333333,0.1575,0.21833333333333335,0.08,0.18666666666666665,0.056666666666666664,0.13,0.1025,0.07666666666666667,1.485,0.0525,0.12416666666666666,43.15166666666667,0.10916666666666668,0.19499999999999998,55.96333333333334,0.08,0.09833333333333333,81.87333333333333,0.01,0.0325,0.47,0.01,0.11416666666666665,0.08833333333333333,0.07666666666666667,0.015833333333333335,0.5350000000000001,0.38055555555555554,0.11499999999999999,0.16333333333333336,0.10222222222222223,0.15222222222222223,0.045000000000000005,0.10722222222222222,0.05111111111111111,0.06722222222222222,0.8666666666666666,0.03833333333333333,0.11555555555555556,33.20555555555555,0.08166666666666668,0.17444444444444443,47.410000000000004,0.10222222222222223,0.12333333333333335,82.0911111111111,0.0033333333333333335,0.05111111111111111,0.7977777777777778,0.005555555555555555,0.11166666666666665,0.05555555555555555,0.06722222222222222,0.017222222222222226,0.38222222222222224
93,84,2015-12-15,11,1,2015-2016,Mogi,L. Sorocabana,1,0.39437500000000003,0.106875,0.2175,0.07,0.190625,0.06,0.130625,0.079375,0.07,1.28,0.035625000000000004,0.1175,30.62,0.10875,0.21000000000000002,52.9375,0.07,0.0975,71.905,0.00875,0.05437500000000001,0.8487499999999999,0.01375,0.093125,0.14875,0.07,0.01625,0.45124999999999993,0.3425,0.08062499999999999,0.20625,0.055625,0.175625,0.073125,0.1025,0.059375000000000004,0.07437500000000001,0.8462500000000001,0.026875000000000003,0.09937499999999999,26.27125,0.103125,0.22875,45.068749999999994,0.055625,0.07500000000000001,73.10374999999999,0.003125,0.064375,0.89875,0.006875,0.11062499999999999,0.06875,0.07437500000000001,0.02,0.356875
83,77,2015-12-15,11,1,2015-2016,Coop/São José Basketball,Paulistano,1,0.393125,0.13312500000000002,0.17625000000000002,0.08374999999999999,0.16375,0.04312500000000001,0.12062500000000001,0.065625,0.07250000000000001,0.98,0.044375,0.11687499999999999,38.307500000000005,0.08812500000000001,0.183125,48.19125,0.08374999999999999,0.111875,75.3025,0.003125,0.03375,0.5175,0.006875,0.120625,0.05875,0.07250000000000001,0.019375000000000003,0.395,0.4225,0.166875,0.19874999999999998,0.05687500000000001,0.19125,0.056875,0.13437500000000002,0.084375,0.0675,1.43625,0.055625,0.135625,41.410000000000004,0.09937499999999999,0.18625000000000003,53.695,0.05687500000000001,0.075625,74.44749999999999,0.00875,0.049375,0.8424999999999999,0.008125,0.09624999999999999,0.0925,0.0675,0.018750000000000003,0.5025000000000001
94,68,2015-12-15,11,1,2015-2016,Bauru Basket,Vitória,1,0.43166666666666664,0.15666666666666668,0.18777777777777777,0.08722222222222223,0.17666666666666667,0.03944444444444444,0.13722222222222222,0.09388888888888888,0.05888888888888889,1.6755555555555555,0.05222222222222222,0.13777777777777778,38.135555555555555,0.09388888888888888,0.1527777777777778,61.82777777777778,0.08722222222222223,0.11166666666666668,76.66666666666667,0.010555555555555556,0.042777777777777776,0.7766666666666666,0.0022222222222222222,0.09388888888888888,0.022222222222222223,0.05888888888888889,0.009444444444444445,0.5194444444444444,0.35222222222222227,0.09000000000000001,0.1888888888888889,0.07333333333333332,0.16777777777777775,0.05611111111111111,0.11166666666666665,0.05111111111111111,0.06722222222222222,0.8277777777777778,0.030000000000000002,0.09722222222222221,30.941111111111113,0.09444444444444446,0.20000000000000004,47.657777777777774,0.07333333333333332,0.09944444444444443,73.50444444444445,0.006111111111111111,0.048888888888888885,0.7811111111111111,0.008333333333333335,0.08722222222222221,0.09999999999999999,0.06722222222222222,0.023333333333333334,0.3622222222222222
67,65,2015-12-15,11,1,2015-2016,Caxias do Sul Basquete,Rio Claro,1,0.32599999999999996,0.093,0.15700000000000003,0.076,0.16199999999999998,0.0465,0.1155,0.063,0.0765,0.9240000000000002,0.031000000000000007,0.11499999999999999,28.101999999999997,0.07850000000000001,0.18050000000000002,43.749,0.076,0.1075,70.143,0.0045,0.06300000000000001,0.9199999999999999,0.006,0.11300000000000002,0.048,0.0765,0.016000000000000004,0.326,0.372,0.12449999999999999,0.185,0.0625,0.15899999999999997,0.04,0.119,0.0915,0.082,1.1680000000000001,0.041499999999999995,0.11500000000000002,36.345,0.0925,0.16600000000000004,55.761,0.0625,0.093,66.815,0.014000000000000002,0.054000000000000006,0.663,0.013000000000000001,0.10600000000000001,0.123,0.082,0.022000000000000002,0.43000000000000005
84,75,2015-12-17,12,1,2015-2016,Paulistano,Mogi,1,0.4183333333333333,0.15833333333333333,0.19999999999999998,0.060000000000000005,0.18666666666666665,0.058333333333333334,0.12833333333333335,0.08166666666666668,0.06777777777777778,1.3722222222222222,0.05277777777777778,0.1311111111111111,40.31777777777778,0.09999999999999999,0.1905555555555556,52.91444444444445,0.060000000000000005,0.0811111111111111,73.7311111111111,0.008333333333333335,0.051666666666666666,0.8599999999999999,0.007222222222222223,0.09777777777777777,0.08222222222222222,0.06777777777777778,0.018333333333333337,0.48777777777777787,0.40222222222222226,0.11333333333333334,0.21666666666666667,0.07222222222222223,0.18944444444444442,0.06055555555555555,0.1288888888888889,0.08277777777777778,0.07277777777777777,1.2666666666666666,0.03777777777777778,0.12055555555555555,31.432222222222222,0.10833333333333334,0.20611111111111113,53.72222222222222,0.07222222222222223,0.1,72.24888888888889,0.008888888888888889,0.05333333333333334,0.8066666666666665,0.012777777777777779,0.09555555555555556,0.13666666666666666,0.07277777777777777,0.016666666666666666,0.4588888888888888
90,96,2015-12-17,12,1,2015-2016,Pinheiros,Rio Claro,0,0.4069999999999999,0.08249999999999999,0.24000000000000005,0.08450000000000002,0.20400000000000001,0.05750000000000001,0.14650000000000002,0.0605,0.072,0.869,0.027500000000000007,0.083,33.791,0.12000000000000002,0.2415,49.848,0.08450000000000002,0.11100000000000002,75.393,0.006500000000000001,0.044,0.6359999999999999,0.027000000000000003,0.10149999999999999,0.273,0.072,0.015000000000000003,0.4670000000000001,0.36772727272727274,0.12954545454545452,0.1781818181818182,0.060000000000000005,0.16318181818181818,0.04272727272727273,0.12045454545454545,0.09136363636363637,0.08318181818181819,1.1481818181818182,0.04318181818181818,0.11681818181818183,37.08090909090909,0.0890909090909091,0.16500000000000004,53.91727272727273,0.060000000000000005,0.09318181818181817,64.09,0.013181818181818183,0.052272727272727276,0.6363636363636364,0.012272727272727274,0.10818181818181817,0.11545454545454546,0.08318181818181819,0.020909090909090912,0.42090909090909095
90,81,2015-12-17,12,1,2015-2016,Minas,Macaé Basquete,1,0.3477272727272728,0.09818181818181819,0.1909090909090909,0.05863636363636364,0.17409090909090907,0.04681818181818182,0.12727272727272726,0.0790909090909091,0.07318181818181818,1.1845454545454546,0.03272727272727272,0.10590909090909091,30.34818181818182,0.09545454545454544,0.18545454545454546,51.627272727272725,0.05863636363636364,0.085,66.94272727272727,0.007727272727272728,0.042727272727272725,0.6490909090909092,0.013636363636363636,0.09999999999999999,0.13454545454545452,0.07318181818181818,0.01818181818181818,0.39454545454545453,0.39449999999999996,0.11399999999999999,0.17300000000000001,0.1075,0.159,0.046,0.11299999999999999,0.052000000000000005,0.066,0.8889999999999999,0.038,0.1145,33.217999999999996,0.08650000000000001,0.18249999999999997,47.76700000000001,0.1075,0.131,81.63199999999999,0.003,0.0495,0.782,0.0055,0.1125,0.054000000000000006,0.066,0.0175,0.3985
82,66,2015-12-17,12,1,2015-2016,Bauru Basket,Fortaleza B. C. / CFO,1,0.43549999999999994,0.16050000000000003,0.188,0.087,0.18,0.040499999999999994,0.13949999999999999,0.0945,0.0605,1.641,0.05349999999999999,0.1395,38.516,0.094,0.154,61.403000000000006,0.087,0.11150000000000002,76.727,0.01,0.043,0.7589999999999999,0.0025,0.096,0.024,0.0605,0.009000000000000001,0.5245,0.4125,0.14250000000000002,0.19299999999999998,0.077,0.183,0.05750000000000001,0.1255,0.06,0.07100000000000001,0.982,0.0475,0.12800000000000003,37.491,0.09649999999999999,0.193,50.160999999999994,0.077,0.10299999999999998,74.66400000000002,0.0095,0.048,0.755,0.0115,0.10749999999999997,0.10200000000000001,0.07100000000000001,0.012,0.441
88,81,2015-12-17,12,1,2015-2016,Coop/São José Basketball,L. Sorocabana,1,0.39555555555555555,0.13833333333333334,0.1711111111111111,0.0861111111111111,0.1638888888888889,0.04277777777777778,0.12111111111111111,0.06833333333333333,0.07444444444444445,0.9822222222222222,0.04611111111111111,0.11944444444444444,38.81333333333334,0.08555555555555555,0.17555555555555558,49.11666666666666,0.0861111111111111,0.11166666666666668,77.5411111111111,0.003888888888888889,0.034444444444444444,0.508888888888889,0.008888888888888889,0.1211111111111111,0.07444444444444444,0.07444444444444445,0.019444444444444445,0.4077777777777778,0.35111111111111115,0.075,0.21666666666666667,0.059444444444444446,0.17833333333333334,0.0761111111111111,0.10222222222222221,0.05777777777777778,0.07333333333333335,0.828888888888889,0.025000000000000005,0.09833333333333333,24.586666666666662,0.10833333333333334,0.23333333333333334,46.23444444444444,0.059444444444444446,0.0788888888888889,74.07222222222221,0.002777777777777778,0.06388888888888888,0.9011111111111112,0.007222222222222223,0.10944444444444443,0.07222222222222223,0.07333333333333335,0.01888888888888889,0.3672222222222222
76,78,2015-12-17,12,1,2015-2016,Sesi Franca,Vitória,0,0.40049999999999997,0.12,0.193,0.0875,0.1675,0.04599999999999999,0.12150000000000001,0.07749999999999999,0.08249999999999999,1.051,0.04,0.11199999999999999,34.221000000000004,0.0965,0.182,53.92800000000001,0.0875,0.12500000000000003,70.809,0.015,0.04,0.526,0.0165,0.1115,0.152,0.08249999999999999,0.0125,0.4245,0.35100000000000003,0.08700000000000001,0.191,0.073,0.17049999999999998,0.057999999999999996,0.1125,0.051500000000000004,0.0675,0.8240000000000001,0.029000000000000005,0.09999999999999999,29.447000000000003,0.0955,0.2015,47.775999999999996,0.073,0.09999999999999999,72.821,0.006,0.049499999999999995,0.782,0.0075000000000000015,0.0885,0.09,0.0675,0.022000000000000002,0.3585
85,94,2015-12-17,12,1,2015-2016,Brasília,Flamengo,0,0.46714285714285714,0.15642857142857142,0.22428571428571428,0.08642857142857142,0.19428571428571426,0.06,0.13428571428571429,0.10714285714285714,0.07357142857142858,1.6228571428571428,0.052142857142857144,0.12642857142857142,42.08857142857143,0.11214285714285714,0.20357142857142854,55.251428571428576,0.08642857142857142,0.10785714285714286,81.0,0.011428571428571429,0.032857142857142856,0.4942857142857143,0.012142857142857141,0.11928571428571429,0.1,0.07357142857142858,0.015714285714285715,0.552857142857143,0.417,0.132,0.213,0.07200000000000001,0.16999999999999998,0.038,0.132,0.0985,0.06650000000000002,1.592,0.044,0.11299999999999999,38.857,0.1065,0.191,55.224000000000004,0.07200000000000001,0.092,78.777,0.0055,0.05500000000000001,0.8770000000000001,0.009999999999999998,0.093,0.11100000000000002,0.06650000000000002,0.007499999999999998,0.5105
80,77,2015-12-19,13,1,2015-2016,Paulistano,Bauru Basket,1,0.4185,0.156,0.202,0.0605,0.185,0.05700000000000001,0.12800000000000003,0.083,0.0695,1.347,0.052000000000000005,0.1305,39.886,0.101,0.18900000000000003,53.909000000000006,0.0605,0.08249999999999999,73.19999999999999,0.009000000000000001,0.052500000000000005,0.845,0.0075,0.09899999999999999,0.08299999999999999,0.0695,0.019000000000000003,0.48850000000000005,0.43318181818181817,0.15545454545454548,0.1890909090909091,0.08863636363636364,0.18727272727272729,0.042727272727272725,0.14454545454545453,0.09318181818181817,0.05772727272727273,1.7345454545454544,0.05181818181818181,0.14045454545454544,37.13545454545454,0.09454545454545454,0.15818181818181817,60.366363636363644,0.08863636363636364,0.11272727272727275,77.38818181818182,0.009090909090909092,0.041363636363636366,0.7654545454545453,0.0027272727272727275,0.09454545454545454,0.02727272727272728,0.05772727272727273,0.008636363636363638,0.5236363636363636
67,77,2015-12-20,13,1,2015-2016,Rio Claro,Minas,0,0.3770833333333334,0.13124999999999998,0.18583333333333332,0.06,0.1625,0.04416666666666667,0.11833333333333333,0.09125000000000001,0.08166666666666667,1.1675000000000002,0.043750000000000004,0.11791666666666667,37.19583333333333,0.09291666666666666,0.17000000000000004,54.42416666666667,0.06,0.09249999999999999,64.63166666666667,0.012083333333333335,0.05291666666666667,0.66,0.012916666666666667,0.11083333333333334,0.11750000000000001,0.08166666666666667,0.02083333333333334,0.4312500000000001,0.35625,0.09875,0.19333333333333333,0.06416666666666666,0.17666666666666664,0.048749999999999995,0.12791666666666665,0.0825,0.07166666666666667,1.2674999999999998,0.03291666666666667,0.10291666666666667,31.985833333333336,0.09666666666666666,0.19041666666666668,51.06666666666666,0.06416666666666666,0.09041666666666666,68.30833333333334,0.007916666666666667,0.042083333333333334,0.6483333333333333,0.012916666666666667,0.10124999999999999,0.12666666666666665,0.07166666666666667,0.017083333333333332,0.40874999999999995
74,65,2015-12-20,13,1,2015-2016,Vitória,Caxias do Sul Basquete,1,0.35454545454545455,0.09136363636363637,0.19090909090909092,0.07227272727272727,0.17045454545454544,0.05863636363636364,0.11181818181818182,0.053636363636363635,0.06863636363636363,0.8345454545454545,0.030454545454545456,0.10090909090909089,30.48909090909091,0.09545454545454546,0.1990909090909091,48.36818181818182,0.07227272727272727,0.10136363636363636,71.3390909090909,0.005909090909090909,0.04909090909090908,0.7618181818181818,0.008636363636363638,0.09045454545454544,0.09818181818181816,0.06863636363636363,0.022272727272727274,0.3645454545454545,0.3268181818181818,0.09545454545454544,0.15454545454545457,0.07681818181818181,0.16409090909090907,0.046363636363636364,0.11772727272727272,0.06409090909090909,0.07590909090909091,0.9372727272727275,0.03181818181818182,0.11363636363636363,29.183636363636364,0.07727272727272728,0.18045454545454545,43.054545454545455,0.07681818181818181,0.11045454545454544,69.28545454545456,0.005909090909090909,0.0640909090909091,0.9336363636363636,0.005909090909090909,0.11272727272727275,0.04818181818181819,0.07590909090909091,0.015454545454545459,0.3304545454545455
94,77,2015-12-20,13,1,2015-2016,Flamengo,Coop/São José Basketball,1,0.4218181818181818,0.12681818181818183,0.21818181818181817,0.07681818181818183,0.16999999999999998,0.04045454545454546,0.12954545454545455,0.09863636363636363,0.06727272727272728,1.5681818181818181,0.042272727272727274,0.11045454545454544,37.99818181818182,0.10909090909090909,0.19636363636363638,55.11272727272728,0.07681818181818183,0.0959090909090909,80.03272727272727,0.005454545454545454,0.056818181818181816,0.8881818181818183,0.010454545454545454,0.09363636363636364,0.11454545454545455,0.06727272727272728,0.007727272727272725,0.5159090909090909,0.4,0.1395,0.172,0.0885,0.163,0.042,0.121,0.073,0.07200000000000001,1.114,0.0465,0.119,39.28000000000001,0.086,0.17750000000000002,48.81999999999999,0.0885,0.1125,78.954,0.004,0.033,0.49800000000000005,0.009,0.11949999999999998,0.07699999999999999,0.07200000000000001,0.019,0.418
0,20,2015-12-20,13,1,2015-2016,L. Sorocabana,Sesi Franca,0,0.35650000000000004,0.072,0.223,0.0615,0.183,0.07749999999999999,0.1055,0.05700000000000001,0.07200000000000002,0.8290000000000001,0.024000000000000004,0.09799999999999999,23.706999999999997,0.1115,0.23600000000000004,46.995999999999995,0.0615,0.0825,73.62199999999999,0.0035000000000000005,0.061,0.8690000000000001,0.0075,0.10999999999999999,0.074,0.07200000000000002,0.0205,0.37350000000000005,0.3986363636363636,0.1159090909090909,0.19454545454545455,0.08818181818181818,0.1640909090909091,0.04499999999999999,0.1190909090909091,0.07636363636363636,0.0818181818181818,1.0345454545454544,0.03863636363636364,0.1109090909090909,33.38272727272727,0.09727272727272727,0.18227272727272725,54.185454545454554,0.08818181818181818,0.12363636363636367,72.22272727272727,0.014090909090909091,0.04090909090909091,0.5390909090909092,0.01590909090909091,0.11136363636363637,0.14636363636363636,0.0818181818181818,0.013181818181818182,0.42136363636363633
70,82,2015-12-20,13,1,2015-2016,Macaé Basquete,Mogi,0,0.39545454545454545,0.11318181818181818,0.17454545454545456,0.10772727272727273,0.15818181818181817,0.04454545454545455,0.11363636363636363,0.05590909090909091,0.065,0.9654545454545453,0.03772727272727273,0.11454545454545455,32.96454545454545,0.08727272727272728,0.18090909090909088,48.65909090909092,0.10772727272727273,0.13136363636363638,81.61818181818181,0.0036363636363636364,0.049090909090909095,0.7854545454545455,0.005454545454545454,0.11363636363636363,0.052727272727272734,0.065,0.017272727272727273,0.405,0.3995,0.11400000000000002,0.211,0.0745,0.184,0.056999999999999995,0.127,0.08049999999999999,0.075,1.203,0.038,0.11850000000000001,32.289,0.1055,0.201,53.511,0.0745,0.1025,72.624,0.0085,0.053000000000000005,0.7789999999999999,0.0115,0.0975,0.123,0.075,0.016499999999999997,0.44899999999999995
68,63,2015-12-20,13,1,2015-2016,Fortaleza B. C. / CFO,Pinheiros,1,0.405,0.1431818181818182,0.18818181818181817,0.07363636363636364,0.1818181818181818,0.0540909090909091,0.12772727272727272,0.05909090909090909,0.06681818181818183,1.0745454545454545,0.04772727272727273,0.13363636363636366,36.47545454545455,0.09409090909090909,0.18863636363636366,49.99,0.07363636363636364,0.09954545454545452,73.4709090909091,0.009545454545454544,0.045909090909090906,0.7772727272727273,0.011818181818181818,0.10636363636363634,0.10727272727272727,0.06681818181818183,0.01090909090909091,0.4304545454545455,0.4109090909090909,0.08590909090909091,0.23909090909090913,0.08590909090909092,0.20181818181818184,0.05909090909090909,0.14272727272727273,0.061818181818181814,0.07272727272727272,0.8754545454545454,0.02863636363636364,0.08363636363636363,34.75909090909091,0.11954545454545457,0.24000000000000002,49.96272727272728,0.08590909090909092,0.11454545454545455,74.6,0.005909090909090909,0.04409090909090909,0.629090909090909,0.02681818181818182,0.10181818181818181,0.26999999999999996,0.07272727272727272,0.015454545454545455,0.46863636363636374
79,84,2015-12-22,14,1,2015-2016,Paulistano,Sesi Franca,0,0.4168181818181818,0.15409090909090908,0.20363636363636364,0.05909090909090909,0.1868181818181818,0.05772727272727273,0.12909090909090912,0.08181818181818183,0.06681818181818183,1.3836363636363636,0.05136363636363637,0.13136363636363635,39.18181818181818,0.10181818181818182,0.19318181818181823,53.26363636363637,0.05909090909090909,0.08045454545454546,73.36363636363636,0.008636363636363638,0.05136363636363637,0.859090909090909,0.007727272727272727,0.09863636363636363,0.08545454545454545,0.06681818181818183,0.01863636363636364,0.4850000000000001,0.3745833333333333,0.10749999999999998,0.18500000000000003,0.08208333333333333,0.15375000000000003,0.04208333333333333,0.11166666666666668,0.07125,0.07666666666666665,1.0108333333333333,0.035833333333333335,0.10375,32.267500000000005,0.09250000000000001,0.17124999999999999,56.33666666666667,0.08208333333333333,0.11500000000000003,72.45416666666667,0.013333333333333334,0.03833333333333334,0.5358333333333334,0.015000000000000001,0.105,0.14583333333333334,0.07666666666666665,0.012083333333333333,0.39666666666666667
79,63,2015-12-22,14,1,2015-2016,Macaé Basquete,Coop/São José Basketball,1,0.3916666666666666,0.11249999999999999,0.17500000000000002,0.10416666666666667,0.16041666666666668,0.04416666666666667,0.11625,0.05708333333333334,0.06791666666666667,0.9433333333333332,0.037500000000000006,0.1125,33.45833333333333,0.08750000000000001,0.18041666666666664,48.89000000000001,0.10416666666666667,0.12666666666666668,82.03916666666666,0.004166666666666667,0.04875000000000001,0.7575,0.005416666666666666,0.11375,0.05166666666666667,0.06791666666666667,0.017083333333333336,0.405,0.3986363636363636,0.14045454545454544,0.17363636363636362,0.08454545454545453,0.16045454545454546,0.040909090909090916,0.11954545454545454,0.075,0.07136363636363638,1.1454545454545455,0.04681818181818182,0.11772727272727272,40.038181818181826,0.08681818181818181,0.1781818181818182,49.05,0.08454545454545453,0.10818181818181817,78.07,0.004545454545454546,0.03318181818181818,0.5018181818181818,0.00818181818181818,0.11727272727272725,0.06999999999999999,0.07136363636363638,0.01863636363636364,0.41818181818181815
84,80,2015-12-22,14,1,2015-2016,L. Sorocabana,Bauru Basket,1,0.3313636363636364,0.06545454545454545,0.20727272727272725,0.05863636363636364,0.17,0.07227272727272727,0.09772727272727272,0.052727272727272734,0.06727272727272729,0.7990909090909092,0.021818181818181823,0.09045454545454544,21.551818181818177,0.10363636363636362,0.2195454545454546,46.85545454545454,0.05863636363636364,0.07863636363636364,73.74727272727272,0.004090909090909091,0.056818181818181816,0.8581818181818183,0.00818181818181818,0.10272727272727272,0.11272727272727273,0.06727272727272729,0.019545454545454546,0.3472727272727273,0.42916666666666664,0.15375000000000003,0.18916666666666668,0.08625,0.18916666666666668,0.04416666666666667,0.145,0.09208333333333334,0.0575,1.7108333333333332,0.05125,0.14083333333333334,36.626666666666665,0.09458333333333334,0.16125,59.39583333333334,0.08625,0.10958333333333335,77.60583333333334,0.00875,0.04,0.7391666666666664,0.002916666666666667,0.09208333333333334,0.03166666666666667,0.0575,0.009166666666666668,0.51625
79,77,2015-12-22,14,1,2015-2016,Flamengo,Mogi,1,0.4258333333333333,0.13125,0.22166666666666668,0.07291666666666667,0.1708333333333333,0.042083333333333334,0.12875,0.09833333333333333,0.06625000000000002,1.5816666666666668,0.043750000000000004,0.11291666666666667,38.403333333333336,0.11083333333333334,0.19666666666666668,55.93666666666667,0.07291666666666667,0.09208333333333334,78.36333333333333,0.005416666666666667,0.05541666666666667,0.8750000000000001,0.010416666666666666,0.09166666666666667,0.11666666666666665,0.06625000000000002,0.007499999999999999,0.5204166666666666,0.40045454545454545,0.11727272727272728,0.20636363636363636,0.07681818181818181,0.18045454545454545,0.056363636363636366,0.12409090909090909,0.07909090909090909,0.07363636363636364,1.1918181818181819,0.03909090909090909,0.12136363636363635,32.38363636363636,0.10318181818181818,0.19772727272727275,53.053636363636365,0.07681818181818181,0.10499999999999998,73.01454545454546,0.008636363636363636,0.05545454545454545,0.829090909090909,0.01090909090909091,0.09863636363636363,0.11636363636363636,0.07363636363636364,0.015454545454545453,0.4472727272727272
84,69,2015-12-22,14,1,2015-2016,Rio Claro,Brasília,1,0.3738461538461539,0.1292307692307692,0.18307692307692308,0.061538461538461535,0.16153846153846155,0.04346153846153847,0.11807692307692307,0.0880769230769231,0.08076923076923077,1.1323076923076925,0.04307692307692308,0.11730769230769232,36.78230769230769,0.09153846153846154,0.1703846153846154,53.534615384615385,0.061538461538461535,0.09269230769230768,66.13769230769232,0.011923076923076925,0.05384615384615384,0.6807692307692308,0.01346153846153846,0.11038461538461539,0.12307692307692308,0.08076923076923077,0.01961538461538462,0.42576923076923084,0.461875,0.15,0.22875,0.083125,0.189375,0.05875,0.13062500000000002,0.10375,0.078125,1.51125,0.05,0.125625,40.47375,0.114375,0.20562499999999997,55.73125,0.083125,0.101875,83.375,0.01,0.036875000000000005,0.50625,0.012499999999999999,0.12,0.10250000000000001,0.078125,0.01625,0.5406250000000001
66,50,2015-12-22,14,1,2015-2016,Fortaleza B. C. / CFO,Caxias do Sul Basquete,1,0.39958333333333335,0.14125,0.18583333333333332,0.07250000000000001,0.1825,0.055000000000000014,0.12749999999999997,0.05833333333333334,0.06625000000000002,1.0541666666666667,0.04708333333333334,0.13625,35.45583333333334,0.09291666666666666,0.18500000000000003,50.42166666666666,0.07250000000000001,0.09999999999999998,72.11,0.009583333333333333,0.046250000000000006,0.7816666666666667,0.011250000000000001,0.10708333333333331,0.10166666666666667,0.06625000000000002,0.012083333333333335,0.42291666666666666,0.32666666666666666,0.09999999999999998,0.155,0.07166666666666667,0.16041666666666665,0.043333333333333335,0.11708333333333333,0.0625,0.07416666666666667,0.9275000000000002,0.03333333333333333,0.11541666666666667,29.838333333333335,0.0775,0.17708333333333334,44.22833333333333,0.07166666666666667,0.10499999999999998,66.28916666666667,0.005416666666666667,0.06291666666666668,0.9316666666666666,0.005833333333333334,0.11416666666666668,0.04750000000000001,0.07416666666666667,0.015833333333333335,0.32916666666666666
78,98,2015-12-22,14,1,2015-2016,Vitória,Pinheiros,0,0.3558333333333334,0.09375,0.18833333333333335,0.07375,0.16916666666666666,0.05666666666666667,0.1125,0.05541666666666666,0.06916666666666667,0.8483333333333333,0.03125,0.10041666666666665,31.4575,0.09416666666666668,0.19583333333333333,48.50416666666666,0.07375,0.10208333333333335,72.21249999999999,0.0062499999999999995,0.047499999999999994,0.7316666666666668,0.009166666666666668,0.08875,0.10749999999999998,0.06916666666666667,0.021666666666666667,0.36874999999999997,0.40291666666666665,0.0825,0.23416666666666672,0.08625000000000001,0.20375000000000001,0.06041666666666667,0.14333333333333334,0.06083333333333333,0.07208333333333333,0.8666666666666666,0.027500000000000007,0.0825,33.64833333333333,0.11708333333333336,0.23958333333333334,48.990833333333335,0.08625000000000001,0.11291666666666667,76.27833333333332,0.0062499999999999995,0.042916666666666665,0.615,0.024583333333333336,0.1025,0.24749999999999997,0.07208333333333333,0.014583333333333335,0.45875000000000005
74,89,2016-01-08,15,1,2015-2016,Pinheiros,Caxias do Sul Basquete,0,0.4096153846153846,0.08538461538461538,0.23538461538461541,0.08884615384615387,0.2034615384615385,0.05961538461538462,0.14384615384615385,0.065,0.07230769230769231,0.9176923076923076,0.028461538461538465,0.08346153846153846,34.29923076923077,0.11769230769230771,0.23615384615384613,50.153076923076924,0.08884615384615387,0.11538461538461539,76.77692307692307,0.006538461538461538,0.04461538461538462,0.6346153846153846,0.02307692307692308,0.10346153846153847,0.23153846153846153,0.07230769230769231,0.013846153846153848,0.47346153846153854,0.32076923076923075,0.09346153846153843,0.15307692307692308,0.07423076923076923,0.16346153846153846,0.043846153846153854,0.11961538461538461,0.060000000000000005,0.07615384615384616,0.8792307692307695,0.031153846153846157,0.11538461538461539,27.87769230769231,0.07653846153846154,0.17730769230769233,43.603846153846156,0.07423076923076923,0.10615384615384614,67.92076923076924,0.005,0.06307692307692309,0.91,0.006153846153846154,0.11423076923076923,0.050769230769230775,0.07615384615384616,0.01653846153846154,0.3203846153846154
84,51,2016-01-08,15,1,2015-2016,Paulistano,L. Sorocabana,1,0.41500000000000004,0.155,0.1991666666666667,0.06083333333333333,0.1870833333333333,0.06,0.12708333333333335,0.08083333333333335,0.06625000000000002,1.3658333333333335,0.05166666666666667,0.13333333333333333,38.873333333333335,0.09958333333333334,0.19458333333333336,51.800833333333344,0.06083333333333333,0.08291666666666667,73.31083333333332,0.008333333333333335,0.05125000000000001,0.8566666666666666,0.007916666666666666,0.09749999999999999,0.08833333333333333,0.06625000000000002,0.01875,0.47708333333333336,0.33875000000000005,0.06999999999999999,0.20999999999999996,0.058750000000000004,0.17166666666666666,0.07291666666666666,0.09875,0.05458333333333334,0.06708333333333334,0.8283333333333335,0.023333333333333334,0.09083333333333332,23.264999999999997,0.10499999999999998,0.22250000000000003,46.8725,0.058750000000000004,0.07875,73.85166666666665,0.004166666666666667,0.059166666666666666,0.8958333333333335,0.009166666666666667,0.10208333333333332,0.12083333333333333,0.06708333333333334,0.01916666666666667,0.36125
68,90,2016-01-08,15,1,2015-2016,Sesi Franca,Bauru Basket,0,0.3780769230769231,0.1096153846153846,0.1876923076923077,0.08076923076923077,0.155,0.04153846153846153,0.11346153846153847,0.07269230769230768,0.07769230769230767,1.01,0.03653846153846154,0.10307692307692307,33.42923076923077,0.09384615384615386,0.17269230769230767,56.45615384615385,0.08076923076923077,0.1130769230769231,72.43615384615384,0.012692307692307694,0.03807692307692308,0.5246153846153846,0.014615384615384617,0.10307692307692308,0.14461538461538462,0.07769230769230767,0.01346153846153846,0.4030769230769231,0.4269230769230769,0.15346153846153848,0.18692307692307694,0.08653846153846154,0.18769230769230769,0.045000000000000005,0.14269230769230767,0.08923076923076922,0.06076923076923077,1.6215384615384614,0.051153846153846154,0.13884615384615384,37.15384615384615,0.09346153846153847,0.1630769230769231,58.15307692307693,0.08653846153846154,0.10884615384615387,78.55923076923077,0.008076923076923077,0.04038461538461539,0.7169230769230767,0.0042307692307692315,0.0923076923076923,0.04538461538461539,0.06076923076923077,0.008846153846153847,0.5080769230769231
82,70,2016-01-08,15,1,2015-2016,Mogi,Coop/São José Basketball,1,0.39916666666666667,0.11750000000000001,0.20583333333333334,0.07583333333333332,0.17833333333333332,0.05583333333333334,0.1225,0.07999999999999999,0.07,1.3425,0.03916666666666666,0.12374999999999999,31.9075,0.10291666666666667,0.1975,52.905833333333334,0.07583333333333332,0.10291666666666666,73.70083333333334,0.007916666666666667,0.057083333333333326,0.9683333333333333,0.01,0.09749999999999999,0.10666666666666667,0.07,0.014583333333333332,0.4479166666666666,0.39166666666666666,0.13999999999999999,0.17,0.08166666666666667,0.16,0.04041666666666668,0.11958333333333333,0.07291666666666667,0.07416666666666667,1.09,0.04666666666666667,0.11916666666666666,39.47916666666667,0.085,0.17458333333333334,48.974999999999994,0.08166666666666667,0.10583333333333333,76.7725,0.004583333333333333,0.035416666666666666,0.5075000000000001,0.007916666666666667,0.11541666666666665,0.06833333333333333,0.07416666666666667,0.019583333333333335,0.4075
96,66,2016-01-08,15,1,2015-2016,Flamengo,Macaé Basquete,1,0.4234615384615384,0.1326923076923077,0.21769230769230768,0.07307692307692308,0.17346153846153844,0.043461538461538454,0.13,0.10038461538461538,0.06692307692307693,1.5884615384615384,0.04423076923076923,0.11423076923076922,38.40769230769231,0.10884615384615384,0.19423076923076926,55.596923076923076,0.07307692307692308,0.0926923076923077,78.10461538461539,0.005769230769230769,0.0526923076923077,0.8284615384615386,0.010769230769230769,0.09076923076923078,0.1223076923076923,0.06692307692307693,0.0069230769230769216,0.5188461538461538,0.3919230769230768,0.11192307692307692,0.17846153846153848,0.10153846153846155,0.1630769230769231,0.04538461538461539,0.1176923076923077,0.05807692307692309,0.06846153846153846,0.9423076923076922,0.03730769230769231,0.11307692307692309,33.128461538461536,0.08923076923076924,0.18269230769230765,49.158461538461545,0.10153846153846155,0.12307692307692308,82.45923076923076,0.0038461538461538464,0.05000000000000001,0.7661538461538461,0.005384615384615384,0.11153846153846153,0.05230769230769232,0.06846153846153846,0.016923076923076926,0.40923076923076923
60,71,2016-01-08,15,1,2015-2016,Vitória,Fortaleza B. C. / CFO,0,0.3584615384615385,0.0923076923076923,0.1938461538461539,0.07230769230769231,0.16461538461538458,0.054230769230769235,0.11038461538461539,0.05807692307692307,0.07038461538461538,0.8646153846153847,0.03076923076923077,0.09807692307692308,31.784615384615385,0.09692307692307695,0.19846153846153847,49.12076923076923,0.07230769230769231,0.10115384615384616,71.35846153846154,0.005769230769230769,0.04807692307692308,0.7253846153846155,0.008846153846153847,0.08961538461538462,0.10307692307692307,0.07038461538461538,0.02153846153846154,0.36961538461538457,0.3942307692307692,0.14076923076923076,0.18,0.07346153846153847,0.18384615384615385,0.05346153846153848,0.13038461538461538,0.057307692307692316,0.06846153846153848,1.0092307692307694,0.04692307692307693,0.13576923076923078,35.39153846153847,0.09,0.1823076923076923,49.36384615384615,0.07346153846153847,0.10115384615384614,72.24846153846154,0.008846153846153846,0.04730769230769231,0.7700000000000001,0.011923076923076923,0.10846153846153844,0.10615384615384614,0.06846153846153848,0.01230769230769231,0.41730769230769227
72,59,2016-01-09,15,1,2015-2016,Brasília,Minas,1,0.4488888888888889,0.14,0.22444444444444445,0.08444444444444445,0.18777777777777777,0.058333333333333334,0.12944444444444445,0.09777777777777778,0.07777777777777778,1.4177777777777778,0.04666666666666667,0.11999999999999998,38.940000000000005,0.11222222222222222,0.2072222222222222,54.33666666666667,0.08444444444444445,0.10388888888888888,82.90777777777777,0.01,0.03777777777777778,0.5166666666666666,0.011666666666666665,0.11611111111111111,0.0977777777777778,0.07777777777777778,0.015000000000000001,0.5183333333333334,0.3584615384615385,0.09807692307692309,0.1946153846153846,0.06576923076923077,0.17730769230769228,0.04846153846153846,0.12884615384615383,0.08230769230769232,0.0726923076923077,1.2423076923076921,0.032692307692307694,0.1,33.075384615384614,0.0973076923076923,0.19192307692307692,50.98461538461538,0.06576923076923077,0.09307692307692307,68.28461538461539,0.008461538461538461,0.043846153846153854,0.6569230769230769,0.012307692307692308,0.0996153846153846,0.12153846153846153,0.0726923076923077,0.016923076923076923,0.41230769230769226
70,83,2016-01-12,1,2,2015-2016,Minas,Pinheiros,0,0.3539285714285714,0.09535714285714288,0.19214285714285714,0.06642857142857142,0.17678571428571427,0.05071428571428571,0.12607142857142856,0.07964285714285714,0.07178571428571427,1.207142857142857,0.03178571428571429,0.0992857142857143,32.300000000000004,0.09607142857142857,0.19571428571428573,49.675,0.06642857142857142,0.09392857142857143,68.50928571428572,0.008214285714285714,0.04571428571428572,0.6935714285714286,0.013214285714285715,0.09928571428571428,0.13142857142857142,0.07178571428571427,0.01607142857142857,0.40285714285714286,0.4067857142857143,0.08571428571428572,0.23142857142857148,0.08964285714285716,0.20071428571428576,0.05964285714285714,0.14107142857142857,0.06499999999999999,0.0732142857142857,0.9064285714285713,0.028571428571428574,0.08499999999999999,33.89,0.11571428571428574,0.2314285714285714,50.35214285714286,0.08964285714285716,0.11714285714285715,76.395,0.006785714285714285,0.04571428571428572,0.64,0.02178571428571429,0.10392857142857144,0.21857142857142856,0.0732142857142857,0.013928571428571429,0.4671428571428572
90,79,2016-01-12,1,2,2015-2016,Brasília,Caxias do Sul Basquete,1,0.44000000000000006,0.135,0.22200000000000003,0.083,0.1935,0.0595,0.134,0.0965,0.07949999999999999,1.365,0.045000000000000005,0.118,38.04600000000001,0.11100000000000002,0.2065,53.903,0.083,0.10049999999999999,84.61699999999999,0.0095,0.039,0.518,0.0115,0.11599999999999999,0.097,0.07949999999999999,0.015000000000000003,0.5150000000000001,0.3296428571428572,0.09964285714285712,0.15571428571428572,0.07428571428571429,0.16285714285714284,0.044285714285714296,0.11857142857142856,0.062142857142857146,0.07678571428571428,0.8921428571428575,0.03321428571428572,0.11714285714285715,28.947857142857146,0.07785714285714286,0.17642857142857143,44.60214285714286,0.07428571428571429,0.10571428571428572,68.42642857142859,0.005714285714285714,0.06321428571428571,0.8992857142857142,0.0071428571428571435,0.11464285714285714,0.05928571428571429,0.07678571428571428,0.016785714285714286,0.33428571428571424
87,81,2016-01-12,1,2,2015-2016,Coop/São José Basketball,Vitória,1,0.38846153846153847,0.1373076923076923,0.17153846153846153,0.07961538461538462,0.15846153846153846,0.04000000000000001,0.11846153846153847,0.07230769230769231,0.07576923076923078,1.0584615384615386,0.04576923076923078,0.11807692307692307,39.00615384615385,0.08576923076923076,0.17461538461538462,49.38384615384614,0.07961538461538462,0.10576923076923077,74.89615384615385,0.004230769230769231,0.037307692307692306,0.5169230769230769,0.007692307692307693,0.11307692307692306,0.06769230769230769,0.07576923076923078,0.02,0.40115384615384614,0.35428571428571426,0.09214285714285715,0.19071428571428575,0.07142857142857142,0.16678571428571426,0.055,0.11178571428571428,0.05892857142857143,0.07107142857142856,0.8657142857142858,0.03071428571428572,0.0975,31.895,0.09535714285714288,0.20035714285714287,47.99285714285714,0.07142857142857142,0.10107142857142859,70.54714285714286,0.005714285714285714,0.051071428571428566,0.7542857142857144,0.008571428571428574,0.08928571428571429,0.09999999999999999,0.07107142857142856,0.020714285714285716,0.36678571428571427
