placar_casa,placar_visitante,data,round,stage,ano,equipe_casa,equipe_visitante,resultado,Pts_casa,3P_casa,2P_casa,LL_casa,RT_casa,RO_casa,RD_casa,AS_casa,ER_casa,IA%_casa,3PC_casa,3PT_casa,3P%_casa,2PC_casa,2PT_casa,2P%_casa,LLC_casa,LLT_casa,LL%_casa,EN_casa,BR_casa,B/E_casa,TO_casa,FC_casa,T/FC_casa,ET_casa,VI_casa,EF_casa,Pts_visitante,3P_visitante,2P_visitante,LL_visitante,RT_visitante,RO_visitante,RD_visitante,AS_visitante,ER_visitante,IA%_visitante,3PC_visitante,3PT_visitante,3P%_visitante,2PC_visitante,2PT_visitante,2P%_visitante,LLC_visitante,LLT_visitante,LL%_visitante,EN_visitante,BR_visitante,B/E_visitante,TO_visitante,FC_visitante,T/FC_visitante,ET_visitante,VI_visitante,EF_visitante
77,56,2009-01-28,1,1,2008-2009,Espírito Santo,Araraquara,1,0.0,0.0,0.0,0.0,0.0,0.0,0.0,0.0,0.0,0.0,0.0,0.0,0.0,0.0,0.0,0.0,0.0,0.0,0.0,0.0,0.0,0.0,0.0,0.0,0.0,0.0,0.0,0.0,0.0,0.0,0.0,0.0,0.0,0.0,0.0,0.0,0.0,0.0,0.0,0.0,0.0,0.0,0.0,0.0,0.0,0.0,0.0,0.0,0.0,0.0,0.0,0.0,0.0,0.0,0.0,0.0
88,75,2009-01-28,1,1,2008-2009,Brasília,Assis,1,0.0,0.0,0.0,0.0,0.0,0.0,0.0,0.0,0.0,0.0,0.0,0.0,0.0,0.0,0.0,0.0,0.0,0.0,0.0,0.0,0.0,0.0,0.0,0.0,0.0,0.0,0.0,0.0,0.0,0.0,0.0,0.0,0.0,0.0,0.0,0.0,0.0,0.0,0.0,0.0,0.0,0.0,0.0,0.0,0.0,0.0,0.0,0.0,0.0,0.0,0.0,0.0,0.0,0.0,0.0,0.0
89,90,2009-01-28,1,1,2008-2009,Pinheiros,Flamengo,0,0.0,0.0,0.0,0.0,0.0,0.0,0.0,0.0,0.0,0.0,0.0,0.0,0.0,0.0,0.0,0.0,0.0,0.0,0.0,0.0,0.0,0.0,0.0,0.0,0.0,0.0,0.0,0.0,0.0,0.0,0.0,0.0,0.0,0.0,0.0,0.0,0.0,0.0,0.0,0.0,0.0,0.0,0.0,0.0,0.0,0.0,0.0,0.0,0.0,0.0,0.0,0.0,0.0,0.0,0.0,0.0
82,76,2009-01-28,1,1,2008-2009,Paulistano,Minas,1,0.0,0.0,0.0,0.0,0.0,0.0,0.0,0.0,0.0,0.0,0.0,0.0,0.0,0.0,0.0,0.0,0.0,0.0,0.0,0.0,0.0,0.0,0.0,0.0,0.0,0.0,0.0,0.0,0.0,0.0,0.0,0.0,0.0,0.0,0.0,0.0,0.0,0.0,0.0,0.0,0.0,0.0,0.0,0.0,0.0,0.0,0.0,0.0,0.0,0.0,0.0,0.0,0.0,0.0,0.0,0.0
73,68,2009-01-28,1,1,2008-2009,Coop/São José Basketball,Lajeado,1,0.0,0.0,0.0,0.0,0.0,0.0,0.0,0.0,0.0,0.0,0.0,0.0,0.0,0.0,0.0,0.0,0.0,0.0,0.0,0.0,0.0,0.0,0.0,0.0,0.0,0.0,0.0,0.0,0.0,0.0,0.0,0.0,0.0,0.0,0.0,0.0,0.0,0.0,0.0,0.0,0.0,0.0,0.0,0.0,0.0,0.0,0.0,0.0,0.0,0.0,0.0,0.0,0.0,0.0,0.0,0.0
93,88,2009-01-28,1,1,2008-2009,Limeira,Joinville,1,0.0,0.0,0.0,0.0,0.0,0.0,0.0,0.0,0.0,0.0,0.0,0.0,0.0,0.0,0.0,0.0,0.0,0.0,0.0,0.0,0.0,0.0,0.0,0.0,0.0,0.0,0.0,0.0,0.0,0.0,0.0,0.0,0.0,0.0,0.0,0.0,0.0,0.0,0.0,0.0,0.0,0.0,0.0,0.0,0.0,0.0,0.0,0.0,0.0,0.0,0.0,0.0,0.0,0.0,0.0,0.0
79,80,2009-01-28,1,1,2008-2009,Saldanha,Sesi Franca,0,0.0,0.0,0.0,0.0,0.0,0.0,0.0,0.0,0.0,0.0,0.0,0.0,0.0,0.0,0.0,0.0,0.0,0.0,0.0,0.0,0.0,0.0,0.0,0.0,0.0,0.0,0.0,0.0,0.0,0.0,0.0,0.0,0.0,0.0,0.0,0.0,0.0,0.0,0.0,0.0,0.0,0.0,0.0,0.0,0.0,0.0,0.0,0.0,0.0,0.0,0.0,0.0,0.0,0.0,0.0,0.0
76,65,2009-01-30,2,1,2008-2009,Brasília,Bauru Basket,1,0.44,0.12,0.25,0.07,0.145,0.065,0.08,0.07,0.065,1.08,0.04,0.095,42.11,0.125,0.205,60.98,0.07,0.095,73.68,0.015,0.045,0.69,0.02,0.11,0.18,0.065,0.0,0.495,0.0,0.0,0.0,0.0,0.0,0.0,0.0,0.0,0.0,0.0,0.0,0.0,0.0,0.0,0.0,0.0,0.0,0.0,0.0,0.0,0.0,0.0,0.0,0.0,0.0,0.0,0.0,0.0
80,81,2009-01-30,2,1,2008-2009,Pinheiros,Minas,0,0.445,0.09,0.25,0.105,0.195,0.06,0.135,0.08,0.09,0.89,0.03,0.11,27.27,0.125,0.205,60.98,0.105,0.12,87.5,0.01,0.025,0.28,0.015,0.09,0.17,0.09,0.0,0.495,0.38,0.09,0.21,0.08,0.14,0.04,0.1,0.09,0.075,1.2,0.03,0.105,28.57,0.105,0.195,53.85,0.08,0.135,59.26,0.0,0.045,0.6,0.0,0.105,0.0,0.075,0.0,0.36
87,96,2009-01-30,2,1,2008-2009,Paulistano,Flamengo,0,0.41,0.105,0.24,0.065,0.185,0.07,0.115,0.11,0.1,1.1,0.035,0.105,33.33,0.12,0.21,57.14,0.065,0.11,59.09,0.01,0.03,0.3,0.02,0.105,0.19,0.1,0.0,0.45,0.45,0.18,0.22,0.05,0.13,0.05,0.08,0.065,0.045,1.44,0.06,0.155,38.71,0.11,0.215,51.16,0.05,0.075,66.67,0.015,0.045,1.0,0.0,0.1,0.0,0.045,0.0,0.42
91,109,2009-01-30,2,1,2008-2009,Coop/São José Basketball,Joinville,0,0.365,0.105,0.16,0.1,0.175,0.035,0.14,0.06,0.06,1.0,0.035,0.13,26.92,0.08,0.17,47.06,0.1,0.135,74.07,0.0,0.03,0.5,0.02,0.095,0.21,0.06,0.0,0.37,0.44,0.15,0.21,0.08,0.125,0.035,0.09,0.105,0.075,1.4,0.05,0.13,38.46,0.105,0.215,48.84,0.08,0.115,69.57,0.005,0.045,0.6,0.01,0.13,0.08,0.075,0.0,0.425
75,72,2009-01-30,2,1,2008-2009,Limeira,Lajeado,1,0.465,0.21,0.18,0.075,0.16,0.035,0.125,0.095,0.12,0.79,0.07,0.195,35.9,0.09,0.145,62.07,0.075,0.09,83.33,0.005,0.025,0.21,0.025,0.115,0.22,0.12,0.0,0.455,0.34,0.105,0.16,0.075,0.17,0.045,0.125,0.05,0.125,0.4,0.035,0.16,21.88,0.08,0.185,43.24,0.075,0.095,78.95,0.005,0.055,0.44,0.01,0.115,0.09,0.125,0.0,0.25
84,72,2009-01-30,2,1,2008-2009,Saldanha,Araraquara,1,0.395,0.12,0.22,0.055,0.16,0.04,0.12,0.01,0.085,0.12,0.04,0.11,36.36,0.11,0.185,59.46,0.055,0.075,73.33,0.02,0.03,0.35,0.015,0.085,0.18,0.085,0.0,0.36,0.28,0.03,0.21,0.04,0.125,0.025,0.1,0.045,0.095,0.47,0.01,0.115,8.7,0.105,0.22,47.73,0.04,0.075,53.33,0.0,0.065,0.68,0.01,0.105,0.1,0.095,0.0,0.175
74,83,2009-01-31,2,1,2008-2009,Espírito Santo,Sesi Franca,0,0.385,0.06,0.29,0.035,0.155,0.035,0.12,0.095,0.055,1.73,0.02,0.085,23.53,0.145,0.235,61.7,0.035,0.09,38.89,0.0,0.06,1.09,0.01,0.09,0.11,0.055,0.0,0.44,0.4,0.12,0.2,0.08,0.105,0.015,0.09,0.025,0.06,0.42,0.04,0.13,30.77,0.1,0.165,60.61,0.08,0.14,57.14,0.01,0.045,0.75,0.02,0.05,0.4,0.06,0.0,0.32
82,65,2009-02-03,3,1,2008-2009,Pinheiros,Paulistano,1,0.4225,0.12,0.195,0.1075,0.175,0.0475,0.1275,0.08,0.08,1.015,0.04,0.1175,33.635,0.0975,0.18,53.06999999999999,0.1075,0.1325,81.68,0.015,0.030000000000000002,0.39,0.0125,0.09,0.14,0.08,0.0,0.45499999999999996,0.4225,0.1275,0.21,0.08499999999999999,0.14250000000000002,0.052500000000000005,0.09,0.10500000000000001,0.095,1.105,0.0425,0.105,40.474999999999994,0.105,0.1775,59.605000000000004,0.08499999999999999,0.1225,68.435,0.0075,0.0325,0.345,0.0125,0.11,0.115,0.095,0.0,0.4475
83,73,2009-02-03,3,1,2008-2009,Coop/São José Basketball,Limeira,1,0.41000000000000003,0.1275,0.16999999999999998,0.1125,0.15,0.0425,0.10750000000000001,0.0675,0.06,1.125,0.0425,0.14750000000000002,28.61,0.08499999999999999,0.1675,50.805,0.1125,0.15000000000000002,74.91499999999999,0.0,0.0325,0.54,0.02,0.1125,0.18,0.06,0.0,0.395,0.42000000000000004,0.16499999999999998,0.16499999999999998,0.09,0.14750000000000002,0.030000000000000002,0.1175,0.08,0.1075,0.7350000000000001,0.05500000000000001,0.16,33.95,0.08249999999999999,0.14250000000000002,57.82,0.09,0.105,85.41499999999999,0.005,0.0225,0.21,0.0225,0.1125,0.2,0.1075,0.0,0.405
63,74,2009-02-03,3,1,2008-2009,Saldanha,Espírito Santo,0,0.4075,0.1275,0.19,0.09,0.155,0.0325,0.1225,0.0325,0.09,0.35,0.042499999999999996,0.1075,39.61,0.095,0.16499999999999998,57.315,0.09,0.1275,71.38499999999999,0.0225,0.045,0.49,0.02,0.0975,0.20500000000000002,0.09,0.0,0.39749999999999996,0.3775,0.08249999999999999,0.255,0.04,0.1575,0.035,0.1225,0.07250000000000001,0.052500000000000005,1.365,0.027500000000000004,0.10750000000000001,25.225,0.1275,0.22249999999999998,57.040000000000006,0.04,0.08249999999999999,49.445,0.0025,0.0475,0.895,0.01,0.11,0.095,0.052500000000000005,0.0,0.395
82,87,2009-02-03,3,1,2008-2009,Araraquara,Sesi Franca,0,0.32,0.09,0.16999999999999998,0.06,0.1275,0.030000000000000002,0.0975,0.035,0.095,0.365,0.030000000000000002,0.13,21.589999999999996,0.08499999999999999,0.1775,47.94,0.06,0.10750000000000001,55.235,0.0025,0.0575,0.605,0.0125,0.1175,0.11,0.095,0.0,0.2175,0.4075,0.0975,0.21500000000000002,0.095,0.145,0.0325,0.1125,0.05500000000000001,0.06,0.9199999999999999,0.0325,0.10750000000000001,30.09,0.10750000000000001,0.185,58.355000000000004,0.095,0.14,67.85499999999999,0.005,0.04,0.665,0.01,0.055,0.2,0.06,0.0,0.4
78,56,2009-02-03,3,1,2008-2009,Joinville,Lajeado,1,0.49250000000000005,0.1875,0.215,0.09,0.1375,0.0425,0.095,0.1075,0.08499999999999999,1.2799999999999998,0.0625,0.1375,45.09,0.1075,0.1925,56.775,0.09,0.12,74.785,0.0025,0.03,0.38,0.0125,0.13,0.1,0.08499999999999999,0.0,0.505,0.35,0.075,0.175,0.1,0.18,0.0575,0.1225,0.0625,0.10500000000000001,0.64,0.025,0.1325,18.085,0.0875,0.1975,44.24,0.1,0.14,73.25999999999999,0.0025,0.042499999999999996,0.395,0.0075,0.12,0.065,0.10500000000000001,0.0,0.28
85,102,2009-02-03,3,1,2008-2009,Minas,Flamengo,0,0.3925,0.0975,0.22999999999999998,0.065,0.15250000000000002,0.042499999999999996,0.11,0.1,0.07,1.4449999999999998,0.0325,0.0975,33.730000000000004,0.11499999999999999,0.2175,52.965,0.065,0.10750000000000001,60.879999999999995,0.0025,0.035,0.49,0.0025,0.11499999999999999,0.02,0.07,0.0,0.40249999999999997,0.46499999999999997,0.195,0.2,0.07,0.1375,0.065,0.07250000000000001,0.08,0.0675,1.25,0.065,0.14250000000000002,46.28,0.1,0.2,49.905,0.07,0.09,76.19,0.0125,0.042499999999999996,0.72,0.0075,0.11,0.065,0.0675,0.0,0.4675
78,77,2009-02-03,3,1,2008-2009,Assis,Bauru Basket,1,0.375,0.09,0.18,0.105,0.14,0.04,0.1,0.03,0.08,0.38,0.03,0.11,27.27,0.09,0.165,54.55,0.105,0.13,80.77,0.005,0.035,0.44,0.015,0.075,0.2,0.08,0.0,0.335,0.325,0.075,0.19,0.06,0.145,0.03,0.115,0.025,0.06,0.42,0.025,0.1,25.0,0.095,0.2,47.5,0.06,0.105,57.14,0.005,0.02,0.33,0.01,0.095,0.11,0.06,0.0,0.24
70,65,2009-02-11,4,1,2008-2009,Joinville,Espírito Santo,1,0.4583333333333333,0.17500000000000002,0.21333333333333335,0.06999999999999999,0.155,0.045000000000000005,0.11,0.10166666666666667,0.08833333333333333,1.17,0.05833333333333333,0.1366666666666667,42.406666666666666,0.10666666666666667,0.18833333333333332,57.29333333333333,0.06999999999999999,0.09499999999999999,72.08,0.0033333333333333335,0.03166666666666667,0.37666666666666665,0.008333333333333333,0.11333333333333334,0.06666666666666667,0.08833333333333333,0.0,0.4816666666666667,0.375,0.085,0.2333333333333333,0.056666666666666664,0.14166666666666666,0.036666666666666674,0.105,0.05666666666666667,0.06333333333333334,1.0066666666666666,0.028333333333333335,0.10333333333333335,27.343333333333334,0.11666666666666665,0.19666666666666666,59.866666666666674,0.056666666666666664,0.08833333333333333,62.96333333333333,0.0016666666666666668,0.055,0.87,0.006666666666666667,0.10666666666666667,0.06333333333333334,0.06333333333333334,0.0,0.385
77,80,2009-02-11,4,1,2008-2009,Lajeado,Saldanha,0,0.32666666666666666,0.065,0.18000000000000002,0.08166666666666667,0.165,0.05833333333333333,0.10666666666666667,0.055,0.09666666666666668,0.5933333333333334,0.021666666666666667,0.11833333333333333,17.613333333333333,0.09000000000000001,0.205,43.88666666666666,0.08166666666666667,0.11833333333333335,68.83999999999999,0.0033333333333333335,0.04666666666666666,0.49333333333333335,0.005,0.09833333333333333,0.043333333333333335,0.09666666666666668,0.0,0.25333333333333335,0.37666666666666665,0.11,0.18666666666666668,0.08,0.15666666666666665,0.05000000000000001,0.10666666666666667,0.03,0.09499999999999999,0.3133333333333333,0.03666666666666666,0.10833333333333334,33.983333333333334,0.09333333333333334,0.17,54.876666666666665,0.08,0.11166666666666668,72.58999999999999,0.018333333333333333,0.04666666666666667,0.48666666666666664,0.013333333333333334,0.09833333333333334,0.1366666666666667,0.09499999999999999,0.0,0.34833333333333333
79,85,2009-02-11,4,1,2008-2009,Limeira,Minas,0,0.40166666666666667,0.155,0.15666666666666665,0.09000000000000001,0.14333333333333334,0.03166666666666667,0.11166666666666665,0.07333333333333333,0.12833333333333333,0.6066666666666668,0.05166666666666667,0.14166666666666666,36.92,0.07833333333333332,0.14500000000000002,54.10333333333333,0.09000000000000001,0.10666666666666667,84.21666666666665,0.008333333333333333,0.02666666666666667,0.21,0.015,0.10666666666666667,0.13333333333333333,0.12833333333333333,0.0,0.3583333333333334,0.4033333333333333,0.09999999999999999,0.2333333333333333,0.07,0.1566666666666667,0.043333333333333335,0.11333333333333333,0.09500000000000001,0.07333333333333335,1.3166666666666667,0.03333333333333333,0.10666666666666667,31.820000000000004,0.11666666666666665,0.21166666666666667,55.31,0.07,0.10500000000000002,67.25333333333333,0.005,0.02666666666666667,0.36999999999999994,0.006666666666666667,0.10833333333333332,0.06666666666666667,0.07333333333333335,0.0,0.4116666666666666
72,90,2009-02-11,4,1,2008-2009,Coop/São José Basketball,Flamengo,0,0.4116666666666667,0.13,0.19333333333333333,0.08833333333333333,0.13833333333333334,0.036666666666666674,0.10166666666666668,0.07166666666666667,0.06999999999999999,1.0466666666666666,0.043333333333333335,0.1416666666666667,30.613333333333333,0.09666666666666666,0.17333333333333334,55.49,0.08833333333333333,0.11833333333333335,74.18666666666667,0.0,0.03833333333333334,0.5466666666666667,0.015,0.11833333333333333,0.13333333333333333,0.06999999999999999,0.0,0.39999999999999997,0.48,0.18500000000000003,0.22666666666666668,0.06833333333333334,0.15,0.06333333333333334,0.08666666666666667,0.085,0.06,1.5366666666666664,0.06166666666666667,0.14333333333333334,43.49666666666667,0.11333333333333334,0.21,53.56,0.06833333333333334,0.09499999999999999,71.42666666666666,0.01,0.03833333333333333,0.7033333333333333,0.006666666666666667,0.10333333333333333,0.06333333333333334,0.06,0.0,0.49500000000000005
68,73,2009-02-11,4,1,2008-2009,Assis,Paulistano,0,0.3825,0.105,0.18,0.0975,0.14250000000000002,0.042499999999999996,0.1,0.0525,0.0575,1.26,0.035,0.12,29.02,0.09,0.1675,53.745,0.0975,0.1325,73.72,0.005,0.0325,0.65,0.0175,0.08249999999999999,0.21000000000000002,0.0575,0.0,0.3725,0.38999999999999996,0.11499999999999999,0.20666666666666667,0.06833333333333333,0.14333333333333334,0.05166666666666667,0.09166666666666667,0.10666666666666667,0.07833333333333332,1.55,0.03833333333333334,0.12,33.65,0.10333333333333333,0.18333333333333335,56.830000000000005,0.06833333333333333,0.10333333333333333,63.57333333333333,0.006666666666666667,0.03,0.4166666666666667,0.02,0.11166666666666668,0.17666666666666667,0.07833333333333332,0.0,0.41500000000000004
88,82,2009-02-11,4,1,2008-2009,Bauru Basket,Pinheiros,1,0.355,0.0675,0.22,0.0675,0.1375,0.0275,0.11,0.0325,0.057499999999999996,0.575,0.0225,0.0825,27.884999999999998,0.11,0.20750000000000002,52.82,0.0675,0.095,72.69,0.0025,0.0175,0.30000000000000004,0.01,0.10500000000000001,0.1,0.057499999999999996,0.0,0.31,0.4183333333333333,0.135,0.18333333333333335,0.09999999999999999,0.18499999999999997,0.051666666666666666,0.13333333333333333,0.08,0.075,1.0866666666666667,0.045000000000000005,0.11833333333333333,37.699999999999996,0.09166666666666667,0.18166666666666664,49.79333333333333,0.09999999999999999,0.12833333333333333,78.06333333333333,0.015,0.028333333333333335,0.3866666666666667,0.011666666666666667,0.085,0.1366666666666667,0.075,0.0,0.4566666666666666
77,64,2009-02-12,4,1,2008-2009,Araraquara,Brasília,1,0.35000000000000003,0.11499999999999999,0.18333333333333332,0.051666666666666666,0.14333333333333334,0.03333333333333333,0.11,0.05166666666666667,0.08,0.8099999999999999,0.03833333333333334,0.15166666666666667,23.796666666666663,0.09166666666666666,0.17500000000000002,52.54666666666666,0.051666666666666666,0.09166666666666667,56.26666666666667,0.0033333333333333335,0.045000000000000005,0.5366666666666666,0.018333333333333333,0.11166666666666665,0.17333333333333334,0.08,0.0,0.2916666666666667,0.41000000000000003,0.0975,0.245,0.0675,0.16749999999999998,0.055,0.11249999999999999,0.0675,0.07,0.9750000000000001,0.0325,0.1,32.96,0.1225,0.205,59.76,0.0675,0.1,67.79,0.0075,0.04,0.58,0.025,0.1,0.255,0.07,0.0,0.4575
59,66,2009-02-13,5,1,2008-2009,Sesi Franca,Brasília,0,0.4166666666666667,0.09999999999999999,0.22666666666666668,0.09000000000000001,0.15166666666666664,0.03,0.12166666666666666,0.06833333333333334,0.06,1.14,0.03333333333333333,0.11333333333333334,29.393333333333334,0.11333333333333334,0.20833333333333334,55.24333333333334,0.09000000000000001,0.13,69.48,0.0033333333333333335,0.04,0.6666666666666666,0.008333333333333333,0.06333333333333334,0.15333333333333335,0.06,0.0,0.41,0.38000000000000006,0.105,0.21,0.065,0.17166666666666663,0.04833333333333334,0.12333333333333334,0.07,0.07833333333333334,0.9133333333333334,0.035,0.10666666666666667,33.083333333333336,0.105,0.18999999999999997,54.423333333333325,0.065,0.10000000000000002,65.19333333333334,0.008333333333333333,0.04,0.5266666666666666,0.018333333333333333,0.10833333333333334,0.18333333333333335,0.07833333333333334,0.0,0.41
93,50,2009-02-13,5,1,2008-2009,Joinville,Saldanha,1,0.43125,0.16875,0.1925,0.07,0.16375,0.03875,0.125,0.095,0.085,1.1275,0.056249999999999994,0.1375,40.7325,0.09625,0.1775,54.177499999999995,0.07,0.0925,74.64750000000001,0.0025,0.0325,0.39999999999999997,0.01,0.11375,0.0825,0.085,0.0,0.4625,0.38249999999999995,0.10500000000000001,0.2,0.0775,0.15,0.04000000000000001,0.11,0.0325,0.0925,0.3525,0.034999999999999996,0.10625000000000001,32.9875,0.1,0.17125,58.3,0.0775,0.11375,69.02499999999999,0.02,0.04875,0.5275,0.01125,0.10250000000000001,0.1125,0.0925,0.0,0.35375
84,93,2009-02-13,5,1,2008-2009,Lajeado,Espírito Santo,0,0.34125,0.05625,0.20500000000000002,0.08,0.16125,0.06,0.10125,0.055,0.095,0.5975,0.01875,0.09874999999999999,19.46,0.10250000000000001,0.22125,45.8775,0.08,0.12250000000000001,65.52,0.0025,0.048749999999999995,0.5225,0.00375,0.09999999999999999,0.0325,0.095,0.0,0.27375,0.3625,0.07875,0.22249999999999998,0.06125,0.14625,0.04125,0.105,0.05,0.06375,0.87,0.026250000000000002,0.10625000000000001,24.855,0.11124999999999999,0.1925,58.095000000000006,0.06125,0.10375000000000001,59.7225,0.0025,0.058750000000000004,0.9225,0.005,0.1075,0.0475,0.06375,0.0,0.355
108,101,2009-02-13,5,1,2008-2009,Limeira,Flamengo,1,0.4,0.15,0.16,0.09,0.15250000000000002,0.04125,0.11124999999999999,0.07625,0.11,0.8425,0.05,0.1425,35.447500000000005,0.08,0.15750000000000003,51.475,0.09,0.11,81.9125,0.00625,0.0275,0.29500000000000004,0.0225,0.11125,0.19,0.11,0.0,0.37875000000000003,0.4725,0.17625000000000002,0.23,0.06625,0.15625,0.0575,0.09875,0.075,0.07125,1.2599999999999998,0.05875,0.1325,45.1225,0.115,0.21,54.455,0.06625,0.095,69.36,0.007500000000000001,0.03625,0.6,0.005,0.0975,0.0475,0.07125,0.0,0.47625
88,89,2009-02-13,5,1,2008-2009,Coop/São José Basketball,Minas,0,0.39875000000000005,0.13125,0.19,0.0775,0.13624999999999998,0.037500000000000006,0.09875,0.06875,0.075,0.9525,0.04375,0.14375000000000002,30.46,0.095,0.175,54.1175,0.0775,0.10750000000000001,70.64,0.00125,0.037500000000000006,0.5075000000000001,0.015,0.11499999999999999,0.135,0.075,0.0,0.37124999999999997,0.40875,0.11249999999999999,0.21999999999999997,0.07625000000000001,0.17500000000000002,0.051250000000000004,0.12375,0.09625,0.07125000000000001,1.3725,0.037500000000000006,0.11125,33.865,0.10999999999999999,0.20875,52.7325,0.07625000000000001,0.11500000000000002,66.82,0.00375,0.0275,0.39249999999999996,0.005,0.10999999999999999,0.05,0.07125000000000001,0.0,0.42999999999999994
87,77,2009-02-13,5,1,2008-2009,Assis,Pinheiros,1,0.36833333333333335,0.09499999999999999,0.16666666666666666,0.10666666666666667,0.1516666666666667,0.051666666666666666,0.10000000000000002,0.06,0.05666666666666667,1.2933333333333332,0.03166666666666667,0.10833333333333334,29.150000000000002,0.08333333333333333,0.16333333333333333,50.883333333333326,0.10666666666666667,0.15166666666666667,71.07666666666667,0.006666666666666667,0.03333333333333333,0.6466666666666666,0.018333333333333337,0.09333333333333332,0.19666666666666668,0.05666666666666667,0.0,0.37333333333333335,0.41624999999999995,0.13875,0.18000000000000002,0.0975,0.1725,0.04625,0.12625,0.07875,0.07,1.155,0.04625,0.11875,38.692499999999995,0.09000000000000001,0.16874999999999998,53.69,0.0975,0.13,75.215,0.012499999999999999,0.025,0.35750000000000004,0.00875,0.0875,0.10250000000000001,0.07,0.0,0.44749999999999995
88,72,2009-02-13,5,1,2008-2009,Bauru Basket,Paulistano,1,0.3833333333333333,0.085,0.22333333333333336,0.075,0.1366666666666667,0.024999999999999998,0.11166666666666668,0.041666666666666664,0.05333333333333332,0.8266666666666667,0.028333333333333332,0.08333333333333333,34.276666666666664,0.11166666666666668,0.21,53.04333333333333,0.075,0.09666666666666668,78.46,0.005,0.02,0.3866666666666667,0.013333333333333334,0.10666666666666667,0.12666666666666668,0.05333333333333332,0.0,0.3666666666666667,0.38375,0.12375,0.1875,0.0725,0.15375,0.05750000000000001,0.09625,0.09375,0.07875,1.335,0.04125,0.1175,36.599999999999994,0.09375,0.17500000000000002,53.455,0.0725,0.105,66.9975,0.00625,0.03125,0.4225,0.0175,0.11875000000000001,0.15000000000000002,0.07875,0.0,0.41125
70,57,2009-02-18,6,1,2008-2009,Minas,Bauru Basket,1,0.41600000000000004,0.11699999999999999,0.22599999999999998,0.07300000000000001,0.18000000000000002,0.054000000000000006,0.126,0.097,0.075,1.32,0.039,0.11400000000000002,34.292,0.11299999999999999,0.20800000000000002,54.382000000000005,0.07300000000000001,0.10700000000000001,69.45599999999999,0.005,0.028000000000000004,0.38,0.007000000000000001,0.10599999999999998,0.074,0.075,0.0,0.44899999999999995,0.39749999999999996,0.10500000000000001,0.21750000000000003,0.075,0.135,0.03375,0.10125,0.05375,0.05124999999999999,1.12,0.034999999999999996,0.09,38.207499999999996,0.10875000000000001,0.21,51.6875,0.075,0.09875,76.7025,0.00375,0.0225,0.4575,0.01375,0.0975,0.1475,0.05124999999999999,0.0,0.39125000000000004
104,72,2009-02-18,6,1,2008-2009,Brasília,Saldanha,1,0.36750000000000005,0.09375,0.22,0.05375,0.18499999999999997,0.053750000000000006,0.13125,0.0675,0.08625000000000001,0.8225,0.03125,0.10125,30.695,0.11,0.20124999999999998,54.114999999999995,0.05375,0.08000000000000002,73.89500000000001,0.01125,0.03875,0.475,0.01625,0.10250000000000001,0.1675,0.08625000000000001,0.0,0.40125,0.356,0.099,0.188,0.06899999999999999,0.153,0.044000000000000004,0.10900000000000001,0.028000000000000004,0.095,0.302,0.032999999999999995,0.10700000000000001,30.935999999999996,0.094,0.183,52.726,0.06899999999999999,0.10400000000000001,65.99,0.017,0.052000000000000005,0.546,0.012,0.099,0.126,0.095,0.0,0.308
90,85,2009-02-18,6,1,2008-2009,Araraquara,Limeira,1,0.35875,0.11249999999999999,0.1775,0.06875,0.15,0.036250000000000004,0.11375,0.05750000000000001,0.07875,0.8574999999999999,0.037500000000000006,0.14250000000000002,25.455,0.08875,0.17125,51.91,0.06875,0.10750000000000001,61.55500000000001,0.0025,0.045,0.5525,0.02375,0.10749999999999998,0.235,0.07875,0.0,0.33,0.42800000000000005,0.16199999999999998,0.166,0.1,0.15100000000000002,0.043000000000000003,0.10799999999999998,0.08199999999999999,0.1,1.024,0.054000000000000006,0.141,38.728,0.083,0.15800000000000003,53.056000000000004,0.1,0.123,81.53,0.011,0.029000000000000005,0.35200000000000004,0.023,0.11299999999999999,0.194,0.1,0.0,0.42800000000000005
91,84,2009-02-18,6,1,2008-2009,Sesi Franca,Coop/São José Basketball,1,0.38875,0.0975,0.21250000000000002,0.07875,0.155,0.04,0.11499999999999999,0.065,0.06,1.085,0.0325,0.115,28.295,0.10625000000000001,0.2175,50.105000000000004,0.07875,0.11375,69.4175,0.005,0.05375,0.895,0.0125,0.0675,0.1925,0.06,0.0,0.38625,0.40700000000000003,0.14100000000000001,0.186,0.08,0.13299999999999998,0.036000000000000004,0.097,0.069,0.072,0.9960000000000001,0.047,0.138,34.802,0.093,0.18,51.794000000000004,0.08,0.10800000000000001,72.876,0.001,0.036000000000000004,0.506,0.012,0.10799999999999998,0.10800000000000001,0.072,0.0,0.37899999999999995
67,48,2009-02-18,6,1,2008-2009,Joinville,Paulistano,1,0.438,0.156,0.21000000000000002,0.07200000000000001,0.177,0.041,0.13599999999999998,0.097,0.084,1.1640000000000001,0.052000000000000005,0.129,39.954,0.10500000000000001,0.188,55.516,0.07200000000000001,0.097,73.632,0.004,0.041,0.508,0.015000000000000003,0.10500000000000001,0.166,0.084,0.0,0.499,0.379,0.123,0.192,0.06399999999999999,0.149,0.05700000000000001,0.092,0.089,0.077,1.268,0.041,0.11599999999999999,36.552,0.096,0.17300000000000001,55.492,0.06399999999999999,0.093,66.932,0.007000000000000001,0.031,0.42400000000000004,0.016,0.11700000000000002,0.138,0.077,0.0,0.406
86,85,2009-02-18,6,1,2008-2009,Lajeado,Pinheiros,1,0.357,0.066,0.20400000000000001,0.087,0.153,0.059,0.094,0.048,0.08499999999999999,0.5660000000000001,0.022,0.099,22.568,0.10200000000000001,0.211,48.465999999999994,0.087,0.131,66.356,0.002,0.043,0.506,0.005,0.10800000000000001,0.04,0.08499999999999999,0.0,0.29100000000000004,0.41,0.135,0.18400000000000002,0.091,0.15399999999999997,0.040999999999999995,0.11299999999999999,0.077,0.064,1.274,0.045,0.11599999999999999,38.574,0.09200000000000001,0.16799999999999998,55.074,0.091,0.122,74.61600000000001,0.012,0.024,0.386,0.008,0.089,0.092,0.064,0.0,0.43099999999999994
86,84,2009-02-20,7,1,2008-2009,Sesi Franca,Limeira,1,0.409,0.099,0.22200000000000003,0.088,0.158,0.046,0.11199999999999999,0.079,0.059,1.358,0.033,0.11000000000000001,30.413999999999998,0.11100000000000002,0.223,50.696000000000005,0.088,0.11800000000000002,74.05199999999999,0.004,0.05500000000000001,0.9339999999999999,0.012,0.076,0.172,0.059,0.0,0.43499999999999994,0.4275,0.16,0.17166666666666666,0.09583333333333333,0.15000000000000002,0.03916666666666667,0.11083333333333333,0.0825,0.09250000000000001,1.1116666666666666,0.05333333333333334,0.13749999999999998,39.218333333333334,0.08583333333333333,0.16833333333333336,51.788333333333334,0.09583333333333333,0.12166666666666666,78.81166666666667,0.011666666666666667,0.03833333333333334,0.5516666666666667,0.022499999999999996,0.11166666666666665,0.19333333333333333,0.09250000000000001,0.0,0.43583333333333335
103,78,2009-02-20,7,1,2008-2009,Brasília,Espírito Santo,1,0.398,0.087,0.238,0.073,0.177,0.053000000000000005,0.124,0.07100000000000001,0.077,1.084,0.028999999999999998,0.097,29.556,0.119,0.207,56.769999999999996,0.073,0.1,75.78200000000001,0.009,0.037,0.53,0.02,0.10600000000000001,0.192,0.077,0.0,0.44299999999999995,0.383,0.096,0.21599999999999997,0.071,0.141,0.035,0.10600000000000001,0.047,0.064,0.8039999999999999,0.032,0.10600000000000001,30.360000000000003,0.10799999999999998,0.181,60.55,0.071,0.11700000000000002,60.71999999999999,0.004,0.054000000000000006,0.8460000000000001,0.005,0.11499999999999999,0.044,0.064,0.0,0.373
72,71,2009-02-20,7,1,2008-2009,Araraquara,Coop/São José Basketball,1,0.377,0.11699999999999999,0.186,0.074,0.151,0.03200000000000001,0.119,0.068,0.075,1.052,0.039,0.14100000000000001,27.029999999999994,0.093,0.171,54.46999999999999,0.074,0.10600000000000001,68.244,0.003,0.046,0.608,0.025,0.10799999999999998,0.242,0.075,0.0,0.38,0.4091666666666667,0.135,0.19499999999999998,0.07916666666666668,0.13249999999999998,0.037500000000000006,0.09499999999999999,0.0675,0.06999999999999999,0.9966666666666667,0.045000000000000005,0.13166666666666668,34.835,0.09749999999999999,0.18499999999999997,52.685,0.07916666666666668,0.1075,72.635,0.0016666666666666668,0.03333333333333333,0.47666666666666674,0.011666666666666665,0.10833333333333332,0.105,0.06999999999999999,0.0,0.38166666666666665
90,72,2009-02-20,7,1,2008-2009,Lajeado,Paulistano,1,0.36916666666666664,0.07,0.20666666666666667,0.09249999999999999,0.15083333333333335,0.055833333333333325,0.09500000000000001,0.04416666666666667,0.07833333333333332,0.5650000000000001,0.023333333333333334,0.09916666666666667,23.80666666666667,0.10333333333333333,0.2075,50.03666666666666,0.09249999999999999,0.1375,67.06166666666667,0.0016666666666666668,0.04833333333333333,0.6999999999999998,0.004166666666666667,0.11,0.03333333333333333,0.07833333333333332,0.0,0.31333333333333335,0.3558333333333333,0.1125,0.18000000000000002,0.06333333333333332,0.15,0.05250000000000001,0.09749999999999999,0.0775,0.08333333333333333,1.085,0.0375,0.11249999999999999,33.968333333333334,0.09000000000000001,0.1691666666666667,52.91,0.06333333333333332,0.09083333333333332,68.27666666666667,0.006666666666666667,0.03,0.39000000000000007,0.015,0.11333333333333334,0.13333333333333333,0.08333333333333333,0.0,0.36333333333333334
94,84,2009-02-20,7,1,2008-2009,Minas,Assis,1,0.405,0.11249999999999999,0.2183333333333333,0.07416666666666667,0.18333333333333335,0.05083333333333334,0.1325,0.08666666666666667,0.07583333333333334,1.1733333333333336,0.0375,0.11583333333333334,32.57666666666667,0.10916666666666665,0.20083333333333334,54.410000000000004,0.07416666666666667,0.10583333333333333,71.21333333333332,0.004166666666666667,0.030833333333333334,0.41,0.009166666666666668,0.09916666666666667,0.11333333333333333,0.07583333333333334,0.0,0.43749999999999994,0.385,0.12,0.1625,0.10250000000000001,0.15875,0.051250000000000004,0.10750000000000001,0.06375,0.05,1.595,0.04,0.11375,34.3625,0.08125,0.155,52.584999999999994,0.10250000000000001,0.13875,75.8075,0.00625,0.0275,0.5675,0.01625,0.08875,0.18000000000000002,0.05,0.0,0.41750000000000004
89,72,2009-02-21,7,1,2008-2009,Joinville,Pinheiros,1,0.42083333333333334,0.15,0.19833333333333333,0.07250000000000001,0.17666666666666667,0.04583333333333334,0.13083333333333333,0.09416666666666666,0.0775,1.2666666666666668,0.049999999999999996,0.13,38.233333333333334,0.09916666666666667,0.18416666666666667,53.333333333333336,0.07250000000000001,0.1025,70.97500000000001,0.005833333333333334,0.0425,0.6083333333333334,0.014166666666666668,0.10166666666666667,0.15833333333333335,0.0775,0.0,0.47583333333333333,0.4124999999999999,0.14500000000000002,0.17500000000000004,0.09250000000000001,0.15166666666666664,0.04083333333333333,0.11083333333333333,0.06666666666666667,0.06166666666666667,1.1116666666666666,0.04833333333333334,0.12,39.88333333333333,0.08750000000000002,0.16166666666666665,54.22833333333333,0.09250000000000001,0.13,71.98333333333333,0.01,0.025000000000000005,0.4216666666666667,0.0075,0.09333333333333332,0.08333333333333333,0.06166666666666667,0.0,0.4183333333333333
76,65,2009-02-23,8,1,2008-2009,Paulistano,Saldanha,1,0.3564285714285714,0.10714285714285714,0.17857142857142858,0.0707142857142857,0.14928571428571427,0.05214285714285715,0.09714285714285713,0.07285714285714286,0.08071428571428571,1.0285714285714285,0.03571428571428571,0.11142857142857142,32.51714285714286,0.08928571428571429,0.16714285714285718,53.185714285714276,0.0707142857142857,0.09857142857142856,69.85285714285715,0.005714285714285714,0.03142857142857143,0.42285714285714293,0.014285714285714285,0.11071428571428572,0.13,0.08071428571428571,0.0,0.36214285714285716,0.35666666666666663,0.09750000000000002,0.18833333333333335,0.07083333333333333,0.15,0.05083333333333334,0.09916666666666668,0.03166666666666667,0.08916666666666666,0.38999999999999996,0.032499999999999994,0.10333333333333333,31.66166666666666,0.09416666666666668,0.19666666666666668,49.913333333333334,0.07083333333333333,0.11,64.515,0.015833333333333335,0.04916666666666667,0.5516666666666666,0.010833333333333334,0.1075,0.11,0.08916666666666666,0.0,0.2966666666666667
72,80,2009-02-24,8,1,2008-2009,Bauru Basket,Araraquara,0,0.37499999999999994,0.096,0.20800000000000002,0.071,0.136,0.033,0.10300000000000001,0.05,0.05899999999999998,0.974,0.031999999999999994,0.093,34.376,0.10400000000000001,0.209,49.642,0.071,0.09,81.362,0.004,0.027000000000000003,0.466,0.011,0.095,0.118,0.05899999999999998,0.0,0.35500000000000004,0.3741666666666667,0.125,0.17666666666666667,0.0725,0.15083333333333335,0.030833333333333338,0.12,0.07666666666666667,0.07583333333333334,1.1266666666666667,0.041666666666666664,0.14,29.314999999999998,0.08833333333333333,0.16583333333333336,53.129999999999995,0.0725,0.105,67.70333333333333,0.0075,0.043333333333333335,0.57,0.028333333333333332,0.10499999999999998,0.285,0.07583333333333334,0.0,0.38916666666666666
84,91,2009-02-25,8,1,2008-2009,Coop/São José Basketball,Brasília,0,0.4014285714285714,0.13285714285714287,0.19142857142857142,0.07714285714285715,0.13357142857142856,0.037142857142857144,0.09642857142857142,0.07214285714285715,0.07142857142857142,1.032857142857143,0.04428571428571428,0.12714285714285714,35.57285714285714,0.09571428571428571,0.1857142857142857,51.550000000000004,0.07714285714285715,0.10714285714285714,71.10142857142857,0.0014285714285714286,0.03571428571428571,0.4985714285714286,0.012857142857142857,0.10714285714285712,0.11857142857142858,0.07142857142857142,0.0,0.3814285714285714,0.41750000000000004,0.09249999999999999,0.245,0.08,0.1825,0.055,0.1275,0.07,0.07666666666666667,1.0483333333333333,0.030833333333333334,0.09833333333333334,30.98,0.1225,0.2133333333333333,56.831666666666656,0.08,0.1075,76.37,0.01,0.03833333333333333,0.5416666666666666,0.020833333333333332,0.11,0.19166666666666665,0.07666666666666667,0.0,0.4666666666666666
101,84,2009-02-25,8,1,2008-2009,Pinheiros,Espírito Santo,1,0.4049999999999999,0.1435714285714286,0.17285714285714288,0.08857142857142859,0.1514285714285714,0.04071428571428571,0.1107142857142857,0.06571428571428571,0.060714285714285714,1.1085714285714285,0.04785714285714286,0.125,38.332857142857144,0.08642857142857144,0.16428571428571428,52.83,0.08857142857142859,0.125,71.47428571428573,0.009999999999999998,0.027142857142857146,0.46571428571428575,0.007857142857142858,0.09285714285714285,0.08714285714285715,0.060714285714285714,0.0,0.40499999999999997,0.3841666666666667,0.09499999999999999,0.2083333333333333,0.08083333333333333,0.13666666666666666,0.035833333333333335,0.10083333333333333,0.04583333333333334,0.06166666666666667,0.8033333333333332,0.03166666666666667,0.1075,29.648333333333337,0.10416666666666664,0.18333333333333335,57.723333333333336,0.08083333333333333,0.1325,60.91666666666666,0.0033333333333333335,0.05416666666666667,0.8883333333333333,0.005,0.11666666666666665,0.043333333333333335,0.06166666666666667,0.0,0.3575
83,80,2009-02-25,8,1,2008-2009,Assis,Sesi Franca,1,0.392,0.12,0.164,0.10800000000000001,0.149,0.048,0.101,0.059,0.053000000000000005,1.4,0.04,0.11100000000000002,35.489999999999995,0.082,0.162,51.016,0.10800000000000001,0.14400000000000002,76.40400000000001,0.005,0.033999999999999996,0.638,0.014000000000000002,0.091,0.15400000000000003,0.053000000000000005,0.0,0.40800000000000003,0.4141666666666666,0.1075,0.21666666666666667,0.09000000000000001,0.16166666666666665,0.04750000000000001,0.11416666666666665,0.07666666666666667,0.06083333333333333,1.2866666666666666,0.035833333333333335,0.11416666666666668,31.51833333333333,0.10833333333333334,0.21916666666666665,50.163333333333334,0.09000000000000001,0.12333333333333335,72.82166666666667,0.004166666666666667,0.04750000000000001,0.8016666666666666,0.013333333333333334,0.08916666666666667,0.165,0.06083333333333333,0.0,0.43
105,83,2009-02-25,8,1,2008-2009,Flamengo,Joinville,1,0.479,0.177,0.22000000000000003,0.082,0.148,0.053000000000000005,0.095,0.08199999999999999,0.06799999999999999,1.408,0.059,0.128,47.008,0.11000000000000001,0.20400000000000001,53.564,0.082,0.10700000000000001,74.19800000000001,0.008,0.036,0.608,0.007000000000000001,0.10500000000000001,0.06,0.06799999999999999,0.0,0.496,0.4228571428571429,0.15,0.20428571428571426,0.06857142857142857,0.17785714285714288,0.04357142857142858,0.13428571428571429,0.09285714285714285,0.07642857142857143,1.2585714285714287,0.049999999999999996,0.12714285714285714,39.26428571428572,0.10214285714285713,0.18357142857142855,55.23857142857143,0.06857142857142857,0.09785714285714286,70.02000000000001,0.0071428571428571435,0.04142857142857143,0.5928571428571429,0.015714285714285715,0.09999999999999999,0.1757142857142857,0.07642857142857143,0.0,0.4864285714285715
88,85,2009-02-27,9,1,2008-2009,Limeira,Brasília,1,0.42642857142857143,0.15,0.17142857142857143,0.105,0.14857142857142858,0.03785714285714286,0.1107142857142857,0.07928571428571428,0.08642857142857144,1.1242857142857143,0.049999999999999996,0.1357142857142857,37.044285714285714,0.08571428571428572,0.1685714285714286,51.53285714285715,0.105,0.12928571428571428,80.61428571428571,0.012857142857142859,0.03571428571428572,0.53,0.022857142857142854,0.11285714285714285,0.1957142857142857,0.08642857142857144,0.0,0.4335714285714286,0.42142857142857143,0.09428571428571428,0.2414285714285714,0.08571428571428572,0.18571428571428572,0.052142857142857144,0.1335714285714286,0.07642857142857143,0.07857142857142858,1.0814285714285714,0.03142857142857143,0.09571428571428572,32.80428571428571,0.1207142857142857,0.2064285714285714,58.23714285714285,0.08571428571428572,0.1142857142857143,76.52,0.009285714285714286,0.034999999999999996,0.48857142857142855,0.02142857142857143,0.10857142857142857,0.19999999999999998,0.07857142857142858,0.0,0.4828571428571428
78,67,2009-02-27,9,1,2008-2009,Paulistano,Espírito Santo,1,0.35937499999999994,0.105,0.1825,0.071875,0.15187499999999998,0.052500000000000005,0.09937499999999999,0.07250000000000001,0.08625,0.97,0.035,0.11187499999999999,31.71375,0.09125,0.16812500000000002,54.037499999999994,0.071875,0.104375,68.0175,0.005,0.036250000000000004,0.44000000000000006,0.014374999999999999,0.108125,0.135,0.08625,0.0,0.361875,0.3892857142857143,0.10285714285714286,0.20857142857142855,0.07785714285714285,0.13428571428571429,0.03785714285714286,0.09642857142857143,0.047142857142857146,0.058571428571428566,0.8857142857142856,0.03428571428571429,0.11214285714285714,30.514285714285716,0.10428571428571427,0.18857142857142858,56.29571428571429,0.07785714285714285,0.12357142857142857,64.45857142857142,0.002857142857142857,0.05071428571428571,0.8685714285714285,0.005,0.1157142857142857,0.04428571428571428,0.058571428571428566,0.0,0.36
83,75,2009-02-27,9,1,2008-2009,Pinheiros,Saldanha,1,0.4174999999999999,0.15000000000000002,0.17875000000000002,0.08875000000000001,0.15312499999999998,0.039999999999999994,0.11312499999999999,0.07250000000000001,0.0625,1.17,0.05,0.12625,39.559999999999995,0.08937500000000001,0.164375,54.56,0.08875000000000001,0.123125,72.76750000000001,0.010624999999999999,0.026250000000000002,0.44125000000000003,0.008125,0.09374999999999999,0.08875,0.0625,0.0,0.429375,0.35214285714285715,0.09000000000000001,0.19285714285714287,0.06928571428571428,0.14785714285714288,0.05,0.09785714285714286,0.03357142857142857,0.09357142857142856,0.3885714285714285,0.029999999999999995,0.09999999999999999,29.81714285714285,0.09642857142857143,0.19714285714285715,50.64,0.06928571428571428,0.11,63.09142857142857,0.017857142857142856,0.05428571428571429,0.5742857142857142,0.01,0.10785714285714286,0.10142857142857144,0.09357142857142856,0.0,0.2928571428571428
92,74,2009-02-27,9,1,2008-2009,Bauru Basket,Sesi Franca,1,0.3725,0.1025,0.20166666666666666,0.06833333333333333,0.14583333333333334,0.04,0.10583333333333333,0.051666666666666666,0.05749999999999999,1.0116666666666667,0.03416666666666666,0.09999999999999999,34.20166666666666,0.10083333333333333,0.20416666666666664,49.23833333333334,0.06833333333333333,0.09083333333333334,77.45,0.0033333333333333335,0.03166666666666667,0.5716666666666667,0.011666666666666667,0.09000000000000001,0.13666666666666666,0.05749999999999999,0.0,0.3641666666666667,0.415,0.10928571428571429,0.22,0.08571428571428573,0.16428571428571428,0.04785714285714286,0.11642857142857142,0.07571428571428572,0.06,1.2842857142857143,0.03642857142857143,0.115,31.777142857142856,0.11,0.2207142857142857,50.45,0.08571428571428573,0.12214285714285715,69.87142857142858,0.005,0.04571428571428572,0.7785714285714285,0.013571428571428571,0.095,0.15857142857142856,0.06,0.0,0.42857142857142855
81,79,2009-02-27,9,1,2008-2009,Assis,Araraquara,1,0.3958333333333333,0.12,0.17166666666666666,0.10416666666666667,0.15416666666666667,0.045000000000000005,0.10916666666666668,0.057499999999999996,0.05333333333333334,1.3183333333333334,0.04,0.11083333333333334,35.635,0.08583333333333333,0.16416666666666668,52.51333333333333,0.10416666666666667,0.1441666666666667,73.44000000000001,0.005,0.03333333333333333,0.6233333333333334,0.014166666666666668,0.09166666666666666,0.15500000000000003,0.05333333333333334,0.0,0.41250000000000003,0.37785714285714284,0.1285714285714286,0.18,0.06928571428571428,0.1542857142857143,0.03071428571428572,0.12357142857142857,0.07714285714285715,0.07714285714285715,1.0999999999999999,0.04285714285714286,0.135,31.93,0.09,0.17071428571428574,52.68285714285714,0.06928571428571428,0.10214285714285713,66.43428571428572,0.007142857142857143,0.04,0.5228571428571429,0.027857142857142855,0.10214285714285712,0.2857142857142857,0.07714285714285715,0.0,0.39428571428571424
110,69,2009-02-27,9,1,2008-2009,Flamengo,Lajeado,1,0.48666666666666664,0.17500000000000002,0.23333333333333336,0.07833333333333334,0.15666666666666665,0.05000000000000001,0.10666666666666667,0.08750000000000001,0.06833333333333333,1.4466666666666665,0.05833333333333333,0.12583333333333332,47.145,0.11666666666666668,0.21,55.053333333333335,0.07833333333333334,0.10083333333333333,76.11666666666666,0.0075,0.03916666666666666,0.6383333333333333,0.008333333333333333,0.10166666666666667,0.08,0.06833333333333333,0.0,0.5266666666666667,0.3807142857142857,0.07714285714285715,0.21142857142857144,0.09214285714285712,0.15214285714285714,0.05285714285714286,0.0992857142857143,0.04928571428571429,0.07785714285714285,0.6371428571428571,0.025714285714285717,0.09785714285714285,26.754285714285714,0.10571428571428572,0.2064285714285714,51.459999999999994,0.09214285714285712,0.13285714285714287,69.72571428571429,0.0014285714285714286,0.045,0.647142857142857,0.005,0.10857142857142857,0.042857142857142864,0.07785714285714285,0.0,0.34071428571428575
103,97,2009-03-01,7,1,2008-2009,Flamengo,Bauru Basket,1,0.49571428571428566,0.1692857142857143,0.24571428571428575,0.08071428571428572,0.16285714285714284,0.051428571428571435,0.11142857142857143,0.09,0.06785714285714285,1.4714285714285715,0.056428571428571425,0.12357142857142857,46.25428571428571,0.12285714285714287,0.21428571428571427,56.712857142857146,0.08071428571428572,0.10285714285714286,77.0442857142857,0.01,0.04071428571428571,0.6571428571428571,0.008571428571428572,0.09857142857142856,0.08714285714285715,0.06785714285714285,0.0,0.5492857142857143,0.38499999999999995,0.10285714285714286,0.21,0.07214285714285715,0.14785714285714285,0.03785714285714286,0.11,0.05928571428571428,0.053571428571428555,1.3671428571428572,0.03428571428571428,0.09999999999999999,34.315714285714286,0.105,0.20285714285714285,51.728571428571435,0.07214285714285715,0.09642857142857143,76.82571428571428,0.0064285714285714285,0.03214285714285715,0.6571428571428571,0.012142857142857144,0.09285714285714286,0.13714285714285715,0.053571428571428555,0.0,0.395
96,94,2009-03-04,10,1,2008-2009,Brasília,Pinheiros,1,0.421875,0.09937499999999999,0.24125,0.08125,0.19187500000000002,0.0525,0.139375,0.075625,0.0825,1.02625,0.033125,0.10125,32.72125,0.120625,0.2075,57.933749999999996,0.08125,0.110625,74.3075,0.00875,0.03375,0.45625,0.02,0.113125,0.18375,0.0825,0.0,0.47625,0.41722222222222216,0.1466666666666667,0.17555555555555558,0.09500000000000001,0.15666666666666665,0.040555555555555546,0.11611111111111111,0.07222222222222224,0.065,1.1311111111111112,0.04888888888888889,0.12555555555555553,38.867777777777775,0.08777777777777779,0.16388888888888886,53.70666666666667,0.09500000000000001,0.1311111111111111,72.94444444444446,0.009444444444444443,0.026111111111111113,0.42444444444444446,0.008333333333333333,0.09277777777777776,0.09222222222222222,0.065,0.0,0.42666666666666664
73,84,2009-03-04,10,1,2008-2009,Coop/São José Basketball,Bauru Basket,0,0.40375,0.13875,0.185,0.08,0.130625,0.036875000000000005,0.09374999999999999,0.073125,0.06875,1.10375,0.04625,0.131875,35.67125,0.0925,0.18437499999999998,50.10625,0.08,0.110625,71.4725,0.00125,0.035,0.51125,0.013125,0.11187499999999999,0.11625,0.06875,0.0,0.37875,0.39749999999999996,0.121875,0.20625,0.069375,0.143125,0.037500000000000006,0.105625,0.060625,0.053124999999999985,1.37125,0.040624999999999994,0.106875,36.881249999999994,0.103125,0.195625,53.02125,0.069375,0.09312500000000001,76.15125,0.0062499999999999995,0.03125,0.6375,0.011875,0.090625,0.13624999999999998,0.053124999999999985,0.0,0.40875
80,78,2009-03-04,10,1,2008-2009,Limeira,Assis,1,0.428125,0.14625,0.17375,0.108125,0.15375,0.03875,0.11499999999999999,0.07625,0.084375,1.0825,0.048749999999999995,0.135625,36.1175,0.086875,0.17562500000000003,50.368750000000006,0.108125,0.135,79.82374999999999,0.011875000000000002,0.04125000000000001,0.6062500000000001,0.022499999999999996,0.11124999999999999,0.19624999999999998,0.084375,0.0,0.435,0.3971428571428572,0.1157142857142857,0.18142857142857144,0.09999999999999999,0.15142857142857144,0.04642857142857143,0.105,0.05785714285714285,0.05357142857142857,1.2857142857142858,0.038571428571428576,0.10500000000000001,36.667142857142856,0.09071428571428572,0.16785714285714287,54.034285714285716,0.09999999999999999,0.14285714285714285,70.88571428571429,0.0064285714285714285,0.03642857142857143,0.6771428571428572,0.015000000000000001,0.08999999999999998,0.1685714285714286,0.05357142857142857,0.0,0.41785714285714287
81,104,2009-03-04,10,1,2008-2009,Saldanha,Flamengo,0,0.355,0.09187500000000001,0.19625,0.066875,0.14500000000000002,0.04687500000000001,0.098125,0.039375,0.09124999999999998,0.47375,0.030624999999999996,0.09999999999999999,30.464999999999996,0.098125,0.2,50.56,0.066875,0.104375,64.82,0.016875,0.05437500000000001,0.59375,0.011250000000000001,0.11125,0.10750000000000001,0.09124999999999998,0.0,0.305,0.498125,0.17625000000000002,0.24375000000000002,0.078125,0.15625,0.04875,0.1075,0.09375,0.06625,1.56,0.05875,0.1225,48.625,0.12187500000000001,0.210625,57.39375,0.078125,0.09937499999999999,77.41375,0.009375000000000001,0.03875,0.63125,0.007500000000000001,0.095,0.07625,0.06625,0.0,0.5543750000000001
69,99,2009-03-04,10,1,2008-2009,Espírito Santo,Minas,0,0.3825,0.095625,0.20749999999999996,0.07937499999999999,0.136875,0.037500000000000006,0.099375,0.049375,0.059375,0.8999999999999999,0.031875,0.11,28.673750000000002,0.10374999999999998,0.18937500000000002,55.66875,0.07937499999999999,0.126875,63.90124999999999,0.003125,0.049374999999999995,0.8375,0.005625000000000001,0.11374999999999999,0.051250000000000004,0.059375,0.0,0.353125,0.4142857142857143,0.10928571428571428,0.22857142857142856,0.07642857142857143,0.1842857142857143,0.05357142857142858,0.13071428571428573,0.08571428571428572,0.07785714285714286,1.132857142857143,0.03642857142857143,0.10785714285714287,35.065714285714286,0.11428571428571428,0.20785714285714288,54.92285714285715,0.07642857142857143,0.10785714285714286,71.75428571428571,0.005714285714285714,0.03142857142857143,0.40714285714285714,0.008571428571428572,0.09999999999999999,0.10428571428571429,0.07785714285714286,0.0,0.4499999999999999
61,66,2009-03-04,10,1,2008-2009,Araraquara,Lajeado,0,0.38,0.13875,0.17625,0.065,0.15125,0.0325,0.11875,0.07625000000000001,0.07625000000000001,1.0875,0.04625,0.135625,34.18875,0.088125,0.166875,52.793749999999996,0.065,0.095625,66.88,0.006874999999999999,0.03875000000000001,0.51125,0.026249999999999996,0.10312499999999998,0.2675,0.07625000000000001,0.0,0.39749999999999996,0.37625,0.084375,0.20375,0.08812499999999998,0.14875,0.05125,0.0975,0.051250000000000004,0.07812499999999999,0.65875,0.028125000000000004,0.103125,27.427500000000002,0.101875,0.20437499999999997,49.96124999999999,0.08812499999999998,0.12875,68.50999999999999,0.00125,0.04375,0.62125,0.005,0.109375,0.0425,0.07812499999999999,0.0,0.32875000000000004
71,72,2009-03-04,10,1,2008-2009,Sesi Franca,Joinville,0,0.41062499999999996,0.103125,0.22375,0.08375000000000002,0.16249999999999998,0.0475,0.11499999999999999,0.07062500000000001,0.05875,1.21125,0.034375,0.11,31.13875,0.111875,0.22375,50.52125,0.08375000000000002,0.11812500000000001,70.86,0.004375,0.04250000000000001,0.73125,0.011875,0.098125,0.13874999999999998,0.05875,0.0,0.4175,0.421875,0.15375,0.19874999999999998,0.069375,0.175625,0.043750000000000004,0.131875,0.09124999999999998,0.076875,1.22625,0.05125,0.135,38.30375,0.09937499999999999,0.18125,54.393750000000004,0.069375,0.096875,71.68375,0.006875,0.04062500000000001,0.5737500000000001,0.015000000000000001,0.09562499999999999,0.1725,0.076875,0.0,0.47437500000000005
105,84,2009-03-06,11,1,2008-2009,Brasília,Paulistano,1,0.42833333333333334,0.09999999999999999,0.24555555555555555,0.08277777777777778,0.18833333333333335,0.049999999999999996,0.13833333333333334,0.0761111111111111,0.08055555555555556,1.048888888888889,0.03333333333333334,0.10055555555555556,33.17888888888889,0.12277777777777778,0.20722222222222222,59.08444444444444,0.08277777777777778,0.11388888888888887,73.59111111111112,0.008888888888888889,0.03333333333333334,0.4566666666666667,0.02,0.11333333333333334,0.1822222222222222,0.08055555555555556,0.0,0.48277777777777775,0.36277777777777775,0.10333333333333333,0.18777777777777777,0.07166666666666667,0.1561111111111111,0.052222222222222225,0.10388888888888888,0.07388888888888889,0.08388888888888887,1.0077777777777779,0.03444444444444445,0.11055555555555555,31.523333333333337,0.09388888888888888,0.17222222222222225,54.266666666666666,0.07166666666666667,0.1061111111111111,66.94111111111111,0.005,0.035,0.43333333333333335,0.015555555555555553,0.11166666666666665,0.14,0.08388888888888887,0.0,0.3705555555555555
68,69,2009-03-06,11,1,2008-2009,Coop/São José Basketball,Assis,0,0.39944444444444444,0.1416666666666667,0.1822222222222222,0.07555555555555556,0.12833333333333333,0.03777777777777778,0.09055555555555556,0.07111111111111111,0.07,1.0577777777777777,0.04722222222222222,0.13277777777777777,36.07333333333334,0.0911111111111111,0.18499999999999997,49.21777777777778,0.07555555555555556,0.10333333333333333,73.40777777777777,0.0011111111111111111,0.035555555555555556,0.51,0.012777777777777777,0.11055555555555555,0.11444444444444445,0.07,0.0,0.36999999999999994,0.39625000000000005,0.11437499999999999,0.1825,0.09937499999999999,0.151875,0.0425,0.109375,0.058124999999999996,0.0575,1.21375,0.038125000000000006,0.10312500000000001,36.945,0.09125,0.17125,53.370000000000005,0.09937499999999999,0.14,71.92125,0.005625,0.035625000000000004,0.63625,0.016875,0.09624999999999999,0.17375000000000002,0.0575,0.0,0.415625
89,66,2009-03-06,11,1,2008-2009,Limeira,Bauru Basket,1,0.425,0.14,0.1733333333333333,0.11166666666666665,0.15222222222222223,0.036111111111111115,0.11611111111111111,0.07722222222222222,0.08277777777777778,1.0966666666666667,0.04666666666666666,0.12944444444444445,36.27111111111111,0.08666666666666666,0.17555555555555558,50.168888888888894,0.11166666666666665,0.14277777777777778,78.54222222222221,0.012222222222222225,0.04166666666666667,0.61,0.024444444444444442,0.11055555555555555,0.21666666666666665,0.08277777777777778,0.0,0.435,0.39999999999999997,0.13166666666666668,0.2011111111111111,0.06722222222222224,0.14,0.03555555555555556,0.10444444444444444,0.06333333333333332,0.053888888888888875,1.3766666666666667,0.04388888888888889,0.10888888888888888,39.00555555555555,0.10055555555555555,0.19,53.260000000000005,0.06722222222222224,0.09111111111111111,75.09777777777778,0.005555555555555555,0.029444444444444447,0.5944444444444444,0.010555555555555556,0.08777777777777779,0.1211111111111111,0.053888888888888875,0.0,0.41111111111111115
76,87,2009-03-06,11,1,2008-2009,Saldanha,Minas,0,0.3605555555555556,0.09666666666666668,0.19777777777777777,0.0661111111111111,0.14833333333333334,0.0488888888888889,0.09944444444444445,0.042777777777777776,0.08888888888888886,0.5322222222222223,0.03222222222222222,0.10055555555555555,31.84222222222222,0.09888888888888889,0.2038888888888889,49.906666666666666,0.0661111111111111,0.10444444444444444,63.96666666666666,0.017222222222222222,0.05166666666666667,0.5755555555555555,0.010555555555555558,0.10944444444444444,0.10111111111111112,0.08888888888888886,0.0,0.3133333333333333,0.42437500000000006,0.12187499999999998,0.22749999999999998,0.07500000000000001,0.181875,0.051875000000000004,0.13,0.08875,0.076875,1.1875,0.040625,0.10687500000000001,39.432500000000005,0.11374999999999999,0.20375000000000001,55.915000000000006,0.07500000000000001,0.10625,71.33749999999999,0.006875,0.03125,0.41000000000000003,0.009375000000000001,0.09999999999999999,0.11,0.076875,0.0,0.47124999999999995
76,78,2009-03-06,11,1,2008-2009,Araraquara,Joinville,0,0.3716666666666667,0.13666666666666666,0.16999999999999998,0.065,0.15111111111111108,0.03333333333333333,0.11777777777777779,0.07500000000000001,0.0788888888888889,1.0388888888888888,0.04555555555555555,0.13555555555555554,33.68222222222222,0.08499999999999999,0.16333333333333333,51.86555555555555,0.065,0.095,67.47333333333333,0.007222222222222221,0.03944444444444445,0.5044444444444445,0.02555555555555555,0.1022222222222222,0.2611111111111111,0.0788888888888889,0.0,0.38555555555555554,0.415,0.145,0.2033333333333333,0.06666666666666668,0.17777777777777778,0.04666666666666667,0.1311111111111111,0.08666666666666666,0.07500000000000001,1.1822222222222223,0.04833333333333333,0.13166666666666668,36.693333333333335,0.10166666666666666,0.18611111111111112,54.275555555555556,0.06666666666666668,0.09777777777777778,68.48111111111112,0.007222222222222223,0.04000000000000001,0.5744444444444445,0.017222222222222226,0.09388888888888887,0.2022222222222222,0.07500000000000001,0.0,0.4627777777777778
97,65,2009-03-06,11,1,2008-2009,Sesi Franca,Lajeado,1,0.4044444444444444,0.10333333333333333,0.22,0.08111111111111113,0.1633333333333333,0.05,0.11333333333333334,0.07166666666666667,0.05777777777777778,1.2544444444444443,0.03444444444444445,0.11,31.214444444444446,0.11,0.22611111111111112,49.21666666666667,0.08111111111111113,0.11500000000000002,70.39444444444445,0.005000000000000001,0.04333333333333334,0.7611111111111111,0.012777777777777779,0.09888888888888889,0.14444444444444443,0.05777777777777778,0.0,0.4122222222222222,0.3711111111111111,0.08166666666666668,0.2022222222222222,0.0872222222222222,0.15388888888888888,0.05444444444444444,0.09944444444444445,0.052222222222222225,0.0772222222222222,0.6811111111111111,0.027222222222222224,0.10222222222222221,26.71888888888889,0.1011111111111111,0.20888888888888887,48.71888888888888,0.0872222222222222,0.12722222222222224,68.62777777777777,0.0011111111111111111,0.04555555555555555,0.6477777777777778,0.007222222222222223,0.1061111111111111,0.07222222222222223,0.0772222222222222,0.0,0.33
63,74,2009-03-06,11,1,2008-2009,Espírito Santo,Flamengo,0,0.37833333333333335,0.09166666666666666,0.20777777777777773,0.07888888888888887,0.1311111111111111,0.03888888888888889,0.09222222222222223,0.049444444444444444,0.05666666666666667,0.9588888888888888,0.030555555555555558,0.10777777777777778,27.956666666666667,0.10388888888888886,0.19166666666666668,55.03888888888889,0.07888888888888887,0.125,64.37666666666665,0.0033333333333333335,0.048888888888888885,0.8877777777777778,0.006111111111111112,0.11055555555555555,0.05888888888888889,0.05666666666666667,0.0,0.34611111111111115,0.5005555555555555,0.17666666666666667,0.24555555555555555,0.07833333333333332,0.1527777777777778,0.045000000000000005,0.10777777777777778,0.09055555555555556,0.06555555555555556,1.5066666666666668,0.05888888888888889,0.12277777777777778,48.55555555555556,0.12277777777777778,0.2088888888888889,58.42444444444444,0.07833333333333332,0.09888888888888887,78.16888888888889,0.010000000000000002,0.03833333333333333,0.6255555555555555,0.006666666666666667,0.09388888888888888,0.06777777777777777,0.06555555555555556,0.0,0.5527777777777778
72,83,2009-03-11,12,1,2008-2009,Lajeado,Assis,0,0.3665,0.07950000000000002,0.19899999999999998,0.08799999999999998,0.149,0.05450000000000001,0.0945,0.051500000000000004,0.07999999999999999,0.6559999999999999,0.026500000000000003,0.101,26.269000000000005,0.09949999999999999,0.20299999999999999,49.513999999999996,0.08799999999999998,0.1265,69.68199999999999,0.001,0.044,0.612,0.007000000000000001,0.10600000000000001,0.07,0.07999999999999999,0.0,0.3215,0.3905555555555556,0.11833333333333333,0.17444444444444446,0.09777777777777777,0.14833333333333332,0.042222222222222223,0.1061111111111111,0.05444444444444444,0.061666666666666675,1.1077777777777778,0.03944444444444445,0.10666666666666667,36.955555555555556,0.08722222222222223,0.165,52.754444444444445,0.09777777777777777,0.13722222222222225,72.14222222222222,0.005,0.035,0.6011111111111112,0.016111111111111114,0.09833333333333333,0.16444444444444448,0.061666666666666675,0.0,0.3983333333333333
68,57,2009-03-11,12,1,2008-2009,Joinville,Bauru Basket,1,0.4125,0.1455,0.19899999999999998,0.068,0.17950000000000002,0.0465,0.13299999999999998,0.088,0.075,1.197,0.0485,0.132,36.728,0.09949999999999999,0.1845,53.553999999999995,0.068,0.101,67.787,0.008,0.04000000000000001,0.5700000000000001,0.016500000000000004,0.09249999999999999,0.19499999999999998,0.075,0.0,0.45999999999999996,0.39299999999999996,0.129,0.19699999999999998,0.06700000000000002,0.1405,0.03450000000000001,0.10600000000000001,0.06399999999999999,0.05749999999999998,1.317,0.043,0.1075,38.789,0.09849999999999999,0.1875,52.782000000000004,0.06700000000000002,0.094,73.005,0.004999999999999999,0.028000000000000004,0.5519999999999999,0.010499999999999999,0.088,0.12,0.05749999999999998,0.0,0.398
107,83,2009-03-11,12,1,2008-2009,Sesi Franca,Pinheiros,1,0.4185,0.1065,0.22999999999999998,0.08200000000000002,0.15949999999999998,0.049,0.1105,0.0785,0.05750000000000001,1.384,0.035500000000000004,0.10800000000000001,33.093,0.11499999999999999,0.2265,51.251999999999995,0.08200000000000002,0.11700000000000002,70.02199999999999,0.005,0.044000000000000004,0.776,0.012,0.10200000000000001,0.13399999999999998,0.05750000000000001,0.0,0.43600000000000005,0.4225,0.14250000000000002,0.186,0.094,0.15799999999999997,0.045,0.11299999999999999,0.07100000000000002,0.0625,1.168,0.0475,0.12249999999999998,38.665,0.093,0.1775,53.003,0.094,0.1275,74.59700000000001,0.009999999999999998,0.027500000000000004,0.48200000000000004,0.008,0.09499999999999999,0.087,0.0625,0.0,0.43149999999999994
77,82,2009-03-11,12,1,2008-2009,Araraquara,Paulistano,0,0.3725,0.135,0.172,0.0655,0.1535,0.033999999999999996,0.11950000000000001,0.07450000000000001,0.077,1.052,0.045,0.13399999999999998,33.647,0.086,0.16599999999999998,51.678999999999995,0.0655,0.097,66.813,0.007499999999999998,0.0395,0.521,0.026999999999999996,0.10399999999999998,0.268,0.077,0.0,0.38949999999999996,0.36849999999999994,0.10049999999999999,0.193,0.075,0.15499999999999997,0.05500000000000001,0.1,0.073,0.08449999999999999,0.9790000000000001,0.03350000000000001,0.10999999999999999,30.752000000000002,0.0965,0.17950000000000005,53.738,0.075,0.10800000000000001,68.647,0.004999999999999999,0.038500000000000006,0.4680000000000001,0.015,0.1115,0.135,0.08449999999999999,0.0,0.373
93,89,2009-03-11,12,1,2008-2009,Espírito Santo,Coop/São José Basketball,1,0.372,0.09,0.205,0.07699999999999999,0.1325,0.037500000000000006,0.095,0.0485,0.05700000000000001,0.9299999999999999,0.030000000000000006,0.1075,27.542,0.1025,0.187,55.742000000000004,0.07699999999999999,0.119,67.16999999999999,0.003,0.0445,0.807,0.006,0.11299999999999999,0.05700000000000001,0.05700000000000001,0.0,0.3425,0.39349999999999996,0.138,0.177,0.0785,0.13,0.039,0.091,0.06999999999999999,0.0705,1.032,0.046,0.13399999999999998,34.88,0.0885,0.18,49.111000000000004,0.0785,0.10550000000000001,74.467,0.0015,0.0355,0.506,0.012,0.11299999999999999,0.10700000000000001,0.0705,0.0,0.364
76,86,2009-03-11,12,1,2008-2009,Saldanha,Limeira,0,0.3625,0.099,0.198,0.0655,0.14800000000000002,0.0495,0.0985,0.043,0.08749999999999998,0.5389999999999999,0.032999999999999995,0.09999999999999999,32.869,0.099,0.20350000000000001,49.916000000000004,0.0655,0.10600000000000001,62.56999999999999,0.0165,0.05100000000000001,0.578,0.0105,0.1105,0.099,0.08749999999999998,0.0,0.3155,0.42699999999999994,0.141,0.18,0.10599999999999998,0.153,0.036,0.11699999999999999,0.08049999999999999,0.08050000000000002,1.1700000000000002,0.04699999999999999,0.1285,36.811,0.09,0.17900000000000002,50.866,0.10599999999999998,0.135,79.14999999999999,0.0125,0.042,0.624,0.023999999999999997,0.1095,0.215,0.08050000000000002,0.0,0.4465
81,89,2009-03-13,12,1,2008-2009,Minas,Brasília,0,0.42555555555555563,0.11499999999999999,0.23444444444444443,0.07611111111111112,0.17777777777777778,0.052777777777777785,0.125,0.08444444444444445,0.07500000000000001,1.1477777777777778,0.03833333333333334,0.10611111111111111,37.27333333333334,0.11722222222222221,0.2038888888888889,57.56111111111112,0.07611111111111112,0.10888888888888888,70.67555555555555,0.007222222222222223,0.03333333333333333,0.4566666666666667,0.010555555555555558,0.09833333333333333,0.12444444444444445,0.07500000000000001,0.0,0.4694444444444444,0.438,0.11099999999999999,0.24100000000000002,0.086,0.1855,0.0485,0.137,0.08149999999999999,0.0855,1.044,0.037000000000000005,0.10400000000000001,35.04600000000001,0.12050000000000001,0.2,60.58299999999999,0.086,0.118,73.651,0.0105,0.035,0.449,0.022,0.11200000000000002,0.20400000000000001,0.0855,0.0,0.49799999999999994
72,80,2009-03-13,13,1,2008-2009,Lajeado,Bauru Basket,0,0.3640909090909091,0.0790909090909091,0.19818181818181815,0.0868181818181818,0.14727272727272728,0.05318181818181819,0.0940909090909091,0.05090909090909091,0.07818181818181817,0.6645454545454546,0.026363636363636367,0.09863636363636363,26.910909090909094,0.09909090909090908,0.20227272727272724,49.44181818181817,0.0868181818181818,0.12500000000000003,69.54545454545452,0.0009090909090909091,0.04409090909090908,0.6245454545454545,0.006363636363636364,0.10545454545454547,0.06363636363636364,0.07818181818181817,0.0,0.3209090909090909,0.3831818181818182,0.12409090909090909,0.19545454545454544,0.06363636363636366,0.14136363636363636,0.035,0.10636363636363638,0.06272727272727273,0.060454545454545434,1.2481818181818183,0.04136363636363636,0.11136363636363635,36.77818181818182,0.09772727272727272,0.18500000000000003,53.09727272727273,0.06363636363636366,0.08863636363636364,74.16,0.004545454545454545,0.02863636363636364,0.5372727272727272,0.010454545454545454,0.08727272727272727,0.12090909090909091,0.060454545454545434,0.0,0.3836363636363637
87,70,2009-03-13,13,1,2008-2009,Sesi Franca,Paulistano,1,0.42999999999999994,0.11318181818181818,0.23545454545454544,0.08136363636363637,0.1636363636363636,0.05,0.11363636363636363,0.08227272727272728,0.05636363636363637,1.5009090909090907,0.03772727272727273,0.10909090909090911,34.63,0.11772727272727272,0.23181818181818184,51.21818181818182,0.08136363636363637,0.115,70.83363636363636,0.005909090909090909,0.04363636363636364,0.7863636363636364,0.011818181818181818,0.10681818181818183,0.12727272727272726,0.05636363636363637,0.0,0.455909090909091,0.37227272727272726,0.10772727272727271,0.19272727272727275,0.07181818181818182,0.15545454545454543,0.05590909090909091,0.09954545454545455,0.07454545454545454,0.08363636363636362,0.9990909090909091,0.03590909090909092,0.11318181818181818,31.718181818181822,0.09636363636363637,0.17954545454545456,53.65090909090909,0.07181818181818182,0.10545454545454547,66.95181818181818,0.004545454545454545,0.04000000000000001,0.4918181818181818,0.014999999999999998,0.11227272727272726,0.13454545454545455,0.08363636363636362,0.0,0.3795454545454545
75,84,2009-03-13,13,1,2008-2009,Araraquara,Pinheiros,0,0.37363636363636366,0.1322727272727273,0.1718181818181818,0.06954545454545455,0.15318181818181817,0.03454545454545454,0.11863636363636365,0.07772727272727274,0.07772727272727273,1.0736363636363635,0.04409090909090909,0.13318181818181818,33.13363636363636,0.0859090909090909,0.16227272727272726,53.16272727272727,0.06954545454545455,0.10136363636363636,67.63545454545455,0.00818181818181818,0.03772727272727273,0.4954545454545455,0.025909090909090906,0.10318181818181817,0.25818181818181823,0.07772727272727273,0.0,0.39318181818181813,0.4218181818181818,0.1431818181818182,0.18272727272727274,0.09590909090909093,0.15863636363636363,0.045909090909090906,0.11272727272727273,0.06863636363636366,0.06181818181818182,1.1363636363636365,0.04772727272727273,0.12454545454545453,38.28454545454545,0.09136363636363637,0.17545454545454545,52.58363636363636,0.09590909090909093,0.13227272727272726,73.62363636363638,0.009545454545454544,0.02727272727272728,0.4790909090909091,0.008636363636363636,0.09272727272727271,0.09818181818181819,0.06181818181818182,0.0,0.42590909090909085
69,71,2009-03-13,13,1,2008-2009,Espírito Santo,Limeira,0,0.3804545454545455,0.09818181818181816,0.20545454545454545,0.0768181818181818,0.13545454545454547,0.03590909090909092,0.09954545454545455,0.05818181818181818,0.05727272727272728,1.0799999999999998,0.03272727272727273,0.11,29.078181818181818,0.10272727272727272,0.1859090909090909,56.12909090909091,0.0768181818181818,0.11772727272727272,67.55727272727272,0.0027272727272727275,0.04318181818181818,0.7790909090909092,0.006363636363636364,0.11454545454545452,0.05909090909090909,0.05727272727272728,0.0,0.36500000000000005,0.4272727272727272,0.13909090909090907,0.18636363636363634,0.10181818181818181,0.15045454545454545,0.03681818181818181,0.11363636363636363,0.08045454545454545,0.08363636363636365,1.1272727272727272,0.04636363636363636,0.12454545454545456,37.74272727272727,0.09318181818181817,0.1790909090909091,52.554545454545455,0.10181818181818181,0.13090909090909092,78.01545454545453,0.013636363636363636,0.045909090909090906,0.6345454545454546,0.02454545454545454,0.105,0.2409090909090909,0.08363636363636365,0.0,0.4518181818181818
82,75,2009-03-13,13,1,2008-2009,Saldanha,Coop/São José Basketball,1,0.3640909090909091,0.105,0.19727272727272727,0.06181818181818182,0.14590909090909093,0.04863636363636364,0.09727272727272727,0.04318181818181818,0.09136363636363636,0.5218181818181817,0.034999999999999996,0.10272727272727272,33.72727272727273,0.09863636363636363,0.2,50.61272727272728,0.06181818181818182,0.1,62.563636363636355,0.015454545454545455,0.05227272727272729,0.5709090909090908,0.009545454545454546,0.10863636363636364,0.09000000000000001,0.09136363636363636,0.0,0.31636363636363635,0.3981818181818182,0.1390909090909091,0.1781818181818182,0.08090909090909092,0.1281818181818182,0.03863636363636364,0.08954545454545454,0.07181818181818181,0.06909090909090909,1.0872727272727274,0.046363636363636364,0.13409090909090907,35.07636363636364,0.0890909090909091,0.17863636363636362,49.88090909090909,0.08090909090909092,0.11000000000000001,73.85545454545455,0.0013636363636363635,0.03727272727272727,0.5509090909090909,0.010909090909090908,0.11272727272727273,0.09727272727272727,0.06909090909090909,0.0,0.3709090909090909
82,64,2009-03-14,13,1,2008-2009,Joinville,Assis,1,0.4059090909090909,0.14318181818181816,0.19636363636363632,0.06636363636363637,0.18090909090909094,0.04681818181818182,0.13409090909090907,0.08545454545454545,0.07636363636363636,1.1490909090909092,0.04772727272727273,0.13136363636363638,36.298181818181824,0.09818181818181816,0.18409090909090908,52.97818181818182,0.06636363636363637,0.0990909090909091,67.30636363636364,0.007727272727272728,0.04272727272727273,0.5890909090909092,0.015909090909090914,0.09136363636363636,0.18909090909090906,0.07636363636363636,0.0,0.4522727272727272,0.39300000000000007,0.123,0.165,0.10499999999999998,0.143,0.0395,0.1035,0.054000000000000006,0.06200000000000001,1.074,0.041,0.11000000000000001,37.18900000000001,0.0825,0.15550000000000003,53.193000000000005,0.10499999999999998,0.14400000000000002,73.221,0.0045,0.035500000000000004,0.603,0.015500000000000003,0.09849999999999999,0.15800000000000003,0.06200000000000001,0.0,0.398
78,82,2009-03-15,13,1,2008-2009,Flamengo,Brasília,0,0.4875,0.165,0.24,0.08249999999999999,0.1525,0.0455,0.10700000000000001,0.089,0.06250000000000001,1.57,0.05500000000000001,0.12150000000000001,45.518,0.12,0.20400000000000001,58.519999999999996,0.08249999999999999,0.1055,77.625,0.011500000000000002,0.039999999999999994,0.72,0.006,0.0945,0.061,0.06250000000000001,0.0,0.539,0.43863636363636366,0.11318181818181818,0.2381818181818182,0.08727272727272727,0.18545454545454546,0.049090909090909095,0.13636363636363635,0.08136363636363636,0.085,1.04,0.03772727272727273,0.10636363636363635,35.00727272727273,0.1190909090909091,0.20227272727272727,59.318181818181806,0.08727272727272727,0.11863636363636364,74.22818181818182,0.010454545454545454,0.03636363636363637,0.46545454545454545,0.021363636363636362,0.11181818181818183,0.1981818181818182,0.085,0.0,0.49499999999999994
100,83,2009-03-18,14,1,2008-2009,Flamengo,Araraquara,1,0.4786363636363636,0.16363636363636364,0.23090909090909092,0.08409090909090909,0.15318181818181817,0.046363636363636364,0.10681818181818183,0.08772727272727271,0.06590909090909092,1.4954545454545458,0.05454545454545456,0.12272727272727274,44.74727272727273,0.11545454545454546,0.2009090909090909,56.94363636363635,0.08409090909090909,0.10863636363636363,77.06181818181818,0.010909090909090912,0.039090909090909086,0.6818181818181818,0.006363636363636364,0.09818181818181819,0.061818181818181814,0.06590909090909092,0.0,0.520909090909091,0.37375,0.13,0.17666666666666664,0.06708333333333334,0.15083333333333332,0.03458333333333333,0.11625000000000002,0.08083333333333334,0.07583333333333334,1.1583333333333332,0.043333333333333335,0.13041666666666665,33.28916666666667,0.08833333333333332,0.165,53.64666666666667,0.06708333333333334,0.09749999999999999,68.06,0.009999999999999998,0.037500000000000006,0.5075,0.024166666666666666,0.10208333333333332,0.2416666666666667,0.07583333333333334,0.0,0.3970833333333333
79,88,2009-03-18,14,1,2008-2009,Brasília,Joinville,0,0.43625,0.11125,0.2325,0.09249999999999999,0.1825,0.04833333333333334,0.13416666666666668,0.07958333333333333,0.08375,1.0250000000000001,0.037083333333333336,0.1075,34.17333333333334,0.11625,0.19999999999999998,58.42249999999999,0.09249999999999999,0.12374999999999999,74.98666666666666,0.009583333333333334,0.03833333333333334,0.49833333333333335,0.022083333333333333,0.11333333333333336,0.20083333333333334,0.08375,0.0,0.48958333333333326,0.40625,0.1425,0.1958333333333333,0.06791666666666667,0.17958333333333334,0.04708333333333334,0.13249999999999998,0.08583333333333333,0.075,1.1783333333333335,0.04750000000000001,0.12875,37.02333333333333,0.09791666666666665,0.18541666666666667,52.52166666666667,0.06791666666666667,0.10000000000000002,68.13666666666667,0.008333333333333333,0.04375000000000001,0.6166666666666668,0.016250000000000004,0.09291666666666666,0.18833333333333332,0.075,0.0,0.4558333333333333
95,79,2009-03-18,14,1,2008-2009,Minas,Sesi Franca,1,0.42350000000000004,0.1095,0.233,0.081,0.17650000000000002,0.052000000000000005,0.12450000000000001,0.0795,0.076,1.074,0.036500000000000005,0.10350000000000001,36.04600000000001,0.1165,0.20650000000000004,56.58800000000001,0.081,0.1145,71.184,0.007000000000000001,0.033999999999999996,0.458,0.0125,0.09949999999999999,0.139,0.076,0.0,0.45949999999999996,0.43166666666666664,0.11374999999999998,0.23416666666666666,0.08375,0.16166666666666665,0.04791666666666667,0.11375,0.085,0.058750000000000004,1.4883333333333333,0.03791666666666667,0.11041666666666668,34.410833333333336,0.11708333333333333,0.22583333333333336,52.67916666666667,0.08375,0.11708333333333336,71.47833333333334,0.005833333333333334,0.043750000000000004,0.765,0.011250000000000001,0.10708333333333335,0.12083333333333333,0.058750000000000004,0.0,0.46
63,68,2009-03-18,14,1,2008-2009,Assis,Espírito Santo,0,0.38636363636363646,0.12000000000000001,0.16545454545454547,0.10090909090909089,0.14181818181818182,0.03909090909090909,0.10272727272727272,0.052272727272727276,0.06454545454545456,1.011818181818182,0.04000000000000001,0.11045454545454546,36.18,0.08272727272727273,0.15454545454545457,53.686363636363645,0.10090909090909089,0.1422727272727273,70.92818181818183,0.005,0.03681818181818182,0.5990909090909091,0.014545454545454549,0.09727272727272726,0.14909090909090914,0.06454545454545456,0.0,0.3836363636363636,0.3775,0.09874999999999999,0.20333333333333334,0.07541666666666665,0.13749999999999998,0.037500000000000006,0.09999999999999999,0.05791666666666667,0.055000000000000014,1.1424999999999998,0.03291666666666667,0.11083333333333334,29.085833333333337,0.10166666666666667,0.18666666666666665,55.29750000000001,0.07541666666666665,0.11499999999999999,67.80999999999999,0.0025,0.04041666666666666,0.7416666666666667,0.007500000000000001,0.11291666666666665,0.07166666666666667,0.055000000000000014,0.0,0.36333333333333334
92,76,2009-03-18,14,1,2008-2009,Bauru Basket,Saldanha,1,0.38458333333333333,0.12374999999999999,0.19499999999999998,0.06583333333333334,0.13999999999999999,0.035,0.10500000000000002,0.06125,0.05874999999999999,1.2383333333333333,0.041249999999999995,0.11166666666666665,36.61166666666667,0.09749999999999999,0.1825,53.78,0.06583333333333334,0.08875000000000001,76.31333333333333,0.0045833333333333325,0.027500000000000007,0.5241666666666666,0.011249999999999998,0.08750000000000001,0.12916666666666668,0.05874999999999999,0.0,0.3875,0.36791666666666667,0.10625,0.20083333333333334,0.06083333333333334,0.14708333333333334,0.04833333333333334,0.09875,0.04624999999999999,0.08916666666666666,0.5808333333333332,0.03541666666666666,0.10375,33.815,0.10041666666666667,0.19833333333333336,51.95083333333333,0.06083333333333334,0.10041666666666667,61.31833333333333,0.016666666666666666,0.04958333333333335,0.5491666666666666,0.009166666666666668,0.11083333333333334,0.08583333333333333,0.08916666666666666,0.0,0.325
96,81,2009-03-18,14,1,2008-2009,Pinheiros,Limeira,1,0.42166666666666663,0.14750000000000002,0.18250000000000002,0.09166666666666667,0.15833333333333333,0.046250000000000006,0.11208333333333333,0.07208333333333335,0.06291666666666666,1.1641666666666668,0.04916666666666667,0.12749999999999997,38.48,0.09125000000000001,0.1725,53.55916666666666,0.09166666666666667,0.12708333333333333,72.84583333333335,0.01,0.02916666666666667,0.49500000000000005,0.009166666666666667,0.09041666666666665,0.10916666666666668,0.06291666666666666,0.0,0.43249999999999994,0.42124999999999996,0.13749999999999998,0.18666666666666665,0.09708333333333331,0.15041666666666667,0.03708333333333333,0.11333333333333334,0.08041666666666665,0.08000000000000002,1.2,0.04583333333333333,0.12333333333333335,37.627500000000005,0.09333333333333332,0.18041666666666667,52.23500000000001,0.09708333333333331,0.12583333333333335,76.87166666666666,0.012499999999999999,0.0425,0.5925,0.024999999999999994,0.105,0.245,0.08000000000000002,0.0,0.44625
82,63,2009-03-18,14,1,2008-2009,Paulistano,Coop/São José Basketball,1,0.3704166666666666,0.10749999999999998,0.1925,0.07041666666666667,0.15624999999999997,0.05583333333333334,0.10041666666666667,0.07333333333333332,0.08291666666666665,0.9825,0.035833333333333335,0.11541666666666665,31.158333333333335,0.09625,0.17958333333333334,53.578333333333326,0.07041666666666667,0.10208333333333335,68.42416666666666,0.0045833333333333325,0.04083333333333334,0.5066666666666667,0.014166666666666666,0.11416666666666665,0.12666666666666668,0.08291666666666665,0.0,0.37749999999999995,0.39625,0.13625,0.18000000000000002,0.08,0.12750000000000003,0.03916666666666667,0.08833333333333332,0.07083333333333332,0.06708333333333334,1.1075000000000002,0.04541666666666667,0.13333333333333333,34.48666666666667,0.09000000000000001,0.1775,50.775000000000006,0.08,0.1125,71.86749999999999,0.0016666666666666668,0.03666666666666666,0.5608333333333333,0.011250000000000001,0.11291666666666667,0.10000000000000002,0.06708333333333334,0.0,0.3675
93,75,2009-03-20,15,1,2008-2009,Flamengo,Sesi Franca,1,0.48041666666666666,0.16125,0.23083333333333333,0.08833333333333333,0.15708333333333332,0.04708333333333334,0.11,0.08666666666666666,0.06708333333333334,1.449166666666667,0.05375000000000001,0.12291666666666667,44.01833333333334,0.11541666666666667,0.20125,56.87333333333333,0.08833333333333333,0.11374999999999998,77.25750000000001,0.010000000000000002,0.04249999999999999,0.7083333333333334,0.007083333333333334,0.10000000000000002,0.06749999999999999,0.06708333333333334,0.0,0.52625,0.4296153846153846,0.11307692307692306,0.2330769230769231,0.08346153846153848,0.16115384615384615,0.04846153846153847,0.1126923076923077,0.08423076923076923,0.058846153846153854,1.47,0.03769230769230769,0.10923076923076924,34.597692307692306,0.11653846153846155,0.2257692307692308,52.387692307692305,0.08346153846153848,0.11615384615384618,71.84076923076924,0.006153846153846154,0.04307692307692308,0.7507692307692307,0.012307692307692308,0.1053846153846154,0.13384615384615384,0.058846153846153854,0.0,0.4580769230769231
85,64,2009-03-20,15,1,2008-2009,Brasília,Lajeado,1,0.43307692307692314,0.11192307692307693,0.2276923076923077,0.09346153846153846,0.17807692307692308,0.04576923076923078,0.13230769230769232,0.07846153846153844,0.08153846153846155,1.036923076923077,0.03730769230769231,0.10807692307692308,34.22,0.11384615384615385,0.19769230769230767,57.77461538461538,0.09346153846153846,0.125,74.98769230769231,0.010384615384615384,0.03730769230769231,0.4946153846153847,0.021923076923076927,0.11346153846153849,0.19846153846153847,0.08153846153846155,0.0,0.4811538461538461,0.36375,0.07875,0.19916666666666663,0.08583333333333332,0.14375000000000002,0.05208333333333334,0.09166666666666667,0.04875000000000001,0.07458333333333332,0.6683333333333333,0.026250000000000006,0.09749999999999999,27.119166666666672,0.09958333333333332,0.20333333333333328,49.39166666666666,0.08583333333333332,0.12208333333333336,70.69416666666665,0.00125,0.04291666666666666,0.6441666666666667,0.005833333333333334,0.10375000000000001,0.05833333333333334,0.07458333333333332,0.0,0.31916666666666665
86,74,2009-03-20,15,1,2008-2009,Minas,Araraquara,1,0.42818181818181816,0.11045454545454544,0.2381818181818182,0.07954545454545454,0.1781818181818182,0.054090909090909085,0.12409090909090911,0.08181818181818182,0.0740909090909091,1.1500000000000001,0.03681818181818182,0.10318181818181821,36.405454545454546,0.1190909090909091,0.2113636363636364,56.51363636363637,0.07954545454545454,0.11181818181818182,71.66454545454545,0.007272727272727273,0.03363636363636364,0.46636363636363637,0.014090909090909091,0.09818181818181816,0.1581818181818182,0.0740909090909091,0.0,0.4709090909090909,0.37692307692307697,0.13038461538461538,0.17769230769230765,0.06884615384615385,0.14999999999999997,0.034230769230769224,0.11576923076923079,0.08230769230769232,0.0776923076923077,1.146153846153846,0.04346153846153847,0.13038461538461538,33.39153846153846,0.08884615384615382,0.16692307692307692,53.36615384615384,0.06884615384615385,0.10115384615384615,67.59923076923077,0.010384615384615383,0.0376923076923077,0.49923076923076926,0.022692307692307692,0.10538461538461538,0.2253846153846154,0.0776923076923077,0.0,0.3946153846153846
93,73,2009-03-20,15,1,2008-2009,Assis,Saldanha,1,0.3804166666666668,0.11625,0.16333333333333333,0.10083333333333333,0.1425,0.03833333333333334,0.10416666666666667,0.05291666666666667,0.06291666666666668,1.0383333333333333,0.03875000000000001,0.1125,34.708333333333336,0.08166666666666667,0.15375000000000003,53.23583333333334,0.10083333333333333,0.14125000000000001,71.4275,0.004583333333333333,0.0375,0.6325,0.015000000000000001,0.09749999999999999,0.15333333333333335,0.06291666666666668,0.0,0.37916666666666665,0.3688461538461538,0.10730769230769231,0.2,0.06153846153846154,0.1473076923076923,0.04923076923076924,0.09807692307692309,0.04730769230769231,0.08884615384615382,0.5907692307692307,0.03576923076923076,0.10576923076923077,33.58076923076923,0.1,0.19730769230769235,51.90461538461538,0.06153846153846154,0.10038461538461539,61.98615384615384,0.016923076923076923,0.05000000000000002,0.5569230769230769,0.008846153846153847,0.11076923076923079,0.08307692307692308,0.08884615384615382,0.0,0.3273076923076923
77,74,2009-03-20,15,1,2008-2009,Bauru Basket,Espírito Santo,1,0.3903846153846154,0.1223076923076923,0.1992307692307692,0.06884615384615386,0.14307692307692307,0.036153846153846154,0.10692307692307693,0.06269230769230769,0.06038461538461537,1.22,0.040769230769230766,0.11153846153846153,36.24307692307693,0.0996153846153846,0.1823076923076923,54.98461538461538,0.06884615384615386,0.09192307692307694,76.65615384615384,0.005384615384615384,0.029230769230769234,0.5323076923076923,0.011538461538461536,0.08769230769230771,0.1323076923076923,0.06038461538461537,0.0,0.4,0.37461538461538463,0.09923076923076922,0.20153846153846156,0.07384615384615384,0.1373076923076923,0.03692307692307693,0.10038461538461538,0.0576923076923077,0.05576923076923078,1.1199999999999999,0.03307692307692308,0.10846153846153847,30.213846153846156,0.10076923076923078,0.18576923076923074,55.0,0.07384615384615384,0.11346153846153845,67.04692307692306,0.002307692307692308,0.03884615384615385,0.7084615384615385,0.006923076923076924,0.11230769230769229,0.06615384615384615,0.05576923076923078,0.0,0.35961538461538467
92,86,2009-03-20,15,1,2008-2009,Pinheiros,Coop/São José Basketball,1,0.4261538461538461,0.14884615384615388,0.18538461538461543,0.09192307692307693,0.1596153846153846,0.04615384615384616,0.11346153846153847,0.07346153846153848,0.06346153846153846,1.173846153846154,0.049615384615384624,0.12653846153846152,39.199230769230766,0.09269230769230771,0.17307692307692307,54.13999999999999,0.09192307692307693,0.12653846153846154,73.3323076923077,0.010769230769230769,0.031153846153846157,0.5176923076923077,0.008846153846153847,0.09076923076923074,0.10461538461538462,0.06346153846153846,0.0,0.44384615384615383,0.39,0.1326923076923077,0.18076923076923077,0.07653846153846154,0.13384615384615386,0.041923076923076924,0.09192307692307691,0.06999999999999999,0.06923076923076923,1.070769230769231,0.04423076923076923,0.13076923076923078,34.14153846153847,0.09038461538461538,0.18153846153846154,50.04615384615385,0.07653846153846154,0.10923076923076924,70.1853846153846,0.0015384615384615385,0.037692307692307685,0.5584615384615385,0.012692307692307694,0.10961538461538461,0.1253846153846154,0.06923076923076923,0.0,0.3646153846153846
78,99,2009-03-20,15,1,2008-2009,Paulistano,Limeira,0,0.3734615384615384,0.10615384615384614,0.19846153846153847,0.06884615384615386,0.16076923076923075,0.058076923076923075,0.1026923076923077,0.07499999999999998,0.08153846153846153,1.0192307692307692,0.03538461538461539,0.11653846153846151,30.536923076923078,0.09923076923076923,0.18500000000000003,53.61076923076923,0.06884615384615386,0.10038461538461539,67.96846153846154,0.004615384615384615,0.041923076923076924,0.533076923076923,0.01423076923076923,0.11076923076923076,0.13307692307692306,0.08153846153846153,0.0,0.3853846153846154,0.42,0.13846153846153844,0.18615384615384614,0.09538461538461537,0.14807692307692305,0.036538461538461534,0.11153846153846156,0.07999999999999999,0.08076923076923079,1.1715384615384616,0.04615384615384615,0.12423076923076924,37.582307692307694,0.09307692307692307,0.17923076923076925,52.41307692307692,0.09538461538461537,0.12346153846153848,77.03153846153845,0.011923076923076923,0.04153846153846154,0.5723076923076923,0.024615384615384612,0.10653846153846154,0.23846153846153847,0.08076923076923079,0.0,0.4411538461538461
88,67,2009-03-23,2,2,2008-2009,Sesi Franca,Espírito Santo,1,0.42642857142857143,0.10928571428571428,0.23500000000000001,0.08214285714285716,0.1625,0.05000000000000001,0.11250000000000002,0.08499999999999999,0.06250000000000001,1.4264285714285714,0.03642857142857143,0.10892857142857144,33.48714285714286,0.11750000000000001,0.22642857142857145,52.597142857142856,0.08214285714285716,0.11357142857142859,72.51285714285714,0.005714285714285714,0.044642857142857144,0.7392857142857142,0.011785714285714287,0.10535714285714286,0.12785714285714286,0.06250000000000001,0.0,0.455,0.3742857142857143,0.10071428571428569,0.20142857142857146,0.07214285714285713,0.13499999999999998,0.035357142857142865,0.09964285714285714,0.05535714285714287,0.05642857142857143,1.0671428571428572,0.03357142857142857,0.10678571428571429,31.41714285714286,0.10071428571428573,0.18285714285714283,55.99785714285714,0.07214285714285713,0.11142857142857142,66.45928571428571,0.002142857142857143,0.03678571428571429,0.6685714285714287,0.006428571428571429,0.1107142857142857,0.06142857142857143,0.05642857142857143,0.0,0.3567857142857144
86,81,2009-03-25,1,2,2008-2009,Flamengo,Pinheiros,1,0.4792307692307692,0.16153846153846155,0.23153846153846153,0.08615384615384616,0.15615384615384614,0.04615384615384616,0.11000000000000001,0.09,0.06923076923076923,1.4430769230769234,0.05384615384615386,0.12230769230769231,44.31153846153847,0.11576923076923076,0.20076923076923076,57.232307692307685,0.08615384615384616,0.11192307692307692,76.44307692307692,0.011153846153846155,0.045769230769230757,0.7223076923076923,0.006538461538461539,0.09884615384615386,0.0623076923076923,0.06923076923076923,0.0,0.5292307692307693,0.4285714285714285,0.14571428571428574,0.18785714285714292,0.095,0.16142857142857142,0.04607142857142858,0.11535714285714287,0.0735714285714286,0.06357142857142857,1.1721428571428572,0.048571428571428585,0.12428571428571426,39.03071428571428,0.09392857142857146,0.17464285714285713,54.30214285714285,0.095,0.13142857142857142,73.03928571428573,0.011428571428571427,0.031071428571428576,0.5135714285714286,0.009285714285714286,0.09035714285714283,0.11,0.06357142857142857,0.0,0.44749999999999995
83,76,2009-03-25,1,2,2008-2009,Lajeado,Coop/São José Basketball,1,0.3603846153846154,0.07846153846153846,0.19846153846153844,0.08346153846153845,0.1426923076923077,0.05153846153846155,0.09115384615384615,0.04923076923076924,0.07461538461538461,0.6730769230769231,0.02615384615384616,0.0973076923076923,27.057692307692314,0.09923076923076922,0.20615384615384613,48.636923076923075,0.08346153846153845,0.11769230769230771,71.7653846153846,0.0011538461538461537,0.04384615384615384,0.6507692307692309,0.00576923076923077,0.10500000000000001,0.05692307692307693,0.07461538461538461,0.0,0.315,0.39285714285714285,0.1317857142857143,0.18642857142857144,0.07464285714285714,0.13535714285714287,0.0425,0.09285714285714285,0.06999999999999999,0.06892857142857144,1.0714285714285716,0.043928571428571435,0.12999999999999998,34.08357142857143,0.09321428571428572,0.1839285714285714,50.79071428571429,0.07464285714285714,0.10678571428571429,69.9342857142857,0.0017857142857142859,0.03785714285714285,0.5628571428571428,0.011785714285714287,0.1125,0.11642857142857144,0.06892857142857144,0.0,0.37000000000000005
80,86,2009-03-25,1,2,2008-2009,Assis,Brasília,0,0.38692307692307704,0.1176923076923077,0.16846153846153847,0.10076923076923078,0.14615384615384613,0.03961538461538462,0.10653846153846154,0.05538461538461538,0.06384615384615386,1.0453846153846154,0.03923076923076924,0.11076923076923079,35.88461538461539,0.08423076923076923,0.1553846153846154,54.19538461538462,0.10076923076923078,0.1426923076923077,70.74076923076923,0.005384615384615385,0.036153846153846154,0.6046153846153846,0.016153846153846154,0.0973076923076923,0.16615384615384615,0.06384615384615386,0.0,0.3923076923076923,0.43250000000000005,0.11035714285714286,0.2285714285714286,0.09357142857142856,0.1775,0.04571428571428572,0.1317857142857143,0.07642857142857142,0.08142857142857143,1.007857142857143,0.03678571428571429,0.10785714285714286,33.816428571428574,0.1142857142857143,0.19535714285714284,58.84285714285714,0.09357142857142856,0.12571428571428572,74.65785714285714,0.010714285714285716,0.03892857142857143,0.5128571428571429,0.022500000000000003,0.1110714285714286,0.21142857142857144,0.08142857142857143,0.0,0.4821428571428571
96,83,2009-03-25,1,2,2008-2009,Minas,Paulistano,1,0.4283333333333333,0.10749999999999998,0.24250000000000002,0.07833333333333332,0.1791666666666667,0.05416666666666667,0.12500000000000003,0.08125,0.075,1.1275000000000002,0.035833333333333335,0.10083333333333334,36.149166666666666,0.12125000000000001,0.21541666666666667,56.451666666666675,0.07833333333333332,0.11041666666666666,71.39416666666666,0.0075,0.034999999999999996,0.4766666666666666,0.014583333333333332,0.09749999999999999,0.16333333333333336,0.075,0.0,0.47208333333333335,0.3746428571428571,0.10928571428571428,0.195,0.07035714285714287,0.15642857142857142,0.05535714285714286,0.10107142857142858,0.07392857142857143,0.08107142857142856,1.0035714285714286,0.036428571428571435,0.11607142857142856,31.60214285714286,0.0975,0.18392857142857144,52.93285714285714,0.07035714285714287,0.1017857142857143,68.4707142857143,0.004642857142857142,0.04,0.5092857142857142,0.013571428571428571,0.10964285714285714,0.12714285714285714,0.08107142857142856,0.0,0.37999999999999995
98,107,2009-03-25,1,2,2008-2009,Joinville,Limeira,0,0.40884615384615386,0.13961538461538459,0.1992307692307692,0.07,0.1780769230769231,0.04538461538461539,0.1326923076923077,0.08384615384615385,0.07307692307692307,1.18,0.04653846153846154,0.1257692307692308,37.16692307692308,0.0996153846153846,0.18576923076923077,53.339999999999996,0.07,0.10384615384615385,67.76692307692308,0.008461538461538461,0.04307692307692309,0.6230769230769232,0.015384615384615387,0.09384615384615384,0.17769230769230765,0.07307692307692307,0.0,0.4569230769230769,0.4253571428571429,0.14464285714285713,0.18714285714285714,0.09357142857142856,0.14607142857142857,0.03535714285714286,0.11071428571428574,0.08214285714285714,0.08071428571428574,1.1864285714285714,0.04821428571428571,0.1242857142857143,39.18357142857143,0.09357142857142857,0.17785714285714288,53.13357142857143,0.09357142857142856,0.12071428571428573,77.41142857142856,0.011785714285714287,0.04142857142857143,0.5671428571428572,0.02464285714285714,0.1075,0.23642857142857143,0.08071428571428574,0.0,0.4514285714285714
92,73,2009-03-25,1,2,2008-2009,Sesi Franca,Saldanha,1,0.42999999999999994,0.106,0.23666666666666666,0.08733333333333333,0.16299999999999998,0.05066666666666668,0.11233333333333335,0.08566666666666665,0.064,1.406,0.035333333333333335,0.10366666666666667,35.699333333333335,0.11833333333333333,0.22733333333333333,52.702,0.08733333333333333,0.11833333333333336,73.44466666666668,0.005666666666666667,0.04533333333333334,0.7333333333333333,0.011333333333333334,0.10633333333333335,0.12200000000000001,0.064,0.0,0.463,0.3685714285714286,0.10821428571428572,0.19714285714285715,0.06321428571428571,0.14714285714285716,0.049642857142857155,0.09750000000000002,0.0475,0.08678571428571427,0.6078571428571428,0.03607142857142857,0.105,34.19,0.09857142857142857,0.1967857142857143,51.205,0.06321428571428571,0.10321428571428573,61.894999999999996,0.017142857142857144,0.050000000000000024,0.5764285714285713,0.008571428571428574,0.11214285714285717,0.08,0.08678571428571427,0.0,0.32785714285714285
97,91,2009-03-25,1,2,2008-2009,Araraquara,Espírito Santo,1,0.37642857142857145,0.13071428571428573,0.17857142857142855,0.06714285714285714,0.14785714285714285,0.033928571428571426,0.11392857142857146,0.08071428571428572,0.07714285714285715,1.1257142857142857,0.04357142857142858,0.13035714285714284,33.479285714285716,0.08928571428571427,0.1692857142857143,52.94714285714286,0.06714285714285714,0.09964285714285714,66.78857142857143,0.009642857142857142,0.03678571428571429,0.4892857142857143,0.02214285714285714,0.10428571428571429,0.22142857142857145,0.07714285714285715,0.0,0.3875,0.3716666666666667,0.09999999999999999,0.198,0.07366666666666664,0.13266666666666665,0.03600000000000001,0.09666666666666666,0.054666666666666676,0.05733333333333334,1.0386666666666666,0.03333333333333333,0.10500000000000001,31.82266666666667,0.099,0.1833333333333333,54.896,0.07366666666666664,0.11199999999999997,67.30666666666666,0.0023333333333333335,0.037333333333333336,0.6666666666666667,0.006666666666666667,0.11066666666666666,0.06333333333333332,0.05733333333333334,0.0,0.35133333333333344
105,71,2009-03-27,2,2,2008-2009,Flamengo,Paulistano,1,0.47571428571428565,0.15964285714285717,0.2307142857142857,0.08535714285714287,0.15749999999999997,0.04607142857142858,0.11142857142857143,0.08892857142857143,0.07071428571428572,1.3992857142857145,0.05321428571428573,0.12250000000000001,43.71785714285715,0.11535714285714285,0.20035714285714284,57.173571428571414,0.08535714285714287,0.10999999999999999,77.28571428571429,0.011071428571428574,0.04499999999999999,0.6985714285714286,0.006428571428571429,0.09857142857142857,0.06142857142857143,0.07071428571428572,0.0,0.5239285714285715,0.3773333333333333,0.10699999999999998,0.19933333333333333,0.07100000000000001,0.157,0.05600000000000001,0.101,0.07233333333333333,0.08299999999999999,0.9666666666666667,0.03566666666666667,0.11499999999999999,31.162,0.09966666666666667,0.1876666666666667,53.015333333333324,0.07100000000000001,0.10266666666666668,68.54400000000001,0.004666666666666666,0.04100000000000001,0.5086666666666667,0.014333333333333333,0.11066666666666666,0.132,0.08299999999999999,0.0,0.37999999999999995
100,97,2009-03-27,2,2,2008-2009,Bauru Basket,Brasília,1,0.39,0.11892857142857141,0.20142857142857143,0.06964285714285715,0.1425,0.03678571428571429,0.10571428571428573,0.06357142857142857,0.05892857142857142,1.2671428571428571,0.03964285714285714,0.11035714285714285,35.534285714285716,0.10071428571428571,0.18321428571428572,55.269285714285715,0.06964285714285715,0.09250000000000003,76.895,0.0060714285714285705,0.03035714285714286,0.575,0.01214285714285714,0.08857142857142859,0.13714285714285715,0.05892857142857142,0.0,0.4035714285714286,0.43233333333333335,0.11200000000000002,0.22333333333333333,0.09699999999999999,0.17733333333333332,0.04433333333333334,0.133,0.076,0.08066666666666668,1.0073333333333334,0.037333333333333336,0.107,34.72,0.11166666666666666,0.192,58.368,0.09699999999999999,0.13133333333333333,74.284,0.010666666666666668,0.03833333333333334,0.5073333333333333,0.022666666666666672,0.11266666666666669,0.21,0.08066666666666668,0.0,0.4816666666666666
91,70,2009-03-27,2,2,2008-2009,Minas,Pinheiros,1,0.4323076923076922,0.1096153846153846,0.24230769230769234,0.08038461538461537,0.17423076923076927,0.053076923076923084,0.12115384615384617,0.08115384615384615,0.07692307692307693,1.1023076923076924,0.03653846153846154,0.10230769230769231,36.253076923076925,0.12115384615384617,0.21423076923076925,56.72461538461539,0.08038461538461537,0.11423076923076922,70.95076923076923,0.006923076923076922,0.03807692307692308,0.49769230769230766,0.015384615384615384,0.09653846153846153,0.17307692307692307,0.07692307692307693,0.0,0.4715384615384615,0.42699999999999994,0.14600000000000002,0.18800000000000006,0.093,0.16099999999999998,0.04700000000000001,0.11400000000000002,0.07433333333333335,0.064,1.1746666666666667,0.04866666666666668,0.12666666666666665,38.51199999999999,0.09400000000000003,0.17466666666666664,54.301333333333325,0.093,0.12833333333333333,73.268,0.010666666666666665,0.03333333333333333,0.5413333333333334,0.008666666666666666,0.08899999999999998,0.10266666666666667,0.064,0.0,0.4463333333333333
83,79,2009-03-27,2,2,2008-2009,Joinville,Coop/São José Basketball,1,0.4146428571428572,0.14035714285714282,0.19999999999999998,0.07428571428571429,0.1785714285714286,0.046785714285714285,0.13178571428571426,0.08107142857142857,0.07642857142857142,1.122857142857143,0.0467857142857143,0.12642857142857145,37.15785714285715,0.09999999999999999,0.18642857142857142,53.37642857142857,0.07428571428571429,0.10785714285714286,68.73,0.008928571428571428,0.043214285714285726,0.6057142857142859,0.015000000000000003,0.09999999999999999,0.16928571428571426,0.07642857142857142,0.0,0.4564285714285714,0.392,0.136,0.18200000000000002,0.074,0.13266666666666668,0.04066666666666667,0.092,0.06833333333333333,0.067,1.0753333333333335,0.045333333333333344,0.13099999999999998,34.8,0.09100000000000001,0.17866666666666664,51.214000000000006,0.074,0.10566666666666667,70.08666666666666,0.0016666666666666668,0.03766666666666666,0.584,0.011666666666666667,0.112,0.11533333333333334,0.067,0.0,0.37033333333333335
82,87,2009-03-27,2,2,2008-2009,Lajeado,Limeira,0,0.3642857142857143,0.08678571428571429,0.19428571428571426,0.0832142857142857,0.1442857142857143,0.05000000000000001,0.09428571428571429,0.050357142857142864,0.0732142857142857,0.7092857142857143,0.028928571428571435,0.09964285714285714,28.696428571428577,0.09714285714285713,0.20249999999999996,48.388571428571424,0.0832142857142857,0.11892857142857145,70.87214285714285,0.0010714285714285715,0.04285714285714286,0.6435714285714287,0.005357142857142858,0.1042857142857143,0.052857142857142866,0.0732142857142857,0.0,0.3221428571428571,0.4326666666666667,0.142,0.19333333333333336,0.09733333333333331,0.147,0.03666666666666667,0.11033333333333335,0.08233333333333333,0.08000000000000003,1.188,0.04733333333333333,0.12300000000000001,38.79333333333334,0.09666666666666668,0.18133333333333335,53.64933333333333,0.09733333333333331,0.12666666666666668,77.01266666666666,0.012333333333333333,0.04466666666666667,0.6153333333333334,0.02333333333333333,0.10866666666666666,0.22333333333333333,0.08000000000000003,0.0,0.4603333333333333
77,63,2009-03-27,2,2,2008-2009,Araraquara,Saldanha,1,0.3836666666666667,0.13499999999999998,0.18133333333333332,0.06733333333333333,0.149,0.034333333333333334,0.1146666666666667,0.08200000000000002,0.08166666666666668,1.0966666666666667,0.045000000000000005,0.13133333333333333,34.236,0.09066666666666666,0.169,53.861999999999995,0.06733333333333333,0.1,66.78066666666668,0.009666666666666665,0.03933333333333333,0.4913333333333334,0.021333333333333333,0.10766666666666666,0.21066666666666667,0.08166666666666668,0.0,0.39633333333333337,0.36833333333333335,0.10700000000000001,0.2,0.06133333333333334,0.14833333333333334,0.05133333333333334,0.09700000000000002,0.04900000000000001,0.08933333333333332,0.6046666666666666,0.03566666666666666,0.10466666666666667,33.910666666666664,0.1,0.19700000000000004,51.791333333333334,0.06133333333333334,0.10033333333333336,61.657333333333334,0.018000000000000002,0.049333333333333354,0.5593333333333332,0.008666666666666668,0.11133333333333335,0.08133333333333334,0.08933333333333332,0.0,0.3293333333333333
76,65,2009-03-30,4,2,2008-2009,Flamengo,Limeira,1,0.479,0.159,0.232,0.08800000000000001,0.15866666666666662,0.04766666666666667,0.111,0.09233333333333332,0.07033333333333333,1.4493333333333334,0.05300000000000002,0.12433333333333334,43.02533333333334,0.116,0.1993333333333333,57.86666666666665,0.08800000000000001,0.11299999999999999,77.51,0.010666666666666668,0.046333333333333324,0.7186666666666668,0.006333333333333334,0.09766666666666667,0.06133333333333333,0.07033333333333333,0.0,0.5326666666666667,0.43066666666666664,0.132,0.20000000000000007,0.09866666666666667,0.14633333333333332,0.037000000000000005,0.10933333333333335,0.08033333333333333,0.07566666666666667,1.214,0.044,0.11633333333333333,37.803333333333335,0.10000000000000003,0.18566666666666667,53.955999999999996,0.09866666666666667,0.129,76.52399999999999,0.012666666666666668,0.045000000000000005,0.638,0.022000000000000006,0.10700000000000001,0.21266666666666667,0.07566666666666667,0.0,0.4603333333333333
63,70,2009-04-01,3,2,2008-2009,Espírito Santo,Joinville,0,0.3763333333333333,0.10000000000000002,0.19666666666666668,0.07966666666666668,0.13066666666666668,0.036666666666666674,0.09400000000000001,0.053333333333333344,0.06199999999999999,0.9633333333333333,0.03333333333333334,0.10700000000000001,31.413333333333338,0.09833333333333334,0.18233333333333332,54.873333333333335,0.07966666666666668,0.11833333333333333,69.21866666666666,0.0030000000000000005,0.04000000000000001,0.6473333333333335,0.006666666666666666,0.11166666666666666,0.06266666666666666,0.06199999999999999,0.0,0.34866666666666674,0.4146666666666667,0.13899999999999996,0.2,0.07566666666666667,0.1776666666666667,0.04633333333333334,0.13133333333333333,0.082,0.07533333333333332,1.1533333333333333,0.046333333333333344,0.12700000000000003,36.656,0.1,0.18533333333333332,53.739333333333335,0.07566666666666667,0.11033333333333334,68.516,0.009333333333333334,0.04333333333333335,0.6153333333333335,0.01466666666666667,0.09933333333333333,0.1653333333333333,0.07533333333333332,0.0,0.4563333333333333
91,80,2009-04-01,3,2,2008-2009,Flamengo,Coop/São José Basketball,1,0.4743333333333333,0.153,0.23133333333333334,0.09,0.16299999999999995,0.04733333333333334,0.11566666666666665,0.092,0.072,1.4106666666666665,0.05100000000000002,0.12333333333333334,41.873333333333335,0.11566666666666667,0.19666666666666663,58.455999999999996,0.09,0.11400000000000002,78.99133333333334,0.010000000000000002,0.045333333333333344,0.6806666666666668,0.007000000000000001,0.09899999999999999,0.06666666666666667,0.072,0.0,0.5323333333333333,0.394,0.134,0.18800000000000003,0.07200000000000002,0.13466666666666666,0.04200000000000001,0.09266666666666666,0.06666666666666668,0.069,1.0346666666666668,0.04466666666666667,0.12733333333333333,35.227333333333334,0.09400000000000001,0.184,51.41,0.07200000000000002,0.105,68.882,0.002,0.038,0.5766666666666667,0.011000000000000003,0.11333333333333334,0.10733333333333335,0.069,0.0,0.36966666666666664
94,85,2009-04-01,3,2,2008-2009,Brasília,Araraquara,1,0.4353333333333333,0.111,0.22333333333333333,0.101,0.1753333333333333,0.04166666666666667,0.13366666666666666,0.075,0.08,1.002,0.037000000000000005,0.10533333333333332,35.246,0.11166666666666666,0.19033333333333333,58.932,0.101,0.13499999999999998,75.15000000000002,0.010333333333333335,0.037000000000000005,0.49133333333333334,0.022333333333333337,0.11466666666666668,0.2053333333333333,0.08,0.0,0.484,0.39,0.138,0.18266666666666664,0.06933333333333333,0.15133333333333335,0.037,0.11433333333333336,0.08533333333333333,0.08066666666666668,1.1446666666666665,0.046000000000000006,0.13066666666666665,35.24333333333333,0.09133333333333332,0.1676666666666667,54.51333333333333,0.06933333333333333,0.10133333333333332,68.13733333333333,0.01,0.03966666666666666,0.5046666666666667,0.023,0.10533333333333335,0.23733333333333334,0.08066666666666668,0.0,0.41566666666666663
96,91,2009-04-01,3,2,2008-2009,Minas,Limeira,1,0.4339285714285714,0.11249999999999998,0.2421428571428572,0.07928571428571428,0.17607142857142863,0.052500000000000005,0.12357142857142858,0.0825,0.07821428571428571,1.0985714285714288,0.0375,0.10285714285714287,36.910000000000004,0.1210714285714286,0.2125,57.184285714285714,0.07928571428571428,0.11285714285714285,70.77,0.0064285714285714285,0.03678571428571429,0.47714285714285715,0.014642857142857141,0.09678571428571428,0.16428571428571428,0.07821428571428571,0.0,0.47535714285714287,0.42733333333333334,0.13099999999999998,0.20000000000000004,0.09633333333333335,0.14833333333333334,0.038000000000000006,0.11033333333333337,0.08166666666666665,0.075,1.2353333333333334,0.043666666666666666,0.11600000000000002,37.61466666666667,0.10000000000000002,0.187,53.51,0.09633333333333335,0.12866666666666668,74.74866666666665,0.012666666666666668,0.04566666666666667,0.6473333333333333,0.021000000000000005,0.10633333333333334,0.20400000000000001,0.075,0.0,0.4573333333333333
87,83,2009-04-01,3,2,2008-2009,Paulistano,Assis,1,0.3736666666666667,0.106,0.19666666666666668,0.07100000000000001,0.15433333333333332,0.05366666666666667,0.1006666666666667,0.07066666666666667,0.084,0.9426666666666669,0.035333333333333335,0.11333333333333333,31.439999999999998,0.09833333333333334,0.18666666666666662,52.62466666666666,0.07100000000000001,0.10200000000000001,68.938,0.004333333333333332,0.04000000000000001,0.4973333333333333,0.014333333333333335,0.11166666666666665,0.13066666666666665,0.084,0.0,0.3716666666666667,0.38785714285714296,0.11785714285714285,0.16785714285714287,0.10214285714285716,0.145,0.03964285714285715,0.10535714285714286,0.05678571428571428,0.06285714285714286,1.0778571428571428,0.0392857142857143,0.11285714285714286,35.36214285714286,0.08392857142857144,0.15714285714285717,53.49857142857143,0.10214285714285716,0.1435714285714286,71.21785714285714,0.005,0.03535714285714286,0.5971428571428571,0.015714285714285715,0.10071428571428571,0.15928571428571428,0.06285714285714286,0.0,0.3896428571428571
94,88,2009-04-01,3,2,2008-2009,Pinheiros,Bauru Basket,1,0.4206666666666666,0.146,0.18533333333333335,0.08933333333333333,0.15466666666666665,0.04533333333333334,0.10933333333333332,0.07300000000000001,0.060666666666666674,1.2153333333333334,0.04866666666666667,0.12699999999999997,38.43333333333333,0.09266666666666667,0.17466666666666666,53.650666666666666,0.08933333333333333,0.127,70.768,0.011333333333333332,0.034333333333333334,0.5893333333333334,0.007666666666666667,0.08766666666666666,0.09133333333333332,0.060666666666666674,0.0,0.43166666666666664,0.3973333333333333,0.12199999999999998,0.20066666666666666,0.07466666666666667,0.14166666666666666,0.038000000000000006,0.10366666666666667,0.06433333333333333,0.05766666666666666,1.3079999999999998,0.04066666666666666,0.112,35.88133333333334,0.10033333333333333,0.182,55.42333333333333,0.07466666666666667,0.09800000000000003,77.29266666666666,0.006,0.02966666666666667,0.57,0.01233333333333333,0.09133333333333334,0.136,0.05766666666666666,0.0,0.41133333333333333
78,68,2009-04-01,3,2,2008-2009,Saldanha,Lajeado,1,0.3630000000000001,0.10700000000000003,0.19666666666666663,0.05933333333333334,0.14666666666666667,0.05100000000000001,0.09566666666666669,0.05333333333333334,0.09100000000000001,0.6419999999999999,0.03566666666666666,0.10500000000000001,33.80533333333334,0.09833333333333331,0.19666666666666668,50.97533333333333,0.05933333333333334,0.09933333333333334,59.54666666666667,0.01733333333333333,0.05133333333333335,0.5726666666666667,0.009000000000000001,0.1116666666666667,0.08400000000000002,0.09100000000000001,0.0,0.32466666666666666,0.3673333333333334,0.09000000000000001,0.1953333333333333,0.08199999999999999,0.147,0.04966666666666668,0.09733333333333333,0.05166666666666667,0.074,0.7166666666666667,0.030000000000000006,0.10166666666666666,29.09133333333334,0.09766666666666665,0.19899999999999995,49.82933333333333,0.08199999999999999,0.11800000000000002,70.27399999999999,0.0013333333333333333,0.041666666666666664,0.62,0.005333333333333334,0.10466666666666669,0.052666666666666674,0.074,0.0,0.33
93,80,2009-04-03,4,2,2008-2009,Espírito Santo,Lajeado,1,0.3726666666666667,0.101,0.19133333333333333,0.08033333333333334,0.13166666666666668,0.036000000000000004,0.09566666666666666,0.05533333333333334,0.06266666666666668,0.9853333333333333,0.033666666666666664,0.10633333333333335,31.840666666666664,0.09566666666666666,0.17833333333333334,54.492666666666665,0.08033333333333334,0.11999999999999998,68.88533333333334,0.0026666666666666666,0.03966666666666667,0.6340000000000001,0.006333333333333333,0.11133333333333334,0.060000000000000005,0.06266666666666668,0.0,0.34800000000000003,0.3673333333333334,0.088,0.2,0.07933333333333331,0.14333333333333337,0.04900000000000001,0.09433333333333334,0.05233333333333334,0.07133333333333333,0.7373333333333333,0.029333333333333336,0.09766666666666665,29.299333333333337,0.1,0.1986666666666666,51.206,0.07933333333333331,0.116,68.60066666666667,0.001,0.04000000000000001,0.6140000000000001,0.005000000000000001,0.10600000000000001,0.04933333333333335,0.07133333333333333,0.0,0.333
83,78,2009-04-03,4,2,2008-2009,Minas,Coop/São José Basketball,1,0.437,0.11799999999999998,0.23800000000000004,0.08099999999999999,0.1763333333333334,0.05300000000000001,0.12333333333333334,0.08499999999999999,0.077,1.1586666666666667,0.03933333333333334,0.10533333333333333,37.544666666666664,0.11900000000000002,0.21266666666666667,56.162666666666674,0.08099999999999999,0.11599999999999998,70.42733333333332,0.006333333333333333,0.037000000000000005,0.49,0.014,0.096,0.15733333333333333,0.077,0.0,0.4776666666666667,0.39033333333333325,0.13,0.1906666666666667,0.0696666666666667,0.13799999999999998,0.04266666666666667,0.09533333333333333,0.067,0.07,1.0226666666666668,0.043333333333333335,0.12633333333333333,34.54066666666667,0.09533333333333335,0.18699999999999997,51.26533333333334,0.0696666666666667,0.10166666666666667,69.04866666666666,0.002,0.03766666666666667,0.5646666666666668,0.010666666666666668,0.115,0.10400000000000002,0.07,0.0,0.367
89,71,2009-04-03,4,2,2008-2009,Pinheiros,Assis,1,0.42533333333333334,0.145,0.19,0.09033333333333333,0.15466666666666665,0.04766666666666667,0.10700000000000001,0.07366666666666667,0.05933333333333334,1.2593333333333334,0.048333333333333346,0.12566666666666665,38.624,0.095,0.177,54.324,0.09033333333333333,0.12733333333333333,71.266,0.012,0.034333333333333334,0.6026666666666666,0.008333333333333333,0.08766666666666666,0.09866666666666667,0.05933333333333334,0.0,0.4406666666666667,0.38966666666666677,0.123,0.16466666666666668,0.10200000000000002,0.14266666666666664,0.039666666666666676,0.10300000000000001,0.05799999999999999,0.06466666666666668,1.0613333333333332,0.041000000000000016,0.11333333333333334,36.616,0.08233333333333334,0.15633333333333335,52.690666666666665,0.10200000000000002,0.14200000000000002,72.02533333333332,0.005000000000000001,0.034333333333333334,0.572,0.01566666666666667,0.102,0.15733333333333333,0.06466666666666668,0.0,0.3893333333333333
93,92,2009-04-03,4,2,2008-2009,Paulistano,Bauru Basket,1,0.37366666666666665,0.10099999999999999,0.20133333333333336,0.07133333333333335,0.15433333333333335,0.053333333333333344,0.10100000000000003,0.07033333333333333,0.08133333333333333,0.9953333333333335,0.033666666666666664,0.11066666666666666,30.82933333333333,0.10066666666666668,0.19066666666666665,52.552,0.07133333333333335,0.10300000000000001,68.64133333333332,0.004666666666666666,0.04100000000000001,0.538,0.01533333333333333,0.113,0.13799999999999998,0.08133333333333333,0.0,0.37466666666666665,0.405,0.125,0.204,0.076,0.143,0.041666666666666664,0.10133333333333333,0.06699999999999999,0.05633333333333334,1.3886666666666665,0.04166666666666667,0.11266666666666668,36.63866666666667,0.102,0.18533333333333332,55.45666666666667,0.076,0.098,78.56266666666666,0.006333333333333333,0.030666666666666672,0.6066666666666667,0.012,0.09266666666666666,0.13133333333333336,0.05633333333333334,0.0,0.425
77,72,2009-04-03,4,2,2008-2009,Brasília,Sesi Franca,1,0.44133333333333336,0.112,0.22133333333333333,0.10800000000000001,0.16966666666666666,0.03933333333333334,0.13033333333333333,0.07733333333333334,0.08033333333333334,1.0273333333333334,0.03733333333333333,0.10466666666666667,35.764,0.11066666666666666,0.18733333333333338,59.40466666666667,0.10800000000000001,0.1413333333333333,76.69000000000001,0.011333333333333336,0.038000000000000006,0.502,0.02066666666666667,0.11866666666666668,0.1853333333333333,0.08033333333333334,0.0,0.48933333333333334,0.43400000000000005,0.10300000000000001,0.24133333333333337,0.08966666666666666,0.16366666666666668,0.05200000000000001,0.11166666666666668,0.09033333333333333,0.06366666666666668,1.4933333333333332,0.034333333333333334,0.10066666666666665,35.608666666666664,0.12066666666666669,0.23066666666666666,52.84733333333333,0.08966666666666666,0.11866666666666666,74.92266666666666,0.006,0.04700000000000001,0.768,0.010333333333333335,0.109,0.09933333333333334,0.06366666666666668,0.0,0.47633333333333333
61,84,2009-04-03,4,2,2008-2009,Saldanha,Joinville,0,0.36100000000000004,0.10900000000000001,0.19533333333333333,0.05666666666666667,0.14433333333333334,0.051000000000000004,0.09333333333333334,0.054333333333333345,0.08866666666666667,0.6813333333333332,0.03633333333333333,0.10700000000000001,33.664,0.09766666666666667,0.19433333333333333,51.54,0.05666666666666667,0.097,58.82533333333334,0.01633333333333333,0.05100000000000002,0.5920000000000001,0.008,0.11100000000000002,0.07533333333333334,0.08866666666666667,0.0,0.3223333333333333,0.40866666666666673,0.13599999999999998,0.198,0.07466666666666666,0.18033333333333337,0.04766666666666668,0.13266666666666665,0.07966666666666665,0.073,1.1766666666666665,0.045333333333333344,0.12866666666666668,35.59733333333334,0.099,0.18233333333333332,54.01266666666667,0.07466666666666666,0.11199999999999997,66.97333333333333,0.009333333333333334,0.045000000000000005,0.692,0.01466666666666667,0.098,0.16599999999999995,0.073,0.0,0.45133333333333336
110,89,2009-04-05,9,1,2008-2009,Minas,Joinville,1,0.4393333333333334,0.11800000000000001,0.24000000000000005,0.08133333333333331,0.17766666666666672,0.052666666666666674,0.125,0.084,0.07600000000000001,1.1620000000000001,0.03933333333333334,0.10499999999999998,37.63999999999999,0.12000000000000002,0.2113333333333333,57.14399999999999,0.08133333333333331,0.11433333333333333,71.62799999999999,0.006666666666666667,0.036000000000000004,0.48333333333333334,0.017,0.095,0.19066666666666665,0.07600000000000001,0.0,0.48799999999999993,0.4003333333333333,0.12599999999999997,0.198,0.07633333333333334,0.1796666666666667,0.047333333333333345,0.13233333333333336,0.07600000000000001,0.07066666666666667,1.160666666666667,0.04200000000000001,0.12766666666666668,33.431333333333335,0.099,0.18399999999999997,53.45933333333333,0.07633333333333334,0.11599999999999998,66.14466666666665,0.010333333333333335,0.04933333333333334,0.7699999999999999,0.014666666666666668,0.097,0.16666666666666663,0.07066666666666667,0.0,0.43900000000000006
75,85,2009-04-08,5,2,2008-2009,Saldanha,Brasília,0,0.36033333333333334,0.11000000000000001,0.19133333333333338,0.059000000000000004,0.147,0.05,0.097,0.05633333333333334,0.09000000000000001,0.6946666666666665,0.03666666666666666,0.10933333333333334,33.528,0.09566666666666669,0.19133333333333333,51.169333333333334,0.059000000000000004,0.10233333333333333,57.784,0.016,0.05100000000000002,0.5866666666666667,0.008666666666666666,0.11366666666666667,0.08000000000000002,0.09000000000000001,0.0,0.32166666666666666,0.44566666666666666,0.11000000000000003,0.22533333333333336,0.11033333333333334,0.16799999999999998,0.03766666666666667,0.13033333333333333,0.07633333333333334,0.078,1.0413333333333332,0.03666666666666666,0.10433333333333335,35.281333333333336,0.11266666666666668,0.1873333333333334,60.65466666666667,0.11033333333333334,0.14366666666666664,77.38133333333332,0.011000000000000003,0.036333333333333336,0.49066666666666664,0.022000000000000006,0.11566666666666668,0.20333333333333328,0.078,0.0,0.49466666666666664
91,80,2009-04-08,5,2,2008-2009,Limeira,Araraquara,1,0.43333333333333335,0.132,0.20666666666666664,0.09466666666666666,0.15099999999999997,0.03866666666666667,0.11233333333333334,0.08433333333333333,0.06699999999999999,1.3453333333333333,0.044000000000000004,0.11766666666666664,37.321333333333335,0.10333333333333332,0.19233333333333336,53.87666666666666,0.09466666666666666,0.12733333333333335,74.10866666666666,0.011666666666666667,0.045000000000000005,0.6666666666666666,0.023000000000000007,0.10466666666666669,0.2326666666666667,0.06699999999999999,0.0,0.4743333333333332,0.3943333333333333,0.13399999999999998,0.186,0.07433333333333335,0.15033333333333335,0.036333333333333336,0.11400000000000003,0.08600000000000001,0.08100000000000002,1.1506666666666667,0.04466666666666667,0.12633333333333333,35.44466666666667,0.093,0.1696666666666667,54.93999999999999,0.07433333333333335,0.10466666666666667,69.76666666666667,0.010000000000000002,0.039,0.49600000000000016,0.022666666666666672,0.10766666666666667,0.23333333333333334,0.08100000000000002,0.0,0.42266666666666663
78,73,2009-04-08,5,2,2008-2009,Coop/São José Basketball,Sesi Franca,1,0.3886666666666666,0.132,0.186,0.07066666666666668,0.14,0.04566666666666667,0.09433333333333332,0.06600000000000002,0.067,1.0593333333333332,0.04400000000000001,0.12699999999999997,34.852,0.093,0.19066666666666668,49.30266666666667,0.07066666666666668,0.10266666666666668,69.438,0.002,0.03600000000000001,0.5646666666666668,0.011000000000000003,0.11366666666666667,0.10733333333333335,0.067,0.0,0.362,0.43166666666666664,0.10400000000000001,0.2406666666666667,0.087,0.16,0.05000000000000001,0.11000000000000003,0.08800000000000001,0.06333333333333334,1.4593333333333334,0.03466666666666667,0.10266666666666666,35.38733333333334,0.12033333333333335,0.23166666666666666,52.440666666666665,0.087,0.11533333333333334,74.87000000000002,0.006,0.048666666666666664,0.8019999999999999,0.011333333333333336,0.114,0.10666666666666669,0.06333333333333334,0.0,0.4686666666666666
78,84,2009-04-08,5,2,2008-2009,Bauru Basket,Minas,0,0.41000000000000003,0.132,0.1973333333333333,0.08066666666666666,0.14433333333333334,0.044333333333333336,0.1,0.06933333333333332,0.057,1.4166666666666665,0.04400000000000001,0.11666666666666668,37.52066666666667,0.09866666666666665,0.18166666666666667,54.70600000000001,0.08066666666666666,0.10633333333333334,77.28333333333333,0.006666666666666667,0.03200000000000001,0.6246666666666667,0.011333333333333332,0.09133333333333334,0.12533333333333332,0.057,0.0,0.4286666666666667,0.44900000000000007,0.121,0.24466666666666664,0.08333333333333333,0.17800000000000002,0.054333333333333345,0.12366666666666666,0.08433333333333334,0.07733333333333332,1.1393333333333335,0.04033333333333334,0.10666666666666666,37.946000000000005,0.12233333333333332,0.20900000000000002,58.87533333333332,0.08333333333333333,0.11666666666666667,72.09933333333332,0.007,0.037000000000000005,0.48933333333333334,0.018666666666666668,0.093,0.20933333333333332,0.07733333333333332,0.0,0.5033333333333333
88,106,2009-04-08,5,2,2008-2009,Assis,Flamengo,0,0.3883333333333334,0.12400000000000001,0.16533333333333333,0.09900000000000002,0.14033333333333334,0.03966666666666667,0.10066666666666667,0.060999999999999985,0.06433333333333333,1.1026666666666667,0.04133333333333333,0.11300000000000002,37.02,0.08266666666666667,0.158,52.38733333333332,0.09900000000000002,0.13733333333333336,73.30733333333335,0.005333333333333333,0.033666666666666664,0.5646666666666668,0.014666666666666668,0.10433333333333335,0.14400000000000002,0.06433333333333333,0.0,0.3883333333333333,0.4726666666666667,0.148,0.23200000000000004,0.09266666666666667,0.1663333333333333,0.046,0.12033333333333333,0.09033333333333332,0.07033333333333333,1.412,0.04933333333333335,0.12366666666666665,40.50533333333333,0.11600000000000002,0.19633333333333333,58.73133333333333,0.09266666666666667,0.12066666666666669,77.50466666666667,0.009666666666666667,0.04600000000000001,0.7026666666666667,0.008,0.09799999999999999,0.07733333333333332,0.07033333333333333,0.0,0.5303333333333334
66,71,2009-04-09,5,2,2008-2009,Paulistano,Joinville,0,0.383,0.10499999999999998,0.20333333333333334,0.07466666666666667,0.15300000000000002,0.05300000000000001,0.10000000000000003,0.06933333333333333,0.08266666666666667,0.9299999999999999,0.03500000000000001,0.10666666666666667,33.199999999999996,0.10166666666666667,0.19166666666666662,52.784,0.07466666666666667,0.10600000000000001,70.20266666666667,0.004333333333333332,0.04166666666666667,0.5366666666666667,0.014333333333333332,0.11266666666666666,0.12999999999999998,0.08266666666666667,0.0,0.3856666666666666,0.40399999999999997,0.129,0.198,0.077,0.17633333333333337,0.04966666666666667,0.12666666666666668,0.07533333333333332,0.06933333333333333,1.1686666666666667,0.043000000000000003,0.12933333333333336,33.67066666666666,0.099,0.18499999999999997,53.16066666666667,0.077,0.11766666666666666,65.50933333333333,0.010000000000000002,0.049,0.7720000000000001,0.01566666666666667,0.09766666666666667,0.17799999999999996,0.06933333333333333,0.0,0.438
96,79,2009-04-09,5,2,2008-2009,Pinheiros,Lajeado,1,0.4276666666666667,0.14400000000000002,0.19333333333333333,0.09033333333333333,0.14933333333333335,0.04566666666666667,0.10366666666666664,0.07333333333333332,0.060666666666666674,1.236,0.048000000000000015,0.12299999999999998,39.73533333333333,0.09666666666666666,0.17666666666666667,55.330000000000005,0.09033333333333333,0.12666666666666665,71.69533333333334,0.012666666666666666,0.036000000000000004,0.6166666666666667,0.008,0.089,0.09333333333333334,0.060666666666666674,0.0,0.4423333333333333,0.37,0.09,0.20199999999999999,0.07799999999999999,0.13633333333333336,0.046666666666666676,0.08966666666666666,0.05100000000000002,0.07033333333333333,0.7313333333333333,0.030000000000000002,0.09733333333333333,30.013333333333335,0.10099999999999999,0.19866666666666666,51.682,0.07799999999999999,0.112,69.696,0.001,0.042333333333333334,0.6526666666666666,0.005000000000000001,0.11066666666666668,0.04866666666666668,0.07033333333333333,0.0,0.33533333333333337
76,80,2009-04-10,6,2,2008-2009,Espírito Santo,Brasília,0,0.37900000000000006,0.102,0.19266666666666665,0.08433333333333333,0.13633333333333333,0.03833333333333334,0.098,0.058666666666666666,0.062333333333333345,1.0286666666666666,0.033999999999999996,0.105,32.846666666666664,0.09633333333333333,0.18133333333333335,53.80866666666667,0.08433333333333333,0.129,67.14066666666666,0.0036666666666666666,0.03600000000000001,0.592,0.007666666666666667,0.11333333333333334,0.07,0.062333333333333345,0.0,0.3546666666666667,0.45199999999999996,0.11200000000000003,0.22466666666666668,0.11533333333333333,0.16266666666666665,0.035666666666666666,0.12700000000000003,0.07766666666666669,0.07400000000000001,1.1113333333333335,0.037333333333333336,0.10433333333333333,36.065333333333335,0.11233333333333334,0.18700000000000003,60.586666666666666,0.11533333333333333,0.15066666666666664,75.78133333333334,0.011000000000000001,0.03766666666666667,0.5426666666666667,0.022333333333333334,0.11566666666666665,0.20733333333333331,0.07400000000000001,0.0,0.5013333333333333
83,62,2009-04-10,6,2,2008-2009,Limeira,Sesi Franca,1,0.43733333333333335,0.13399999999999998,0.21133333333333332,0.092,0.14833333333333334,0.035666666666666666,0.11266666666666668,0.08533333333333333,0.068,1.3373333333333333,0.044666666666666674,0.11599999999999998,38.30800000000001,0.10566666666666666,0.19133333333333333,55.41533333333333,0.092,0.12566666666666665,72.61733333333333,0.014333333333333335,0.04700000000000001,0.6873333333333334,0.02166666666666667,0.10200000000000002,0.228,0.068,0.0,0.4809999999999999,0.4293333333333333,0.10500000000000001,0.2366666666666667,0.08766666666666666,0.15733333333333335,0.05000000000000002,0.10733333333333336,0.08666666666666667,0.06533333333333333,1.4093333333333333,0.03500000000000001,0.10099999999999999,36.187333333333335,0.11833333333333335,0.229,52.11866666666666,0.08766666666666666,0.11666666666666667,74.63666666666668,0.006,0.04833333333333333,0.7833333333333333,0.011333333333333336,0.11833333333333333,0.1046666666666667,0.06533333333333333,0.0,0.46199999999999997
74,79,2009-04-10,6,2,2008-2009,Assis,Minas,0,0.3916666666666667,0.123,0.16999999999999998,0.0986666666666667,0.13966666666666666,0.03900000000000001,0.10066666666666667,0.06066666666666666,0.06533333333333334,1.0533333333333335,0.041,0.1116666666666667,37.09,0.08499999999999999,0.15866666666666668,53.48733333333333,0.0986666666666667,0.1366666666666667,73.396,0.006,0.03333333333333333,0.5406666666666666,0.014666666666666666,0.10466666666666666,0.14333333333333337,0.06533333333333334,0.0,0.39233333333333326,0.4486666666666667,0.125,0.23933333333333334,0.08433333333333333,0.1776666666666667,0.053000000000000005,0.12466666666666666,0.08299999999999999,0.07733333333333332,1.122666666666667,0.04166666666666667,0.10466666666666666,39.93866666666666,0.11966666666666667,0.20433333333333334,58.97799999999999,0.08433333333333333,0.11766666666666666,72.27333333333331,0.006333333333333333,0.037000000000000005,0.48933333333333334,0.018333333333333333,0.09366666666666665,0.2053333333333333,0.07733333333333332,0.0,0.5063333333333333
91,98,2009-04-10,6,2,2008-2009,Bauru Basket,Flamengo,0,0.4066666666666666,0.13099999999999998,0.19666666666666668,0.07899999999999999,0.14366666666666666,0.046000000000000006,0.09766666666666667,0.07033333333333333,0.05533333333333334,1.5779999999999996,0.04366666666666667,0.11900000000000001,36.327999999999996,0.09833333333333334,0.18166666666666667,54.55066666666667,0.07899999999999999,0.10733333333333334,75.05133333333333,0.007000000000000001,0.03400000000000001,0.7706666666666666,0.010000000000000002,0.09,0.11333333333333334,0.05533333333333334,0.0,0.42233333333333334,0.4740000000000001,0.14999999999999997,0.22933333333333336,0.09466666666666668,0.16466666666666666,0.044666666666666674,0.11999999999999998,0.09066666666666667,0.07200000000000001,1.3666666666666667,0.05000000000000002,0.12233333333333332,41.443333333333335,0.11466666666666668,0.19499999999999998,58.48266666666666,0.09466666666666668,0.12100000000000002,79.13533333333332,0.009666666666666665,0.04600000000000001,0.6866666666666666,0.008,0.09866666666666667,0.07666666666666666,0.07200000000000001,0.0,0.5323333333333333
76,73,2009-04-11,6,2,2008-2009,Coop/São José Basketball,Araraquara,1,0.3906666666666666,0.129,0.18800000000000003,0.07366666666666669,0.14333333333333337,0.04633333333333334,0.09699999999999998,0.06533333333333334,0.066,1.0593333333333335,0.04300000000000001,0.12366666666666666,34.852,0.09400000000000001,0.19033333333333335,49.96933333333333,0.07366666666666669,0.107,69.72399999999999,0.002,0.03433333333333334,0.5473333333333333,0.010333333333333333,0.11400000000000002,0.10133333333333336,0.066,0.0,0.3676666666666667,0.39299999999999996,0.13399999999999998,0.182,0.077,0.14766666666666667,0.036000000000000004,0.11166666666666668,0.08600000000000001,0.08433333333333336,1.0939999999999999,0.044666666666666674,0.12166666666666667,36.49733333333334,0.091,0.169,53.94799999999999,0.077,0.10633333333333334,71.76066666666667,0.01,0.039,0.4826666666666667,0.022000000000000006,0.10766666666666667,0.22666666666666668,0.08433333333333336,0.0,0.419
66,61,2009-04-11,6,2,2008-2009,Paulistano,Lajeado,1,0.38066666666666665,0.09999999999999999,0.20533333333333334,0.07533333333333334,0.15233333333333335,0.05133333333333335,0.10100000000000002,0.069,0.084,0.9173333333333334,0.03333333333333333,0.10633333333333335,31.75733333333333,0.10266666666666667,0.19399999999999998,52.778,0.07533333333333334,0.10766666666666666,69.74266666666668,0.004,0.04200000000000001,0.534,0.014333333333333333,0.11333333333333334,0.12999999999999998,0.084,0.0,0.37766666666666665,0.3776666666666666,0.091,0.2086666666666667,0.07799999999999999,0.13666666666666666,0.044000000000000004,0.09266666666666667,0.055333333333333345,0.06933333333333333,0.8059999999999999,0.030333333333333337,0.09600000000000002,30.80666666666667,0.10433333333333335,0.2006666666666667,52.669999999999995,0.07799999999999999,0.113,69.02933333333334,0.0006666666666666666,0.04033333333333334,0.632,0.005333333333333334,0.113,0.05266666666666668,0.06933333333333333,0.0,0.34900000000000003
94,92,2009-04-11,6,2,2008-2009,Pinheiros,Joinville,1,0.4323333333333333,0.14600000000000002,0.19799999999999998,0.08833333333333333,0.15000000000000002,0.044333333333333336,0.10566666666666664,0.075,0.06066666666666667,1.2666666666666666,0.04866666666666668,0.12399999999999999,39.919999999999995,0.09899999999999999,0.17933333333333332,55.67733333333334,0.08833333333333333,0.12300000000000001,72.25066666666666,0.013666666666666666,0.037000000000000005,0.6353333333333334,0.009666666666666667,0.08866666666666669,0.11200000000000002,0.06066666666666667,0.0,0.453,0.4043333333333333,0.12699999999999997,0.198,0.07933333333333333,0.17333333333333337,0.05133333333333334,0.12200000000000003,0.07533333333333332,0.07033333333333334,1.1573333333333333,0.042333333333333334,0.13033333333333333,33.010666666666665,0.099,0.18433333333333332,53.38199999999999,0.07933333333333333,0.12266666666666666,64.39466666666667,0.010333333333333335,0.05000000000000001,0.778,0.01566666666666667,0.0976666666666667,0.17799999999999996,0.07033333333333334,0.0,0.43166666666666664
90,100,2009-04-14,7,2,2008-2009,Joinville,Flamengo,0,0.40399999999999997,0.13900000000000004,0.18666666666666665,0.07833333333333334,0.16800000000000004,0.05133333333333334,0.11666666666666668,0.07566666666666667,0.07,1.168,0.04633333333333334,0.13733333333333334,33.721333333333334,0.09333333333333332,0.17799999999999994,52.04,0.07833333333333334,0.12100000000000001,64.57133333333333,0.009666666666666667,0.04666666666666666,0.7373333333333335,0.015000000000000005,0.10066666666666667,0.15933333333333335,0.07,0.0,0.42100000000000004,0.47666666666666674,0.15,0.23133333333333334,0.09533333333333334,0.16266666666666665,0.04433333333333334,0.11833333333333335,0.09400000000000001,0.06799999999999999,1.4786666666666666,0.05000000000000002,0.12433333333333335,40.674,0.11566666666666667,0.19233333333333333,59.967333333333336,0.09533333333333334,0.11966666666666669,81.14666666666666,0.010333333333333333,0.04500000000000001,0.6893333333333332,0.009000000000000001,0.10166666666666666,0.08466666666666667,0.06799999999999999,0.0,0.544
64,86,2009-04-15,7,2,2008-2009,Espírito Santo,Pinheiros,0,0.38266666666666665,0.10899999999999999,0.19066666666666665,0.08299999999999999,0.133,0.036,0.097,0.062333333333333324,0.06066666666666667,1.14,0.036333333333333336,0.10733333333333331,34.132,0.09533333333333333,0.18000000000000002,53.623333333333335,0.08299999999999999,0.12566666666666665,67.474,0.004333333333333333,0.03433333333333334,0.5953333333333333,0.007666666666666667,0.11200000000000003,0.07,0.06066666666666667,0.0,0.36099999999999993,0.43799999999999994,0.147,0.19866666666666663,0.09233333333333335,0.15533333333333338,0.04566666666666667,0.10966666666666666,0.07666666666666665,0.06166666666666668,1.2653333333333334,0.049000000000000016,0.125,39.88,0.09933333333333332,0.18100000000000002,55.32066666666667,0.09233333333333335,0.12633333333333335,73.38866666666668,0.014000000000000002,0.04000000000000001,0.6806666666666668,0.009666666666666667,0.08900000000000002,0.11200000000000002,0.06166666666666668,0.0,0.46633333333333327
94,72,2009-04-15,7,2,2008-2009,Brasília,Coop/São José Basketball,1,0.444,0.11400000000000003,0.22,0.10999999999999997,0.16533333333333333,0.037333333333333336,0.128,0.07766666666666669,0.07633333333333334,1.0446666666666669,0.038000000000000006,0.10666666666666667,36.138,0.11,0.1836666666666667,60.53866666666667,0.10999999999999997,0.14533333333333334,74.89266666666666,0.012333333333333333,0.03933333333333334,0.5413333333333333,0.021000000000000005,0.11333333333333331,0.2,0.07633333333333334,0.0,0.49333333333333335,0.38666666666666666,0.12200000000000003,0.18933333333333333,0.07533333333333335,0.147,0.049666666666666665,0.09733333333333331,0.06333333333333334,0.06833333333333333,1.0093333333333332,0.04066666666666668,0.12233333333333332,33.12866666666667,0.09466666666666666,0.19,50.384,0.07533333333333335,0.11000000000000001,69.21533333333333,0.0033333333333333335,0.03600000000000001,0.5526666666666666,0.010333333333333333,0.11633333333333334,0.10133333333333336,0.06833333333333333,0.0,0.36333333333333334
64,70,2009-04-15,7,2,2008-2009,Araraquara,Bauru Basket,0,0.3906666666666666,0.13300000000000003,0.184,0.07366666666666669,0.143,0.03533333333333334,0.10766666666666667,0.08433333333333333,0.08600000000000002,1.0606666666666664,0.044333333333333336,0.12200000000000001,36.13533333333333,0.092,0.16933333333333336,54.45333333333333,0.07366666666666669,0.10133333333333333,72.43266666666668,0.011,0.03966666666666667,0.47933333333333333,0.020333333333333335,0.11033333333333335,0.20600000000000002,0.08600000000000002,0.0,0.4093333333333333,0.4076666666666667,0.13499999999999998,0.19466666666666665,0.078,0.14466666666666667,0.047,0.09766666666666667,0.07033333333333333,0.054666666666666676,1.6159999999999997,0.045000000000000005,0.12166666666666667,36.328,0.09733333333333333,0.17833333333333334,54.918000000000006,0.078,0.10633333333333334,74.734,0.007000000000000001,0.033,0.7546666666666667,0.009000000000000001,0.09200000000000001,0.09933333333333332,0.054666666666666676,0.0,0.42400000000000004
76,68,2009-04-15,7,2,2008-2009,Sesi Franca,Assis,1,0.43066666666666664,0.10600000000000002,0.2346666666666667,0.09000000000000002,0.15366666666666667,0.049000000000000016,0.10466666666666669,0.08633333333333335,0.06633333333333333,1.3926666666666667,0.035333333333333335,0.101,36.465333333333334,0.11733333333333335,0.224,52.551333333333325,0.09000000000000002,0.11933333333333333,75.10066666666667,0.005333333333333333,0.044000000000000004,0.7046666666666667,0.010666666666666668,0.12200000000000003,0.09133333333333336,0.06633333333333333,0.0,0.45733333333333337,0.3936666666666667,0.12100000000000001,0.176,0.09666666666666666,0.14033333333333334,0.03866666666666667,0.10166666666666667,0.06066666666666666,0.064,1.1053333333333333,0.04033333333333334,0.11266666666666668,36.12933333333333,0.088,0.16233333333333336,54.127333333333326,0.09666666666666666,0.13166666666666665,74.51733333333333,0.006333333333333333,0.03333333333333334,0.5646666666666665,0.014666666666666665,0.10466666666666667,0.14333333333333334,0.064,0.0,0.39699999999999996
70,84,2009-04-15,7,2,2008-2009,Lajeado,Minas,0,0.3723333333333333,0.092,0.19933333333333333,0.08099999999999999,0.13866666666666666,0.04233333333333334,0.09633333333333335,0.054000000000000006,0.06899999999999999,0.7926666666666667,0.030666666666666672,0.09833333333333334,30.473333333333336,0.09966666666666667,0.19566666666666668,51.60666666666667,0.08099999999999999,0.11366666666666667,70.84266666666667,0.0006666666666666666,0.039,0.6186666666666666,0.006000000000000001,0.11333333333333334,0.05866666666666668,0.06899999999999999,0.0,0.3446666666666667,0.4466666666666666,0.12000000000000001,0.24266666666666664,0.084,0.1753333333333333,0.05133333333333334,0.12400000000000001,0.07966666666666665,0.07833333333333334,1.0620000000000003,0.04000000000000001,0.102,39.23266666666667,0.12133333333333332,0.20366666666666663,60.01333333333332,0.084,0.11533333333333333,73.35999999999999,0.007,0.035666666666666666,0.46733333333333327,0.01966666666666667,0.09166666666666665,0.2213333333333333,0.07833333333333334,0.0,0.5029999999999999
88,96,2009-04-15,7,2,2008-2009,Saldanha,Paulistano,0,0.35866666666666663,0.11400000000000002,0.186,0.05866666666666666,0.14666666666666667,0.051000000000000004,0.09566666666666666,0.05733333333333334,0.09133333333333334,0.698,0.038000000000000006,0.11233333333333334,33.82666666666667,0.093,0.18933333333333335,50.275999999999996,0.05866666666666666,0.10166666666666667,57.83466666666667,0.015000000000000001,0.04966666666666667,0.5653333333333334,0.008666666666666666,0.11266666666666669,0.08066666666666668,0.09133333333333334,0.0,0.316,0.3786666666666667,0.09699999999999999,0.20266666666666666,0.079,0.15633333333333335,0.05100000000000002,0.10533333333333333,0.06766666666666668,0.08266666666666665,0.9173333333333334,0.03233333333333334,0.10700000000000003,30.721999999999998,0.10133333333333333,0.19566666666666663,51.518,0.079,0.11266666666666666,70.02,0.0036666666666666666,0.04233333333333334,0.5519999999999999,0.014999999999999998,0.11433333333333333,0.13466666666666666,0.08266666666666665,0.0,0.37466666666666665
85,75,2009-04-17,8,2,2008-2009,Espírito Santo,Paulistano,1,0.37300000000000005,0.10400000000000002,0.19133333333333333,0.07766666666666668,0.133,0.03633333333333333,0.09666666666666666,0.06566666666666666,0.05966666666666667,1.2173333333333332,0.03466666666666666,0.10699999999999998,32.64,0.09566666666666666,0.1836666666666667,52.44066666666666,0.07766666666666668,0.11799999999999998,66.79666666666667,0.005,0.035333333333333335,0.626,0.007333333333333333,0.109,0.068,0.05966666666666667,0.0,0.354,0.39466666666666667,0.10499999999999998,0.20533333333333334,0.08433333333333334,0.1606666666666667,0.05433333333333335,0.10633333333333335,0.07,0.083,0.9366666666666668,0.035,0.11333333333333334,31.423999999999996,0.10266666666666667,0.19766666666666666,51.814,0.08433333333333334,0.12066666666666666,69.68666666666668,0.004,0.04333333333333334,0.5593333333333333,0.015000000000000001,0.117,0.132,0.083,0.0,0.391
116,88,2009-04-17,8,2,2008-2009,Brasília,Limeira,1,0.44099999999999995,0.11200000000000003,0.22000000000000006,0.109,0.16133333333333333,0.036000000000000004,0.12533333333333335,0.08033333333333335,0.07533333333333334,1.1033333333333333,0.037333333333333336,0.10766666666666667,35.26466666666667,0.11000000000000003,0.18133333333333332,61.17399999999999,0.109,0.14433333333333334,74.73333333333333,0.01233333333333333,0.03966666666666667,0.5566666666666668,0.021333333333333336,0.11033333333333332,0.21066666666666667,0.07533333333333334,0.0,0.4913333333333333,0.42900000000000005,0.13,0.20933333333333337,0.08966666666666669,0.14866666666666667,0.034666666666666665,0.114,0.084,0.06933333333333333,1.2913333333333334,0.04333333333333335,0.11366666666666667,38.18466666666667,0.10466666666666669,0.19200000000000003,54.59399999999999,0.08966666666666669,0.12233333333333332,72.88400000000001,0.014666666666666668,0.047000000000000014,0.678,0.022000000000000006,0.10066666666666668,0.234,0.06933333333333333,0.0,0.4709999999999999
83,80,2009-04-17,8,2,2008-2009,Sesi Franca,Bauru Basket,1,0.424,0.107,0.22933333333333333,0.08766666666666668,0.15333333333333332,0.04833333333333334,0.10500000000000001,0.08133333333333333,0.068,1.2793333333333332,0.035666666666666666,0.10066666666666665,37.010000000000005,0.11466666666666667,0.22233333333333333,51.74133333333332,0.08766666666666668,0.11733333333333332,74.64200000000001,0.005333333333333333,0.04233333333333334,0.6613333333333334,0.012000000000000002,0.12399999999999999,0.09933333333333336,0.068,0.0,0.44266666666666665,0.412,0.13899999999999998,0.194,0.079,0.14466666666666667,0.04766666666666666,0.09700000000000002,0.072,0.05433333333333334,1.637333333333333,0.04633333333333334,0.12200000000000003,37.482000000000006,0.097,0.17700000000000002,55.03666666666667,0.079,0.10933333333333334,72.73399999999998,0.006666666666666667,0.034666666666666665,0.776,0.009000000000000001,0.09333333333333334,0.09933333333333332,0.05433333333333334,0.0,0.4320000000000001
72,59,2009-04-17,8,2,2008-2009,Araraquara,Assis,1,0.3819999999999999,0.13,0.17733333333333334,0.07466666666666669,0.14033333333333337,0.03566666666666667,0.10466666666666667,0.082,0.08800000000000002,0.9939999999999999,0.04333333333333334,0.12100000000000002,35.580000000000005,0.08866666666666667,0.165,53.94866666666666,0.07466666666666669,0.10333333333333332,71.74066666666667,0.011333333333333336,0.03833333333333334,0.446,0.019333333333333338,0.11000000000000001,0.19733333333333336,0.08800000000000002,0.0,0.39133333333333326,0.38733333333333325,0.11499999999999999,0.17666666666666667,0.09566666666666666,0.1396666666666667,0.03966666666666666,0.1,0.05899999999999998,0.067,0.9833333333333333,0.03833333333333334,0.10900000000000001,35.90733333333333,0.08833333333333333,0.16766666666666669,52.821333333333335,0.09566666666666666,0.13199999999999998,73.27933333333334,0.006333333333333333,0.03500000000000001,0.5740000000000001,0.015333333333333334,0.10733333333333332,0.146,0.067,0.0,0.383
73,90,2009-04-17,8,2,2008-2009,Lajeado,Flamengo,0,0.3676666666666667,0.08999999999999998,0.20133333333333336,0.07633333333333334,0.134,0.04033333333333333,0.09366666666666665,0.05600000000000001,0.06866666666666665,0.8466666666666666,0.030000000000000006,0.097,30.223333333333333,0.10066666666666668,0.19833333333333333,51.336,0.07633333333333334,0.10733333333333334,70.482,0.0006666666666666666,0.038666666666666676,0.6146666666666667,0.005666666666666666,0.10866666666666669,0.05866666666666667,0.06866666666666665,0.0,0.33766666666666667,0.47633333333333344,0.15300000000000002,0.23066666666666663,0.09266666666666666,0.16766666666666669,0.043666666666666666,0.12400000000000001,0.091,0.06966666666666668,1.3993333333333333,0.051,0.12633333333333335,40.608666666666664,0.11533333333333332,0.18966666666666668,60.681333333333335,0.09266666666666666,0.11866666666666668,79.91,0.009666666666666667,0.04400000000000002,0.6633333333333333,0.009333333333333332,0.09966666666666667,0.09000000000000001,0.06966666666666668,0.0,0.543
74,91,2009-04-17,8,2,2008-2009,Saldanha,Pinheiros,0,0.37133333333333335,0.119,0.18866666666666668,0.06366666666666666,0.14966666666666667,0.052,0.09766666666666667,0.06266666666666668,0.08966666666666666,0.7666666666666667,0.03966666666666667,0.116,34.33133333333333,0.09433333333333334,0.18666666666666665,51.40533333333333,0.06366666666666666,0.11066666666666668,57.91133333333334,0.016333333333333335,0.05133333333333334,0.5993333333333335,0.008333333333333333,0.11800000000000004,0.07266666666666667,0.08966666666666666,0.0,0.338,0.43833333333333324,0.13899999999999998,0.20933333333333332,0.09000000000000001,0.15766666666666668,0.04533333333333334,0.11233333333333334,0.08199999999999999,0.06200000000000002,1.3606666666666667,0.04633333333333334,0.121,38.868,0.10466666666666666,0.18633333333333335,56.59066666666667,0.09000000000000001,0.12100000000000001,74.28200000000001,0.015000000000000003,0.03966666666666667,0.6706666666666666,0.009333333333333334,0.08700000000000001,0.10933333333333334,0.06200000000000002,0.0,0.47766666666666674
75,64,2009-04-17,8,2,2008-2009,Joinville,Minas,1,0.41166666666666674,0.142,0.18933333333333333,0.08033333333333333,0.16833333333333336,0.051333333333333335,0.11700000000000002,0.07533333333333334,0.06966666666666668,1.1746666666666667,0.04733333333333334,0.14033333333333334,33.78333333333333,0.09466666666666666,0.18066666666666661,52.13866666666666,0.08033333333333333,0.12133333333333335,65.91066666666666,0.009666666666666667,0.04500000000000001,0.7053333333333335,0.01566666666666667,0.10233333333333335,0.16333333333333336,0.06966666666666668,0.0,0.42633333333333334,0.44500000000000006,0.11900000000000001,0.242,0.084,0.173,0.048666666666666664,0.12433333333333332,0.07766666666666668,0.07566666666666669,1.0813333333333335,0.03966666666666666,0.10233333333333335,38.884,0.121,0.20166666666666663,60.519333333333314,0.084,0.116,72.73266666666665,0.007,0.035666666666666666,0.48533333333333323,0.01933333333333333,0.09033333333333333,0.21933333333333335,0.07566666666666669,0.0,0.49966666666666654
63,75,2009-04-21,9,2,2008-2009,Assis,Limeira,0,0.37900000000000006,0.11099999999999999,0.17333333333333334,0.09466666666666666,0.14,0.039,0.101,0.059666666666666666,0.06933333333333333,0.9753333333333334,0.037000000000000005,0.10933333333333334,34.510666666666665,0.08666666666666667,0.16466666666666668,52.59733333333334,0.09466666666666666,0.13133333333333336,72.97266666666668,0.006666666666666667,0.03400000000000001,0.5426666666666666,0.01566666666666667,0.10866666666666666,0.148,0.06933333333333333,0.0,0.37200000000000005,0.43000000000000005,0.12699999999999997,0.21000000000000002,0.093,0.14666666666666667,0.036333333333333336,0.11033333333333334,0.08166666666666665,0.07,1.2393333333333334,0.04233333333333334,0.114,37.273333333333326,0.10500000000000001,0.19033333333333333,55.154,0.093,0.12533333333333332,73.74466666666667,0.014000000000000002,0.04333333333333335,0.6053333333333334,0.021333333333333336,0.10133333333333334,0.2273333333333333,0.07,0.0,0.4636666666666666
86,58,2009-04-21,9,2,2008-2009,Bauru Basket,Coop/São José Basketball,1,0.41466666666666663,0.14200000000000002,0.194,0.07866666666666668,0.14133333333333334,0.04533333333333334,0.09600000000000002,0.07266666666666666,0.05466666666666667,1.6419999999999997,0.04733333333333333,0.121,38.59333333333334,0.097,0.17700000000000002,55.03666666666667,0.07866666666666668,0.10733333333333334,74.00266666666667,0.007000000000000001,0.03266666666666667,0.7326666666666666,0.008333333333333333,0.09500000000000001,0.08800000000000002,0.05466666666666667,0.0,0.4326666666666667,0.3826666666666666,0.12000000000000001,0.18800000000000003,0.07466666666666667,0.14933333333333332,0.050666666666666665,0.09866666666666665,0.06366666666666668,0.06966666666666667,0.9966666666666666,0.040000000000000015,0.12266666666666667,32.382666666666665,0.09400000000000001,0.19066666666666668,49.908,0.07466666666666667,0.10933333333333334,69.01466666666667,0.0036666666666666666,0.036666666666666674,0.5559999999999999,0.010333333333333335,0.11733333333333335,0.1006666666666667,0.06966666666666667,0.0,0.359
99,49,2009-04-22,9,2,2008-2009,Flamengo,Saldanha,1,0.47133333333333344,0.154,0.22266666666666665,0.09466666666666666,0.164,0.04266666666666667,0.12133333333333335,0.08933333333333333,0.06933333333333333,1.3820000000000001,0.051333333333333335,0.12833333333333335,40.178666666666665,0.11133333333333333,0.18233333333333335,61.13,0.09466666666666666,0.12166666666666669,79.41333333333333,0.009666666666666667,0.04300000000000001,0.6519999999999998,0.008333333333333333,0.10033333333333334,0.07800000000000001,0.06933333333333333,0.0,0.5316666666666666,0.372,0.117,0.19200000000000006,0.06299999999999999,0.15,0.04933333333333333,0.10066666666666668,0.064,0.091,0.7699999999999999,0.03900000000000001,0.11800000000000001,33.138000000000005,0.09600000000000003,0.18233333333333335,53.01533333333334,0.06299999999999999,0.10633333333333334,60.324,0.018666666666666668,0.05200000000000001,0.5980000000000001,0.009333333333333332,0.115,0.08333333333333333,0.091,0.0,0.3476666666666667
76,78,2009-04-22,9,2,2008-2009,Pinheiros,Brasília,0,0.4446666666666667,0.13899999999999998,0.2153333333333333,0.09033333333333333,0.15766666666666668,0.045000000000000005,0.11266666666666668,0.08166666666666664,0.06400000000000002,1.3313333333333333,0.04633333333333333,0.11866666666666668,39.43266666666667,0.10766666666666665,0.1876666666666667,57.79466666666667,0.09033333333333333,0.12033333333333336,75.21066666666665,0.016333333333333335,0.039333333333333324,0.6493333333333333,0.009333333333333334,0.08566666666666668,0.11133333333333333,0.06400000000000002,0.0,0.48633333333333345,0.45,0.11400000000000003,0.22533333333333333,0.11066666666666668,0.15733333333333333,0.035666666666666666,0.12166666666666666,0.07933333333333334,0.07400000000000001,1.1133333333333333,0.03800000000000001,0.10866666666666665,35.50599999999999,0.11266666666666666,0.1833333333333333,61.85733333333332,0.11066666666666668,0.14600000000000002,74.94266666666665,0.013333333333333332,0.04166666666666668,0.5880000000000002,0.02066666666666667,0.11299999999999999,0.20133333333333336,0.07400000000000001,0.0,0.4983333333333333
101,70,2009-04-22,9,2,2008-2009,Minas,Espírito Santo,1,0.44299999999999995,0.119,0.24000000000000002,0.08400000000000002,0.17066666666666663,0.05000000000000001,0.12066666666666669,0.07800000000000001,0.07566666666666667,1.0853333333333335,0.03966666666666667,0.101,39.18866666666667,0.12000000000000001,0.20199999999999999,59.823999999999984,0.08400000000000002,0.11633333333333334,72.47866666666667,0.007666666666666666,0.035333333333333335,0.4813333333333333,0.019000000000000003,0.09166666666666666,0.21066666666666667,0.07566666666666667,0.0,0.49466666666666653,0.37533333333333335,0.10400000000000001,0.19,0.08133333333333334,0.13600000000000004,0.038000000000000006,0.098,0.06766666666666667,0.06133333333333334,1.226,0.034666666666666665,0.10666666666666667,32.718666666666664,0.095,0.18066666666666667,52.868,0.08133333333333334,0.11933333333333332,68.032,0.005,0.03500000000000001,0.5973333333333333,0.007666666666666666,0.107,0.07266666666666667,0.06133333333333334,0.0,0.36466666666666664
75,80,2009-04-22,9,2,2008-2009,Lajeado,Araraquara,0,0.3633333333333333,0.09299999999999999,0.19666666666666668,0.07366666666666669,0.13233333333333333,0.04100000000000001,0.09133333333333334,0.05766666666666668,0.06899999999999999,0.876,0.031000000000000007,0.10000000000000002,30.291999999999998,0.09833333333333334,0.1953333333333333,50.92466666666667,0.07366666666666669,0.10366666666666667,70.41399999999999,0.0006666666666666666,0.03633333333333334,0.5566666666666666,0.006,0.10700000000000001,0.06200000000000001,0.06899999999999999,0.0,0.33066666666666666,0.382,0.12600000000000003,0.17866666666666664,0.07733333333333334,0.14,0.03600000000000001,0.10400000000000001,0.08066666666666666,0.08933333333333335,0.9606666666666666,0.04200000000000001,0.11766666666666667,35.60933333333333,0.08933333333333332,0.16599999999999998,54.07933333333334,0.07733333333333334,0.10500000000000001,73.00733333333332,0.009333333333333334,0.03900000000000001,0.4473333333333334,0.01766666666666667,0.114,0.17266666666666666,0.08933333333333335,0.0,0.38999999999999996
79,59,2009-04-22,9,2,2008-2009,Joinville,Sesi Franca,1,0.4076666666666667,0.13900000000000004,0.18800000000000003,0.08066666666666666,0.16766666666666669,0.054000000000000006,0.11366666666666668,0.07433333333333333,0.06966666666666667,1.1606666666666667,0.04633333333333334,0.13999999999999999,32.97533333333333,0.09400000000000001,0.1843333333333333,50.81466666666667,0.08066666666666666,0.12100000000000001,66.75266666666666,0.009666666666666667,0.04500000000000001,0.7053333333333335,0.016,0.10266666666666667,0.16599999999999998,0.06966666666666667,0.0,0.41666666666666674,0.4256666666666667,0.10600000000000001,0.2326666666666667,0.08700000000000002,0.15266666666666664,0.048333333333333346,0.10433333333333333,0.082,0.06666666666666667,1.3173333333333332,0.035333333333333335,0.09866666666666667,37.398,0.11633333333333334,0.22366666666666665,52.21133333333332,0.08700000000000002,0.11466666666666667,75.652,0.005,0.044666666666666674,0.7120000000000001,0.012,0.12033333333333335,0.10400000000000002,0.06666666666666667,0.0,0.452
63,60,2009-04-23,10,2,2008-2009,Assis,Coop/São José Basketball,1,0.3723333333333334,0.11,0.168,0.09433333333333334,0.13733333333333334,0.04,0.09733333333333334,0.060000000000000005,0.07033333333333333,0.9673333333333335,0.036666666666666674,0.10966666666666668,34.11533333333333,0.084,0.16266666666666665,51.586000000000006,0.09433333333333334,0.12966666666666668,73.50933333333336,0.006666666666666668,0.03433333333333334,0.5393333333333333,0.016,0.10866666666666668,0.15133333333333335,0.07033333333333333,0.0,0.3626666666666667,0.3783333333333333,0.11499999999999999,0.1886666666666667,0.07466666666666667,0.1476666666666667,0.05100000000000001,0.09666666666666665,0.060000000000000005,0.06799999999999999,0.968,0.03833333333333334,0.12266666666666667,30.716,0.09433333333333335,0.19099999999999998,50.001999999999995,0.07466666666666667,0.10766666666666667,70.30466666666668,0.0036666666666666666,0.035,0.544,0.009,0.11833333333333336,0.08733333333333335,0.06799999999999999,0.0,0.3479999999999999
89,77,2009-04-23,10,2,2008-2009,Bauru Basket,Limeira,1,0.4126666666666666,0.14300000000000004,0.19333333333333333,0.07633333333333335,0.14066666666666666,0.04466666666666667,0.096,0.07033333333333333,0.05500000000000001,1.542,0.04766666666666667,0.12066666666666666,39.06733333333334,0.09666666666666666,0.17633333333333337,55.09666666666667,0.07633333333333335,0.105,73.34133333333332,0.005333333333333333,0.03333333333333334,0.7406666666666666,0.008333333333333333,0.09366666666666669,0.09000000000000001,0.05500000000000001,0.0,0.42900000000000005,0.4270000000000001,0.129,0.2126666666666667,0.08533333333333332,0.14666666666666667,0.035666666666666666,0.111,0.08266666666666667,0.07133333333333333,1.2306666666666666,0.04300000000000001,0.111,39.00666666666666,0.10633333333333335,0.19066666666666665,55.82066666666667,0.08533333333333332,0.11833333333333333,71.93533333333335,0.014,0.04533333333333335,0.626,0.021333333333333336,0.101,0.228,0.07133333333333333,0.0,0.46633333333333327
68,73,2009-04-24,10,2,2008-2009,Paulistano,Brasília,0,0.3956666666666667,0.106,0.208,0.08166666666666665,0.16100000000000003,0.05533333333333334,0.10566666666666666,0.07166666666666668,0.08366666666666668,0.9526666666666667,0.03533333333333334,0.11366666666666665,31.654666666666664,0.104,0.19933333333333333,52.046666666666674,0.08166666666666665,0.11966666666666666,68.24533333333333,0.004333333333333333,0.04433333333333334,0.5666666666666667,0.015000000000000001,0.12033333333333333,0.12933333333333333,0.08366666666666668,0.0,0.3923333333333333,0.4476666666666666,0.11200000000000003,0.2246666666666667,0.111,0.15233333333333335,0.035333333333333335,0.117,0.08033333333333334,0.07400000000000002,1.1219999999999999,0.03733333333333334,0.10400000000000001,36.696666666666665,0.11233333333333335,0.1833333333333333,61.702666666666666,0.111,0.14500000000000002,76.25933333333333,0.013999999999999997,0.04166666666666668,0.5880000000000002,0.02066666666666667,0.11099999999999999,0.2026666666666667,0.07400000000000002,0.0,0.497
108,76,2009-04-24,10,2,2008-2009,Minas,Saldanha,1,0.44533333333333336,0.123,0.23933333333333331,0.08299999999999999,0.16999999999999998,0.04866666666666667,0.12133333333333335,0.082,0.07600000000000001,1.1239999999999999,0.04100000000000001,0.10266666666666667,39.77666666666667,0.11966666666666666,0.2013333333333333,59.84599999999999,0.08299999999999999,0.11466666666666668,72.742,0.006999999999999998,0.037,0.4973333333333333,0.02066666666666667,0.08966666666666664,0.234,0.07600000000000001,0.0,0.5039999999999999,0.36666666666666675,0.123,0.18333333333333332,0.060333333333333336,0.149,0.04933333333333334,0.09966666666666665,0.06366666666666668,0.08966666666666669,0.7713333333333333,0.041,0.12366666666666667,33.706,0.09166666666666666,0.18066666666666667,51.06266666666667,0.060333333333333336,0.10133333333333332,60.49666666666667,0.01666666666666667,0.04833333333333334,0.5706666666666667,0.009,0.11366666666666668,0.08,0.08966666666666669,0.0,0.33433333333333337
94,69,2009-04-24,10,2,2008-2009,Joinville,Araraquara,1,0.40633333333333327,0.13799999999999998,0.18866666666666668,0.07966666666666668,0.16833333333333333,0.053333333333333344,0.11500000000000002,0.07433333333333333,0.06933333333333332,1.1653333333333333,0.04600000000000001,0.13699999999999998,33.39866666666667,0.09433333333333334,0.183,51.49066666666667,0.07966666666666668,0.12033333333333335,66.19733333333333,0.010333333333333335,0.046333333333333344,0.7246666666666667,0.01566666666666667,0.10366666666666667,0.16,0.06933333333333332,0.0,0.42133333333333334,0.382,0.12700000000000003,0.17466666666666666,0.08033333333333334,0.13733333333333334,0.03600000000000001,0.10133333333333333,0.07733333333333334,0.08566666666666668,0.9646666666666665,0.04233333333333334,0.11766666666666667,35.92666666666666,0.08733333333333333,0.16299999999999995,53.75666666666667,0.08033333333333334,0.10733333333333332,74.364,0.009666666666666667,0.03933333333333334,0.4866666666666667,0.016,0.116,0.15333333333333332,0.08566666666666668,0.0,0.3883333333333333
82,89,2009-04-24,10,2,2008-2009,Lajeado,Sesi Franca,0,0.35833333333333334,0.091,0.1933333333333333,0.07400000000000001,0.12933333333333333,0.04133333333333334,0.08800000000000001,0.055333333333333345,0.06566666666666666,0.9246666666666667,0.030333333333333337,0.09933333333333334,29.829333333333338,0.09666666666666665,0.19299999999999998,50.763333333333335,0.07400000000000001,0.10433333333333335,70.20733333333332,0.0006666666666666666,0.03633333333333334,0.6013333333333333,0.006,0.10766666666666667,0.06133333333333332,0.06566666666666666,0.0,0.32400000000000007,0.4173333333333334,0.10400000000000001,0.226,0.08733333333333333,0.14833333333333337,0.045666666666666675,0.10266666666666667,0.08133333333333333,0.068,1.286,0.034666666666666665,0.09766666666666665,37.080666666666666,0.113,0.21900000000000003,51.65,0.08733333333333333,0.11300000000000002,76.98866666666666,0.004333333333333333,0.044666666666666674,0.7006666666666668,0.011000000000000001,0.11700000000000002,0.096,0.068,0.0,0.44000000000000006
89,68,2009-04-24,10,2,2008-2009,Flamengo,Espírito Santo,1,0.4676666666666668,0.15400000000000003,0.21933333333333335,0.09433333333333334,0.16533333333333336,0.04133333333333333,0.12400000000000001,0.09233333333333334,0.06966666666666668,1.4166666666666667,0.05133333333333333,0.12800000000000003,40.30866666666667,0.10966666666666668,0.18000000000000002,61.07533333333333,0.09433333333333334,0.12166666666666667,79.12333333333332,0.009666666666666667,0.04266666666666667,0.6433333333333332,0.008333333333333335,0.09899999999999999,0.08066666666666666,0.06966666666666668,0.0,0.5323333333333333,0.37066666666666664,0.10000000000000002,0.19,0.08066666666666668,0.13766666666666666,0.03966666666666666,0.098,0.06799999999999999,0.066,1.1706666666666665,0.03333333333333333,0.10366666666666666,32.443333333333335,0.095,0.18166666666666664,52.66466666666666,0.08066666666666668,0.12033333333333333,66.23933333333333,0.005333333333333333,0.037000000000000005,0.5840000000000001,0.008666666666666666,0.10633333333333335,0.08266666666666667,0.066,0.0,0.35933333333333334
82,77,2009-04-29,11,2,2008-2009,Brasília,Minas,1,0.44,0.115,0.21466666666666667,0.11033333333333334,0.151,0.03566666666666666,0.11533333333333333,0.07866666666666665,0.07733333333333334,1.0719999999999998,0.038333333333333344,0.10533333333333332,37.139333333333326,0.10733333333333334,0.17999999999999997,59.94599999999999,0.11033333333333334,0.143,76.88666666666667,0.013999999999999997,0.04333333333333334,0.5893333333333336,0.02166666666666667,0.11033333333333334,0.21333333333333335,0.07733333333333334,0.0,0.48500000000000004,0.4483333333333333,0.119,0.24333333333333335,0.08600000000000001,0.16966666666666666,0.04833333333333334,0.12133333333333335,0.08400000000000002,0.07633333333333334,1.144,0.03966666666666667,0.103,38.284666666666666,0.12166666666666667,0.20266666666666663,60.441333333333326,0.08600000000000001,0.11833333333333335,73.06933333333333,0.006333333333333333,0.037,0.4953333333333333,0.01966666666666667,0.088,0.22400000000000006,0.07633333333333334,0.0,0.5056666666666666
94,87,2009-04-29,11,2,2008-2009,Assis,Lajeado,1,0.36633333333333334,0.10899999999999999,0.16400000000000003,0.09333333333333332,0.13999999999999999,0.03900000000000001,0.101,0.05833333333333335,0.07,0.9413333333333334,0.03633333333333334,0.11066666666666668,33.21866666666667,0.08200000000000002,0.16099999999999998,51.01199999999999,0.09333333333333332,0.12566666666666668,75.13866666666668,0.006333333333333334,0.03166666666666667,0.49266666666666664,0.016666666666666666,0.10800000000000001,0.16333333333333336,0.07,0.0,0.35733333333333334,0.3626666666666667,0.09200000000000001,0.1953333333333333,0.07533333333333334,0.129,0.04033333333333334,0.08866666666666666,0.05700000000000001,0.06466666666666668,0.9626666666666668,0.03066666666666667,0.09800000000000002,30.464666666666666,0.09766666666666665,0.1913333333333333,51.76866666666667,0.07533333333333334,0.10400000000000001,71.82133333333333,0.0006666666666666666,0.036000000000000004,0.6026666666666666,0.006,0.10600000000000004,0.06266666666666665,0.06466666666666668,0.0,0.3363333333333333
89,86,2009-04-29,11,2,2008-2009,Bauru Basket,Joinville,1,0.41000000000000003,0.13899999999999996,0.1913333333333333,0.07966666666666669,0.14566666666666667,0.04733333333333333,0.09833333333333334,0.069,0.054000000000000006,1.544,0.04633333333333334,0.11900000000000001,38.744666666666674,0.09566666666666665,0.17866666666666667,53.73666666666667,0.07966666666666669,0.10900000000000001,73.70733333333332,0.005000000000000001,0.033,0.7453333333333333,0.008333333333333333,0.095,0.08866666666666667,0.054000000000000006,0.0,0.427,0.4136666666666666,0.142,0.18933333333333333,0.08233333333333334,0.16666666666666666,0.05000000000000001,0.11666666666666667,0.07833333333333334,0.06999999999999999,1.2146666666666668,0.047333333333333345,0.13666666666666666,34.81133333333334,0.09466666666666666,0.18133333333333335,52.102000000000004,0.08233333333333334,0.12066666666666669,68.49133333333333,0.010000000000000002,0.04833333333333334,0.748,0.014333333333333332,0.10500000000000001,0.1406666666666667,0.06999999999999999,0.0,0.4370000000000001
95,87,2009-04-29,11,2,2008-2009,Pinheiros,Sesi Franca,1,0.43633333333333335,0.132,0.21533333333333332,0.08900000000000001,0.15600000000000003,0.04566666666666667,0.11033333333333335,0.07899999999999999,0.063,1.313333333333333,0.044000000000000004,0.11933333333333336,37.602000000000004,0.10766666666666666,0.19133333333333338,56.68333333333333,0.08900000000000001,0.11833333333333335,75.58933333333333,0.01566666666666667,0.04133333333333334,0.6866666666666666,0.009000000000000003,0.08533333333333333,0.10800000000000003,0.063,0.0,0.4703333333333334,0.4216666666666667,0.11,0.22266666666666673,0.089,0.151,0.04633333333333335,0.10466666666666666,0.08466666666666667,0.068,1.3526666666666667,0.03666666666666667,0.10166666666666666,37.772000000000006,0.11133333333333337,0.21533333333333335,51.75733333333333,0.089,0.1146666666666667,77.31066666666666,0.004666666666666667,0.04600000000000001,0.7273333333333334,0.011000000000000001,0.11466666666666668,0.096,0.068,0.0,0.4516666666666667
78,62,2009-04-29,11,2,2008-2009,Paulistano,Araraquara,1,0.39299999999999996,0.10899999999999999,0.20333333333333334,0.08066666666666665,0.15933333333333335,0.055000000000000014,0.10433333333333335,0.07100000000000001,0.083,0.95,0.03633333333333334,0.113,32.77266666666666,0.10166666666666667,0.19966666666666671,50.63933333333334,0.08066666666666665,0.11533333333333336,69.984,0.004666666666666667,0.04200000000000001,0.5493333333333335,0.015333333333333334,0.12133333333333332,0.13066666666666665,0.083,0.0,0.38833333333333336,0.3786666666666667,0.12100000000000002,0.17666666666666667,0.081,0.13866666666666666,0.03633333333333334,0.10233333333333333,0.077,0.08700000000000001,0.946,0.04033333333333334,0.11766666666666667,34.498000000000005,0.08833333333333333,0.16699999999999998,53.18533333333333,0.081,0.109,73.69733333333333,0.009666666666666667,0.04033333333333334,0.4913333333333334,0.01633333333333333,0.115,0.158,0.08700000000000001,0.0,0.37999999999999995
69,64,2009-04-29,11,2,2008-2009,Coop/São José Basketball,Espírito Santo,1,0.3703333333333333,0.108,0.19066666666666668,0.07166666666666667,0.15,0.052000000000000005,0.098,0.059000000000000004,0.06833333333333333,0.94,0.03600000000000001,0.11633333333333334,30.672666666666665,0.09533333333333334,0.19133333333333333,50.48333333333334,0.07166666666666667,0.10433333333333333,69.68066666666665,0.0036666666666666666,0.03500000000000001,0.5406666666666666,0.008333333333333333,0.11466666666666668,0.08466666666666667,0.06833333333333333,0.0,0.3453333333333334,0.37099999999999994,0.10200000000000002,0.19,0.079,0.13733333333333334,0.03900000000000001,0.09833333333333334,0.06566666666666666,0.06833333333333334,1.1239999999999999,0.034,0.10233333333333333,33.61266666666666,0.095,0.181,52.849333333333334,0.079,0.11799999999999998,66.00733333333334,0.005333333333333334,0.036333333333333336,0.5626666666666668,0.008,0.10700000000000001,0.076,0.06833333333333334,0.0,0.35666666666666663
89,71,2009-04-29,11,2,2008-2009,Limeira,Saldanha,1,0.4233333333333334,0.132,0.20933333333333334,0.082,0.14266666666666664,0.03366666666666666,0.109,0.086,0.07000000000000002,1.3180000000000003,0.04400000000000002,0.11033333333333335,39.964666666666666,0.10466666666666667,0.18499999999999997,56.339333333333336,0.082,0.11266666666666668,72.90866666666668,0.014333333333333333,0.04233333333333334,0.5966666666666666,0.021000000000000005,0.10133333333333333,0.22400000000000003,0.07000000000000002,0.0,0.468,0.36700000000000005,0.126,0.17933333333333337,0.06166666666666667,0.15066666666666664,0.052666666666666674,0.09799999999999999,0.060000000000000005,0.08933333333333335,0.724,0.04200000000000001,0.12466666666666668,34.27133333333334,0.08966666666666669,0.17866666666666667,50.53666666666667,0.06166666666666667,0.10566666666666666,58.95866666666667,0.01666666666666667,0.04800000000000001,0.5693333333333334,0.008,0.11200000000000002,0.07333333333333333,0.08933333333333335,0.0,0.32866666666666666
92,100,2009-05-01,12,2,2008-2009,Brasília,Flamengo,0,0.4323333333333333,0.11,0.21600000000000003,0.10633333333333334,0.151,0.035666666666666666,0.11533333333333334,0.07466666666666666,0.07400000000000002,1.0639999999999998,0.036666666666666674,0.10500000000000001,35.99066666666667,0.10800000000000001,0.1853333333333333,58.41866666666666,0.10633333333333334,0.13833333333333336,76.25466666666667,0.012666666666666666,0.04266666666666667,0.5973333333333334,0.020000000000000004,0.10933333333333332,0.19866666666666666,0.07400000000000002,0.0,0.46900000000000003,0.4630000000000001,0.147,0.22,0.09600000000000002,0.1673333333333334,0.04100000000000001,0.12633333333333333,0.09000000000000001,0.06933333333333333,1.3846666666666667,0.049,0.128,38.27933333333333,0.11,0.18133333333333335,60.833999999999996,0.09600000000000002,0.12566666666666668,77.98733333333334,0.010000000000000002,0.045333333333333344,0.7,0.009000000000000003,0.10200000000000001,0.08666666666666667,0.06933333333333333,0.0,0.5253333333333334
73,63,2009-05-01,12,2,2008-2009,Bauru Basket,Lajeado,1,0.41166666666666674,0.132,0.19666666666666663,0.08300000000000002,0.15099999999999997,0.04900000000000001,0.102,0.06766666666666668,0.051333333333333335,1.666,0.044000000000000004,0.117,37.46733333333334,0.09833333333333331,0.18500000000000003,53.392,0.08300000000000002,0.11366666666666667,73.86066666666666,0.006000000000000001,0.033666666666666664,0.8119999999999999,0.008666666666666666,0.09766666666666667,0.09200000000000001,0.051333333333333335,0.0,0.431,0.36966666666666664,0.09400000000000001,0.19866666666666669,0.077,0.12566666666666668,0.03800000000000001,0.08766666666666668,0.05966666666666667,0.06300000000000001,1.0533333333333335,0.03133333333333333,0.098,31.166666666666668,0.09933333333333334,0.18866666666666668,53.086,0.077,0.10566666666666666,72.18333333333334,0.0013333333333333333,0.034666666666666665,0.6046666666666667,0.004666666666666667,0.10900000000000003,0.04466666666666666,0.06300000000000001,0.0,0.3466666666666667
76,87,2009-05-01,12,2,2008-2009,Assis,Joinville,0,0.37166666666666676,0.11199999999999997,0.164,0.09566666666666666,0.1396666666666667,0.04033333333333334,0.09933333333333333,0.05800000000000002,0.06833333333333334,0.9553333333333334,0.03733333333333335,0.11166666666666666,33.80066666666667,0.082,0.15966666666666665,51.38333333333333,0.09566666666666666,0.12933333333333333,74.81333333333332,0.006666666666666668,0.031000000000000007,0.49133333333333334,0.015999999999999997,0.107,0.16000000000000003,0.06833333333333334,0.0,0.3623333333333333,0.41633333333333333,0.14100000000000001,0.19266666666666668,0.08266666666666667,0.163,0.048333333333333346,0.11466666666666668,0.07699999999999999,0.06766666666666667,1.2593333333333334,0.047000000000000014,0.13566666666666669,34.842,0.09633333333333334,0.18300000000000002,52.55466666666666,0.08266666666666667,0.11933333333333335,69.53999999999999,0.009333333333333334,0.04666666666666667,0.7380000000000001,0.014333333333333335,0.10700000000000001,0.13799999999999998,0.06766666666666667,0.0,0.43766666666666676
101,69,2009-05-01,12,2,2008-2009,Pinheiros,Araraquara,1,0.4403333333333333,0.13299999999999998,0.22066666666666668,0.08666666666666668,0.15700000000000003,0.04800000000000001,0.10900000000000001,0.079,0.060666666666666674,1.352,0.04433333333333334,0.12033333333333336,37.602000000000004,0.11033333333333334,0.19333333333333336,57.59333333333333,0.08666666666666668,0.11566666666666668,75.36333333333333,0.016333333333333335,0.04066666666666666,0.6873333333333334,0.009333333333333334,0.08533333333333333,0.11200000000000002,0.060666666666666674,0.0,0.47766666666666674,0.37900000000000006,0.11999999999999998,0.18,0.07899999999999999,0.13433333333333333,0.03533333333333335,0.09899999999999999,0.07566666666666665,0.08433333333333334,0.9526666666666667,0.040000000000000015,0.11700000000000002,34.389333333333326,0.09,0.1683333333333333,53.87866666666667,0.07899999999999999,0.10666666666666667,73.12533333333334,0.009666666666666667,0.03966666666666666,0.5000000000000001,0.015666666666666666,0.11466666666666667,0.15133333333333335,0.08433333333333334,0.0,0.37699999999999995
85,88,2009-05-01,12,2,2008-2009,Limeira,Espírito Santo,0,0.42633333333333334,0.13199999999999998,0.21533333333333335,0.07899999999999999,0.14633333333333332,0.03633333333333333,0.11,0.08733333333333332,0.06966666666666668,1.3453333333333335,0.04400000000000002,0.11233333333333335,39.282666666666664,0.10766666666666667,0.18999999999999997,56.568000000000005,0.07899999999999999,0.107,73.634,0.01566666666666667,0.04333333333333334,0.6153333333333334,0.01966666666666667,0.09933333333333333,0.21666666666666667,0.06966666666666668,0.0,0.4746666666666667,0.3693333333333333,0.10400000000000001,0.18599999999999997,0.07933333333333334,0.13966666666666666,0.038000000000000006,0.10166666666666666,0.066,0.07366666666666667,1.0606666666666666,0.034666666666666665,0.10333333333333333,34.035999999999994,0.09299999999999999,0.1783333333333333,52.45733333333333,0.07933333333333334,0.11733333333333333,66.79533333333333,0.005000000000000001,0.037000000000000005,0.5086666666666666,0.008,0.10833333333333335,0.07466666666666667,0.07366666666666667,0.0,0.3543333333333333
88,77,2009-05-01,12,2,2008-2009,Coop/São José Basketball,Saldanha,1,0.369,0.10399999999999997,0.19200000000000003,0.073,0.153,0.05300000000000001,0.09999999999999999,0.05833333333333334,0.07066666666666667,0.92,0.03466666666666667,0.117,29.60866666666666,0.09600000000000002,0.18800000000000003,51.961999999999996,0.073,0.107,68.46066666666667,0.004,0.03566666666666667,0.5359999999999999,0.008666666666666666,0.11566666666666667,0.08666666666666666,0.07066666666666667,0.0,0.3456666666666666,0.3636666666666667,0.12899999999999998,0.1726666666666667,0.06200000000000001,0.15066666666666664,0.05133333333333334,0.09933333333333332,0.061333333333333344,0.09133333333333335,0.7173333333333333,0.043000000000000003,0.129,33.76666666666667,0.08633333333333335,0.17366666666666666,49.85,0.06200000000000001,0.10400000000000001,60.566,0.01566666666666667,0.04900000000000001,0.5706666666666665,0.008666666666666666,0.11300000000000002,0.07933333333333333,0.09133333333333335,0.0,0.3266666666666666
70,76,2009-05-01,12,2,2008-2009,Paulistano,Sesi Franca,0,0.3929999999999999,0.11,0.20400000000000004,0.07899999999999999,0.15666666666666668,0.053333333333333344,0.10333333333333333,0.07000000000000002,0.08433333333333333,0.9173333333333334,0.036666666666666674,0.111,34.106,0.10200000000000002,0.199,51.001999999999995,0.07899999999999999,0.11100000000000002,71.55,0.004666666666666667,0.04300000000000001,0.5553333333333333,0.014666666666666668,0.11699999999999999,0.132,0.08433333333333333,0.0,0.3896666666666667,0.42966666666666664,0.11,0.23066666666666671,0.089,0.14833333333333334,0.04433333333333334,0.104,0.087,0.06766666666666667,1.4166666666666667,0.03666666666666667,0.10066666666666665,38.10666666666667,0.11533333333333336,0.2176666666666667,52.86266666666666,0.089,0.11366666666666667,78.19933333333333,0.005333333333333333,0.04433333333333335,0.6980000000000002,0.01,0.11700000000000002,0.08600000000000001,0.06766666666666667,0.0,0.46066666666666667
84,72,2009-05-03,6,1,2008-2009,Flamengo,Assis,1,0.4616666666666667,0.142,0.21533333333333332,0.10433333333333335,0.17133333333333337,0.04366666666666667,0.12766666666666668,0.09100000000000001,0.07066666666666668,1.379333333333333,0.047333333333333345,0.12866666666666668,36.80799999999999,0.10766666666666666,0.17866666666666664,60.47533333333333,0.10433333333333335,0.13833333333333334,77.16866666666667,0.009666666666666669,0.04700000000000001,0.7113333333333334,0.010000000000000002,0.10633333333333332,0.09333333333333334,0.07066666666666668,0.0,0.5239999999999999,0.374,0.10899999999999999,0.16933333333333334,0.09566666666666666,0.142,0.03833333333333334,0.10366666666666666,0.06100000000000002,0.067,0.9999999999999999,0.03633333333333335,0.10899999999999999,33.787333333333336,0.08466666666666667,0.16166666666666663,52.562666666666665,0.09566666666666666,0.13166666666666668,73.66400000000002,0.007666666666666668,0.03133333333333333,0.5013333333333333,0.016666666666666666,0.10500000000000001,0.16999999999999998,0.067,0.0,0.3723333333333333
95,73,2009-05-03,8,1,2008-2009,Minas,Lajeado,1,0.44500000000000006,0.119,0.2406666666666667,0.08533333333333333,0.1753333333333333,0.048000000000000015,0.12733333333333335,0.08533333333333336,0.07833333333333334,1.140666666666667,0.03966666666666667,0.10266666666666666,38.35466666666666,0.12033333333333335,0.2053333333333333,59.127333333333326,0.08533333333333333,0.11666666666666667,73.47266666666668,0.005666666666666667,0.036000000000000004,0.46599999999999997,0.019333333333333334,0.087,0.22200000000000003,0.07833333333333334,0.0,0.5033333333333333,0.369,0.099,0.19866666666666669,0.07133333333333333,0.12566666666666668,0.035333333333333335,0.09033333333333335,0.060666666666666674,0.05966666666666668,1.0973333333333337,0.032999999999999995,0.09966666666666664,32.294,0.09933333333333334,0.18833333333333335,53.216,0.07133333333333333,0.09933333333333332,69.57199999999999,0.0013333333333333333,0.034,0.6093333333333333,0.004333333333333333,0.10600000000000002,0.04133333333333334,0.05966666666666668,0.0,0.35033333333333333
82,71,2009-05-05,13,2,2008-2009,Sesi Franca,Minas,1,0.42166666666666663,0.10699999999999998,0.22666666666666668,0.088,0.15133333333333335,0.04433333333333335,0.107,0.084,0.07,1.3173333333333332,0.03566666666666666,0.10133333333333333,36.77333333333333,0.11333333333333334,0.21700000000000003,52.164,0.088,0.111,79.018,0.005333333333333333,0.04300000000000002,0.6593333333333334,0.010333333333333333,0.11766666666666671,0.08800000000000001,0.07,0.0,0.448,0.4496666666666666,0.12299999999999998,0.24466666666666667,0.08199999999999999,0.17666666666666667,0.048666666666666684,0.12800000000000003,0.09000000000000002,0.07733333333333332,1.2133333333333336,0.04100000000000001,0.104,39.35466666666666,0.12233333333333334,0.20400000000000001,60.383333333333326,0.08199999999999999,0.11399999999999998,72.422,0.006333333333333334,0.036333333333333336,0.4773333333333333,0.019333333333333334,0.08633333333333333,0.224,0.07733333333333332,0.0,0.518
76,34,2009-05-06,13,2,2008-2009,Espírito Santo,Assis,1,0.37766666666666665,0.10800000000000001,0.19066666666666665,0.079,0.14166666666666664,0.03833333333333334,0.10333333333333333,0.07033333333333334,0.07400000000000001,1.1239999999999999,0.03600000000000001,0.10400000000000001,35.05733333333333,0.09533333333333333,0.18299999999999994,52.19533333333333,0.079,0.11833333333333335,65.22466666666666,0.005333333333333334,0.03900000000000001,0.5393333333333333,0.008333333333333333,0.10833333333333335,0.07666666666666667,0.07400000000000001,0.0,0.36799999999999994,0.37033333333333335,0.10299999999999998,0.17666666666666667,0.09066666666666665,0.146,0.03866666666666667,0.10733333333333332,0.06166666666666668,0.06566666666666666,1.0373333333333332,0.03433333333333334,0.10666666666666666,32.75533333333334,0.08833333333333333,0.17066666666666663,51.842666666666666,0.09066666666666665,0.125,74.16733333333333,0.008333333333333335,0.030000000000000006,0.4893333333333334,0.017333333333333333,0.10533333333333333,0.17600000000000002,0.06566666666666666,0.0,0.37066666666666664
85,81,2009-05-06,13,2,2008-2009,Joinville,Brasília,1,0.4226666666666665,0.148,0.19133333333333333,0.08333333333333333,0.15833333333333333,0.045666666666666675,0.11266666666666665,0.078,0.06633333333333334,1.2860000000000003,0.04933333333333334,0.13500000000000004,37.05666666666666,0.09566666666666666,0.1806666666666667,52.85466666666666,0.08333333333333333,0.11966666666666669,70.07933333333332,0.009333333333333334,0.045000000000000005,0.7286666666666668,0.014333333333333335,0.10866666666666669,0.136,0.06633333333333334,0.0,0.4450000000000001,0.43333333333333335,0.112,0.21333333333333335,0.108,0.14666666666666667,0.03266666666666666,0.11400000000000002,0.07366666666666667,0.07433333333333333,1.0479999999999998,0.037333333333333336,0.10699999999999998,35.974666666666664,0.10666666666666667,0.18066666666666664,58.96333333333334,0.108,0.14033333333333337,76.298,0.012666666666666666,0.04266666666666667,0.5946666666666667,0.01966666666666667,0.115,0.19266666666666665,0.07433333333333333,0.0,0.4656666666666667
69,76,2009-05-06,13,2,2008-2009,Araraquara,Flamengo,0,0.37666666666666665,0.12100000000000001,0.17866666666666664,0.07699999999999999,0.13166666666666668,0.03433333333333334,0.09733333333333334,0.07633333333333334,0.08733333333333333,0.9253333333333332,0.04033333333333334,0.11800000000000002,34.38933333333333,0.08933333333333332,0.16699999999999998,53.87866666666666,0.07699999999999999,0.10333333333333332,73.17,0.011666666666666667,0.04000000000000001,0.48400000000000004,0.013333333333333334,0.11333333333333333,0.13266666666666668,0.08733333333333333,0.0,0.36899999999999994,0.465,0.145,0.21733333333333338,0.10266666666666668,0.1716666666666667,0.04333333333333334,0.12833333333333333,0.09000000000000001,0.07166666666666668,1.3166666666666667,0.048333333333333346,0.12966666666666668,37.462666666666664,0.10866666666666669,0.18133333333333335,60.18333333333332,0.10266666666666668,0.13466666666666663,78.07733333333333,0.008666666666666666,0.046666666666666676,0.6733333333333333,0.011333333333333334,0.10566666666666666,0.10800000000000001,0.07166666666666668,0.0,0.527
80,72,2009-05-06,13,2,2008-2009,Limeira,Pinheiros,1,0.42500000000000004,0.13099999999999998,0.21200000000000002,0.082,0.145,0.037000000000000005,0.108,0.08600000000000001,0.07033333333333334,1.3093333333333335,0.04366666666666667,0.11533333333333334,38.32266666666666,0.10600000000000001,0.1863333333333333,56.84466666666666,0.082,0.11233333333333334,72.59066666666666,0.01633333333333333,0.04133333333333335,0.5793333333333336,0.018666666666666668,0.09933333333333333,0.20666666666666667,0.07033333333333334,0.0,0.4633333333333333,0.4426666666666666,0.13299999999999998,0.22133333333333335,0.08833333333333335,0.16,0.046000000000000006,0.11400000000000002,0.081,0.06233333333333334,1.344,0.04433333333333334,0.12066666666666669,37.47933333333334,0.11066666666666668,0.18933333333333333,58.50999999999999,0.08833333333333335,0.11833333333333335,74.83066666666667,0.017666666666666667,0.043333333333333335,0.7026666666666668,0.010000000000000002,0.08299999999999999,0.12200000000000001,0.06233333333333334,0.0,0.48966666666666664
82,79,2009-05-06,13,2,2008-2009,Coop/São José Basketball,Paulistano,1,0.37566666666666665,0.10399999999999997,0.198,0.07366666666666667,0.15499999999999997,0.052666666666666674,0.10233333333333332,0.058000000000000024,0.07066666666666667,0.9153333333333333,0.03466666666666667,0.11566666666666667,29.865999999999996,0.099,0.19033333333333333,53.066,0.07366666666666667,0.10766666666666666,68.54,0.004666666666666667,0.03466666666666667,0.5226666666666666,0.009333333333333334,0.11466666666666668,0.09266666666666667,0.07066666666666667,0.0,0.3556666666666667,0.3883333333333333,0.11,0.20000000000000004,0.07833333333333332,0.15633333333333332,0.05166666666666667,0.10466666666666667,0.06800000000000002,0.08266666666666667,0.9053333333333332,0.03666666666666667,0.11066666666666668,34.18533333333333,0.10000000000000002,0.1946666666666667,51.07,0.07833333333333332,0.11133333333333335,70.82199999999999,0.004333333333333333,0.04,0.5286666666666667,0.015333333333333334,0.11566666666666667,0.1406666666666667,0.08266666666666667,0.0,0.3836666666666666
75,95,2009-05-06,13,2,2008-2009,Saldanha,Bauru Basket,0,0.36399999999999993,0.13099999999999998,0.17,0.063,0.149,0.05000000000000001,0.09899999999999999,0.06533333333333333,0.09233333333333335,0.7553333333333333,0.043666666666666666,0.13233333333333333,33.258,0.085,0.17233333333333334,49.47933333333334,0.063,0.103,61.994666666666674,0.015666666666666666,0.049000000000000016,0.5640000000000001,0.008,0.11200000000000002,0.07400000000000002,0.09233333333333335,0.0,0.32699999999999996,0.41400000000000003,0.13299999999999998,0.19933333333333333,0.08166666666666669,0.15033333333333332,0.05066666666666667,0.09966666666666667,0.067,0.04866666666666667,1.694,0.04433333333333334,0.11833333333333333,37.330000000000005,0.09966666666666667,0.18633333333333335,53.76333333333333,0.08166666666666669,0.10933333333333332,75.70399999999998,0.006000000000000001,0.03433333333333334,0.8339999999999999,0.008,0.09533333333333333,0.08466666666666667,0.04866666666666667,0.0,0.4366666666666667
68,77,2009-05-08,14,2,2008-2009,Espírito Santo,Bauru Basket,0,0.372,0.1,0.192,0.08000000000000002,0.14299999999999996,0.03900000000000001,0.104,0.06500000000000002,0.07333333333333333,1.052,0.03333333333333334,0.099,34.31666666666667,0.096,0.18499999999999997,51.93533333333333,0.08000000000000002,0.12033333333333335,64.90733333333333,0.005666666666666668,0.04133333333333334,0.5926666666666667,0.008333333333333333,0.10533333333333333,0.07933333333333333,0.07333333333333333,0.0,0.3613333333333333,0.4266666666666667,0.14,0.20466666666666664,0.08200000000000002,0.1536666666666667,0.054000000000000006,0.09966666666666667,0.0676666666666667,0.04700000000000002,1.718,0.04666666666666666,0.119,38.718666666666664,0.10233333333333332,0.18966666666666668,54.13999999999999,0.08200000000000002,0.11099999999999999,73.87866666666666,0.007666666666666668,0.03666666666666667,0.8799999999999998,0.008333333333333333,0.09499999999999999,0.08933333333333333,0.04700000000000002,0.0,0.45733333333333337
78,81,2009-05-08,14,2,2008-2009,Araraquara,Minas,0,0.3739999999999999,0.12000000000000002,0.18066666666666667,0.07333333333333332,0.13266666666666665,0.03400000000000001,0.09866666666666667,0.07433333333333333,0.08466666666666667,0.958,0.04000000000000001,0.11733333333333332,34.26199999999999,0.09033333333333333,0.17466666666666666,52.12333333333333,0.07333333333333332,0.09999999999999999,71.972,0.012333333333333333,0.04166666666666667,0.5346666666666666,0.013666666666666666,0.115,0.13333333333333333,0.08466666666666667,0.0,0.3633333333333333,0.44166666666666665,0.11899999999999998,0.24133333333333334,0.08133333333333331,0.17466666666666666,0.047666666666666684,0.12700000000000003,0.09000000000000002,0.079,1.1733333333333331,0.03966666666666667,0.103,38.25666666666666,0.12066666666666667,0.20133333333333334,60.30199999999999,0.08133333333333331,0.11399999999999998,71.638,0.006333333333333333,0.03733333333333334,0.47799999999999987,0.018333333333333333,0.08766666666666666,0.21000000000000002,0.079,0.0,0.5063333333333333
67,94,2009-05-08,14,2,2008-2009,Lajeado,Brasília,0,0.3706666666666667,0.102,0.19933333333333333,0.06933333333333333,0.12533333333333332,0.035333333333333335,0.09000000000000001,0.06166666666666667,0.05800000000000002,1.1613333333333336,0.033999999999999996,0.10133333333333333,32.73866666666666,0.09966666666666667,0.19266666666666665,52.532,0.06933333333333333,0.09699999999999999,69.02666666666667,0.0013333333333333333,0.033666666666666664,0.6353333333333333,0.004666666666666667,0.10700000000000001,0.04400000000000001,0.05800000000000002,0.0,0.3499999999999999,0.433,0.11399999999999996,0.21466666666666664,0.10433333333333333,0.146,0.033666666666666664,0.11233333333333334,0.074,0.07566666666666667,1.0386666666666666,0.038000000000000006,0.107,36.53,0.10733333333333332,0.18099999999999997,59.24399999999999,0.10433333333333333,0.13600000000000004,76.25,0.013333333333333334,0.04266666666666667,0.5820000000000001,0.018000000000000002,0.11199999999999997,0.18133333333333332,0.07566666666666667,0.0,0.4636666666666667
81,86,2009-05-08,14,2,2008-2009,Sesi Franca,Flamengo,0,0.414,0.10400000000000001,0.21866666666666668,0.09133333333333332,0.148,0.04400000000000001,0.10400000000000001,0.08333333333333333,0.07100000000000001,1.2613333333333334,0.034666666666666665,0.10033333333333334,36.297333333333334,0.10933333333333334,0.20933333333333334,52.105333333333334,0.09133333333333332,0.11433333333333334,79.502,0.004333333333333333,0.04400000000000001,0.6613333333333334,0.010333333333333335,0.1146666666666667,0.09000000000000001,0.07100000000000001,0.0,0.44000000000000006,0.4643333333333334,0.14,0.21933333333333332,0.105,0.17466666666666666,0.04200000000000001,0.13266666666666665,0.09100000000000001,0.07066666666666668,1.3373333333333333,0.046666666666666676,0.128,36.50866666666668,0.10966666666666666,0.182,60.586,0.105,0.13666666666666666,78.60933333333334,0.008333333333333333,0.048000000000000015,0.6926666666666667,0.012,0.10266666666666668,0.11800000000000001,0.07066666666666668,0.0,0.534
94,97,2009-05-08,14,2,2008-2009,Coop/São José Basketball,Pinheiros,0,0.3733333333333333,0.10399999999999997,0.19600000000000004,0.07333333333333333,0.15833333333333333,0.05333333333333335,0.105,0.05800000000000002,0.07200000000000001,0.886,0.034666666666666686,0.115,30.06333333333333,0.09800000000000002,0.191,52.27466666666667,0.07333333333333333,0.10466666666666669,70.08466666666668,0.004666666666666667,0.033,0.4826666666666667,0.010000000000000002,0.11466666666666667,0.09866666666666668,0.07200000000000001,0.0,0.356,0.43899999999999995,0.132,0.22,0.08700000000000001,0.161,0.045333333333333344,0.11566666666666665,0.08066666666666668,0.06533333333333334,1.3159999999999998,0.04400000000000001,0.11766666666666668,38.18066666666667,0.11,0.19099999999999998,57.691333333333326,0.08700000000000001,0.115,75.44333333333333,0.017333333333333333,0.044333333333333336,0.6993333333333334,0.010333333333333333,0.086,0.11933333333333333,0.06533333333333334,0.0,0.48733333333333334
108,87,2009-05-08,14,2,2008-2009,Limeira,Paulistano,1,0.42300000000000004,0.13099999999999998,0.20733333333333334,0.08466666666666667,0.14833333333333332,0.037666666666666675,0.11066666666666665,0.08566666666666665,0.06600000000000002,1.3626666666666667,0.043666666666666666,0.12033333333333335,36.852000000000004,0.10366666666666667,0.18633333333333332,55.54866666666667,0.08466666666666667,0.11466666666666665,73.47933333333334,0.015000000000000001,0.04133333333333333,0.6433333333333333,0.019000000000000003,0.10266666666666667,0.19466666666666665,0.06600000000000002,0.0,0.462,0.38733333333333325,0.105,0.20133333333333334,0.08099999999999999,0.156,0.05066666666666668,0.10533333333333332,0.06533333333333335,0.08199999999999999,0.8766666666666666,0.035,0.10900000000000001,33.37133333333333,0.10066666666666667,0.19600000000000004,51.05133333333333,0.08099999999999999,0.11233333333333335,73.10266666666666,0.005333333333333333,0.03833333333333334,0.5106666666666667,0.014666666666666666,0.115,0.13533333333333333,0.08199999999999999,0.0,0.3789999999999999
76,79,2009-05-08,14,2,2008-2009,Saldanha,Assis,0,0.3636666666666667,0.12499999999999999,0.17533333333333337,0.06333333333333332,0.14866666666666667,0.05033333333333335,0.09833333333333333,0.06566666666666668,0.08833333333333335,0.7793333333333334,0.04166666666666667,0.13133333333333333,31.88666666666667,0.08766666666666668,0.17600000000000005,49.731333333333346,0.06333333333333332,0.105,60.68533333333334,0.01666666666666667,0.04700000000000001,0.5640000000000001,0.008666666666666666,0.111,0.08266666666666668,0.08833333333333335,0.0,0.3256666666666666,0.36033333333333334,0.10099999999999999,0.16999999999999998,0.08933333333333333,0.14533333333333331,0.03866666666666667,0.10666666666666666,0.061000000000000026,0.06566666666666668,1.0299999999999998,0.03366666666666667,0.10733333333333332,32.08266666666667,0.08499999999999999,0.16933333333333334,49.80133333333333,0.08933333333333333,0.12366666666666666,73.50733333333332,0.007666666666666667,0.028666666666666677,0.47400000000000003,0.018000000000000002,0.107,0.18133333333333332,0.06566666666666668,0.0,0.3553333333333333
84,80,2009-05-13,15,2,2008-2009,Flamengo,Minas,1,0.4596666666666667,0.14,0.21666666666666665,0.103,0.1743333333333333,0.04266666666666667,0.13166666666666668,0.09333333333333335,0.06833333333333334,1.4373333333333334,0.046666666666666676,0.12700000000000003,36.836000000000006,0.10833333333333332,0.181,60.179333333333325,0.103,0.13566666666666666,77.83133333333333,0.009,0.04500000000000001,0.678,0.011333333333333332,0.10200000000000001,0.11266666666666668,0.06833333333333334,0.0,0.5296666666666668,0.4399999999999999,0.12000000000000001,0.234,0.086,0.17466666666666666,0.047333333333333345,0.12733333333333335,0.09200000000000001,0.082,1.1686666666666665,0.04000000000000001,0.10333333333333333,38.534666666666666,0.117,0.19933333333333333,59.19266666666666,0.086,0.11966666666666664,72.07666666666667,0.005666666666666666,0.03766666666666667,0.4666666666666667,0.01733333333333333,0.088,0.19866666666666666,0.082,0.0,0.5003333333333333
93,96,2009-05-13,15,2,2008-2009,Paulistano,Pinheiros,0,0.3929999999999999,0.105,0.20133333333333336,0.08666666666666668,0.15499999999999994,0.05100000000000001,0.10400000000000001,0.0676666666666667,0.08466666666666665,0.8786666666666665,0.035,0.10500000000000001,34.62133333333333,0.10066666666666668,0.19666666666666668,50.866,0.08666666666666668,0.12100000000000002,72.24733333333333,0.005333333333333332,0.03666666666666667,0.4806666666666667,0.015000000000000001,0.11433333333333334,0.13799999999999998,0.08466666666666665,0.0,0.38233333333333336,0.4433333333333333,0.132,0.222,0.08933333333333335,0.16000000000000003,0.044666666666666674,0.11533333333333333,0.08033333333333334,0.06466666666666666,1.326,0.04400000000000001,0.11600000000000002,38.681999999999995,0.111,0.193,57.52266666666666,0.08933333333333335,0.11733333333333335,76.23666666666668,0.017,0.04333333333333334,0.6906666666666667,0.010333333333333335,0.08866666666666666,0.11333333333333331,0.06466666666666666,0.0,0.4906666666666667
82,74,2009-05-13,15,2,2008-2009,Limeira,Coop/São José Basketball,1,0.4353333333333334,0.13500000000000004,0.212,0.08833333333333336,0.14733333333333334,0.038000000000000006,0.10933333333333332,0.08700000000000001,0.06866666666666668,1.3126666666666664,0.045000000000000005,0.12133333333333333,37.62800000000001,0.106,0.18566666666666667,56.98533333333333,0.08833333333333336,0.119,74.13133333333333,0.015333333333333334,0.04533333333333333,0.6886666666666666,0.018666666666666668,0.10500000000000001,0.18733333333333332,0.06866666666666668,0.0,0.47833333333333333,0.3796666666666667,0.112,0.19466666666666668,0.073,0.1633333333333333,0.05566666666666667,0.10766666666666665,0.06000000000000001,0.07400000000000001,0.8773333333333333,0.03733333333333334,0.11800000000000001,31.137999999999998,0.09733333333333334,0.193,51.31066666666667,0.073,0.10099999999999999,71.84933333333333,0.005666666666666667,0.03200000000000001,0.45133333333333336,0.009000000000000001,0.11300000000000002,0.09,0.07400000000000001,0.0,0.36566666666666664
79,69,2009-05-13,15,2,2008-2009,Espírito Santo,Saldanha,1,0.3716666666666667,0.1,0.19266666666666665,0.079,0.14333333333333328,0.039000000000000014,0.10433333333333333,0.06566666666666668,0.07766666666666668,0.9753333333333335,0.03333333333333334,0.1,34.10066666666666,0.09633333333333333,0.1823333333333333,52.94466666666666,0.079,0.11933333333333335,64.48733333333332,0.006000000000000002,0.04233333333333334,0.588,0.007666666666666665,0.10466666666666666,0.07333333333333332,0.07766666666666668,0.0,0.36000000000000004,0.36166666666666664,0.12299999999999998,0.1726666666666667,0.066,0.147,0.05033333333333334,0.09666666666666665,0.06433333333333334,0.087,0.786,0.04100000000000001,0.13133333333333333,31.307333333333336,0.08633333333333335,0.17733333333333334,48.620000000000005,0.066,0.10833333333333334,61.38133333333335,0.015666666666666666,0.04666666666666667,0.5653333333333332,0.009333333333333334,0.10833333333333335,0.09066666666666667,0.087,0.0,0.3183333333333333
95,70,2009-05-13,15,2,2008-2009,Sesi Franca,Araraquara,1,0.4109999999999999,0.106,0.21600000000000005,0.089,0.14833333333333332,0.045333333333333344,0.10300000000000002,0.082,0.068,1.3299999999999998,0.035333333333333335,0.10300000000000001,36.184,0.10800000000000003,0.21066666666666667,50.855333333333334,0.089,0.111,79.81933333333333,0.003999999999999999,0.04366666666666668,0.6926666666666667,0.010000000000000002,0.11766666666666671,0.08666666666666667,0.068,0.0,0.43466666666666665,0.3749999999999999,0.11900000000000002,0.18066666666666667,0.07533333333333332,0.13533333333333333,0.03500000000000001,0.10033333333333334,0.074,0.08733333333333332,0.896,0.039666666666666676,0.11633333333333334,34.28133333333333,0.09033333333333333,0.178,51.32133333333333,0.07533333333333332,0.10199999999999997,72.61333333333332,0.012,0.04300000000000001,0.5306666666666667,0.015333333333333332,0.11733333333333335,0.14533333333333331,0.08733333333333332,0.0,0.3643333333333333
63,72,2009-05-13,15,2,2008-2009,Lajeado,Joinville,0,0.36900000000000005,0.10600000000000001,0.194,0.06899999999999999,0.12666666666666665,0.035333333333333335,0.09133333333333334,0.063,0.058000000000000024,1.2,0.03533333333333333,0.10500000000000001,32.92066666666666,0.097,0.18999999999999997,51.751999999999995,0.06899999999999999,0.09733333333333333,68.38333333333334,0.001,0.033,0.616,0.004666666666666667,0.10700000000000001,0.04400000000000001,0.058000000000000024,0.0,0.34733333333333327,0.4236666666666665,0.151,0.18866666666666665,0.084,0.15666666666666668,0.044666666666666674,0.112,0.07566666666666667,0.06966666666666668,1.2193333333333336,0.05033333333333334,0.13733333333333334,37.01933333333333,0.09433333333333332,0.17600000000000002,53.534,0.084,0.11900000000000002,71.26133333333333,0.009333333333333334,0.04500000000000001,0.7006666666666668,0.014000000000000002,0.10566666666666667,0.13933333333333336,0.06966666666666668,0.0,0.4416666666666667
88,68,2009-05-13,15,2,2008-2009,Bauru Basket,Assis,1,0.4256666666666667,0.13799999999999998,0.2066666666666666,0.08099999999999999,0.15466666666666667,0.05433333333333333,0.10033333333333334,0.06933333333333334,0.04633333333333335,1.7979999999999998,0.046,0.11833333333333332,38.30466666666667,0.1033333333333333,0.19266666666666668,53.720666666666666,0.08099999999999999,0.11233333333333334,71.75733333333332,0.009333333333333334,0.04000000000000001,0.9993333333333332,0.008333333333333333,0.09499999999999999,0.08933333333333333,0.04633333333333335,0.0,0.4586666666666667,0.36566666666666664,0.108,0.1713333333333333,0.08633333333333333,0.145,0.03966666666666667,0.10533333333333333,0.060000000000000026,0.06666666666666668,0.9913333333333333,0.036000000000000004,0.10533333333333332,34.65733333333334,0.08566666666666665,0.17066666666666666,49.81466666666667,0.08633333333333333,0.12199999999999998,71.87133333333333,0.008666666666666666,0.027666666666666676,0.4406666666666667,0.017666666666666664,0.10766666666666667,0.17733333333333334,0.06666666666666668,0.0,0.35933333333333334
87,77,2009-05-15,1,4,2008-2009,Limeira,Joinville,1,0.43566666666666676,0.134,0.214,0.08766666666666668,0.14966666666666664,0.03833333333333334,0.11133333333333333,0.08933333333333333,0.06666666666666667,1.379333333333333,0.04466666666666667,0.12466666666666668,36.78,0.107,0.18533333333333335,57.724000000000004,0.08766666666666668,0.11733333333333335,75.05866666666665,0.01566666666666667,0.046,0.7113333333333334,0.018666666666666668,0.10166666666666667,0.19466666666666665,0.06666666666666667,0.0,0.48466666666666663,0.4183333333333332,0.151,0.186,0.08133333333333333,0.15899999999999997,0.04600000000000001,0.11299999999999998,0.07733333333333332,0.07066666666666668,1.2266666666666666,0.050333333333333334,0.13866666666666666,36.54800000000001,0.093,0.17600000000000002,52.831999999999994,0.08133333333333333,0.11400000000000002,71.92799999999998,0.009000000000000001,0.046333333333333344,0.7106666666666667,0.015000000000000005,0.10266666666666668,0.15800000000000003,0.07066666666666668,0.0,0.44133333333333336
87,92,2009-05-16,1,4,2008-2009,Pinheiros,Flamengo,0,0.44333333333333336,0.13,0.22133333333333335,0.09200000000000001,0.16066666666666668,0.045333333333333344,0.11533333333333333,0.08133333333333331,0.06566666666666668,1.3226666666666667,0.043333333333333335,0.11466666666666667,38.65133333333333,0.11066666666666668,0.19499999999999995,56.782000000000004,0.09200000000000001,0.12033333333333335,76.41333333333334,0.017000000000000005,0.04233333333333334,0.6693333333333334,0.011000000000000003,0.09,0.11866666666666666,0.06566666666666668,0.0,0.489,0.4566666666666667,0.13899999999999998,0.214,0.10366666666666666,0.1753333333333333,0.04333333333333335,0.132,0.08933333333333335,0.067,1.408,0.046333333333333344,0.13033333333333336,35.66733333333333,0.107,0.17966666666666667,59.88599999999999,0.10366666666666666,0.13533333333333333,78.87666666666665,0.008666666666666665,0.04333333333333334,0.672,0.012,0.10066666666666667,0.12266666666666667,0.067,0.0,0.5213333333333335
79,83,2009-05-17,1,4,2008-2009,Bauru Basket,Minas,0,0.42433333333333334,0.141,0.2046666666666667,0.07866666666666666,0.15433333333333332,0.054000000000000006,0.10033333333333336,0.06966666666666668,0.04400000000000002,1.8573333333333333,0.04700000000000001,0.11899999999999998,38.961333333333336,0.10233333333333335,0.19233333333333336,53.282000000000004,0.07866666666666666,0.10900000000000001,72.20599999999999,0.009666666666666665,0.03766666666666667,0.9793333333333333,0.007666666666666667,0.09633333333333334,0.08133333333333333,0.04400000000000002,0.0,0.4573333333333334,0.4346666666666667,0.11899999999999998,0.23200000000000007,0.08366666666666665,0.17866666666666664,0.047333333333333345,0.13133333333333336,0.09266666666666667,0.08133333333333333,1.182,0.03966666666666667,0.10533333333333332,37.812666666666665,0.11600000000000003,0.19866666666666666,58.87666666666666,0.08366666666666665,0.11533333333333332,72.61333333333333,0.006333333333333332,0.035,0.44266666666666665,0.015666666666666666,0.08866666666666666,0.17933333333333332,0.08133333333333333,0.0,0.49533333333333335
76,78,2009-05-17,1,4,2008-2009,Sesi Franca,Brasília,0,0.418,0.108,0.21933333333333332,0.09066666666666666,0.14966666666666664,0.044666666666666674,0.10500000000000001,0.084,0.06833333333333334,1.3546666666666667,0.036000000000000004,0.10200000000000002,37.478,0.10966666666666666,0.20933333333333337,51.986000000000004,0.09066666666666666,0.11566666666666667,78.74,0.003333333333333333,0.04433333333333334,0.7,0.010666666666666665,0.11866666666666668,0.09066666666666669,0.06833333333333334,0.0,0.44766666666666666,0.43799999999999994,0.112,0.22266666666666665,0.10333333333333332,0.15166666666666667,0.03533333333333333,0.11633333333333334,0.07766666666666668,0.07433333333333333,1.1886666666666668,0.03733333333333333,0.10733333333333332,35.87800000000001,0.11133333333333333,0.18266666666666664,60.86800000000001,0.10333333333333332,0.13433333333333333,76.46733333333333,0.012000000000000004,0.043000000000000003,0.6093333333333333,0.016666666666666666,0.11133333333333333,0.17,0.07433333333333333,0.0,0.48033333333333333
92,85,2009-05-18,2,4,2008-2009,Flamengo,Pinheiros,1,0.45866666666666667,0.13799999999999998,0.2153333333333333,0.10533333333333333,0.17333333333333334,0.04133333333333334,0.13200000000000003,0.08933333333333333,0.06466666666666668,1.4433333333333331,0.04600000000000001,0.13,35.489333333333335,0.10766666666666665,0.17766666666666667,60.974,0.10533333333333333,0.13899999999999998,77.756,0.007999999999999998,0.043666666666666666,0.6946666666666668,0.012666666666666666,0.10166666666666667,0.12866666666666668,0.06466666666666668,0.0,0.5253333333333335,0.4416666666666667,0.13500000000000004,0.21866666666666668,0.08800000000000001,0.15766666666666668,0.044666666666666674,0.11299999999999999,0.08233333333333334,0.06533333333333334,1.3459999999999999,0.045000000000000005,0.11766666666666667,39.05266666666667,0.10933333333333334,0.19433333333333333,56.26466666666666,0.08800000000000001,0.11466666666666667,76.34333333333333,0.016666666666666666,0.04300000000000002,0.6833333333333333,0.010000000000000002,0.092,0.10666666666666667,0.06533333333333334,0.0,0.485
85,75,2009-05-18,2,4,2008-2009,Joinville,Limeira,1,0.4113333333333333,0.154,0.17866666666666667,0.07866666666666666,0.15666666666666668,0.045333333333333344,0.11133333333333333,0.07999999999999999,0.06800000000000002,1.2719999999999998,0.051333333333333335,0.13933333333333334,37.06733333333333,0.08933333333333333,0.1733333333333333,51.39266666666666,0.07866666666666666,0.11166666666666668,71.31133333333334,0.008666666666666668,0.04466666666666668,0.7020000000000001,0.015000000000000005,0.09833333333333334,0.16,0.06800000000000002,0.0,0.4346666666666667,0.4316666666666667,0.128,0.21466666666666664,0.08900000000000001,0.15066666666666664,0.03866666666666667,0.112,0.08833333333333335,0.06666666666666668,1.3666666666666665,0.04266666666666667,0.12266666666666667,35.937999999999995,0.10733333333333332,0.18666666666666668,57.446000000000005,0.08900000000000001,0.11933333333333335,74.78599999999999,0.015333333333333336,0.047000000000000014,0.724,0.018000000000000002,0.101,0.19000000000000003,0.06666666666666668,0.0,0.4793333333333333
87,84,2009-05-19,3,4,2008-2009,Flamengo,Pinheiros,1,0.4543333333333333,0.14,0.21333333333333337,0.101,0.1726666666666667,0.03833333333333333,0.13433333333333336,0.088,0.06466666666666666,1.4233333333333333,0.046666666666666676,0.12933333333333336,36.12466666666667,0.10666666666666669,0.17633333333333334,60.914,0.101,0.13433333333333333,77.08533333333334,0.009666666666666665,0.04133333333333334,0.6586666666666668,0.012666666666666666,0.10133333333333334,0.12866666666666668,0.06466666666666666,0.0,0.5186666666666667,0.44299999999999995,0.136,0.21866666666666668,0.08833333333333335,0.16033333333333333,0.04666666666666667,0.11366666666666667,0.08233333333333334,0.06366666666666668,1.3913333333333333,0.04533333333333334,0.11733333333333333,39.334666666666664,0.10933333333333334,0.1983333333333333,55.34066666666666,0.08833333333333335,0.11566666666666667,75.912,0.017666666666666667,0.04100000000000001,0.6733333333333333,0.010000000000000002,0.094,0.10666666666666667,0.06366666666666668,0.0,0.4846666666666666
96,105,2009-05-19,2,4,2008-2009,Brasília,Sesi Franca,0,0.4356666666666666,0.116,0.21733333333333335,0.10233333333333335,0.15099999999999997,0.034,0.11699999999999999,0.07899999999999999,0.076,1.1913333333333336,0.03866666666666667,0.108,36.87199999999999,0.10866666666666668,0.1833333333333333,59.06666666666668,0.10233333333333335,0.13166666666666668,77.39,0.012000000000000004,0.04133333333333333,0.5813333333333333,0.016,0.11433333333333333,0.15533333333333335,0.076,0.0,0.4736666666666667,0.4176666666666666,0.113,0.21200000000000002,0.09266666666666666,0.14666666666666667,0.04300000000000001,0.1036666666666667,0.083,0.06466666666666668,1.394,0.03766666666666667,0.10533333333333333,38.14333333333334,0.10600000000000001,0.20500000000000002,51.239333333333335,0.09266666666666666,0.12000000000000001,77.69133333333335,0.003666666666666666,0.04333333333333334,0.7213333333333334,0.011000000000000001,0.11800000000000002,0.09466666666666668,0.06466666666666668,0.0,0.443
74,47,2009-05-19,2,4,2008-2009,Minas,Bauru Basket,1,0.43200000000000005,0.12099999999999998,0.22600000000000003,0.08499999999999998,0.17399999999999996,0.045000000000000005,0.129,0.09200000000000001,0.077,1.312,0.04033333333333333,0.10733333333333332,37.64,0.11300000000000002,0.19499999999999998,58.36999999999998,0.08499999999999998,0.11599999999999998,73.44866666666668,0.006333333333333332,0.036333333333333336,0.5173333333333333,0.016,0.08866666666666667,0.18266666666666667,0.077,0.0,0.49333333333333323,0.425,0.146,0.20066666666666666,0.07833333333333334,0.15633333333333332,0.054666666666666676,0.10166666666666667,0.07000000000000002,0.04400000000000001,1.8653333333333335,0.04866666666666668,0.12000000000000001,40.23666666666667,0.10033333333333333,0.193,52.11466666666667,0.07833333333333334,0.10866666666666668,72.136,0.009333333333333334,0.03633333333333334,0.9460000000000001,0.006666666666666668,0.095,0.07200000000000001,0.04400000000000001,0.0,0.45600000000000007
77,63,2009-05-19,3,4,2008-2009,Joinville,Limeira,1,0.412,0.153,0.18066666666666667,0.07833333333333334,0.161,0.04700000000000001,0.114,0.07866666666666666,0.07,1.222,0.051000000000000004,0.13733333333333336,37.314,0.09033333333333333,0.177,50.87866666666667,0.07833333333333334,0.10966666666666666,72.16066666666667,0.008333333333333335,0.04400000000000001,0.678,0.015000000000000005,0.09966666666666667,0.15866666666666665,0.07,0.0,0.43633333333333335,0.42100000000000004,0.12700000000000003,0.20933333333333337,0.08466666666666667,0.14866666666666667,0.037,0.11166666666666666,0.08666666666666667,0.06666666666666667,1.3433333333333335,0.042333333333333334,0.12433333333333332,35.254666666666665,0.10466666666666669,0.18333333333333338,57.092000000000006,0.08466666666666667,0.113,74.95133333333335,0.014000000000000002,0.04333333333333334,0.6713333333333332,0.018666666666666668,0.09966666666666667,0.1966666666666667,0.06666666666666667,0.0,0.4626666666666666
75,74,2009-05-20,3,4,2008-2009,Minas,Bauru Basket,1,0.4246666666666667,0.11299999999999999,0.22933333333333333,0.08233333333333333,0.17633333333333331,0.044000000000000004,0.13233333333333333,0.08833333333333333,0.07733333333333332,1.2453333333333334,0.03766666666666667,0.10533333333333335,36.059999999999995,0.11466666666666667,0.19333333333333333,59.61466666666665,0.08233333333333333,0.11099999999999999,74.17133333333335,0.006,0.035,0.49333333333333323,0.016,0.08700000000000001,0.18400000000000002,0.07733333333333332,0.0,0.48800000000000004,0.4073333333333334,0.143,0.19466666666666668,0.06966666666666667,0.156,0.05400000000000001,0.10200000000000004,0.06866666666666668,0.04400000000000001,1.832,0.04766666666666668,0.11899999999999998,39.74266666666667,0.09733333333333334,0.196,49.86333333333334,0.06966666666666667,0.09833333333333334,71.61200000000001,0.009000000000000001,0.03600000000000001,0.9380000000000002,0.006000000000000001,0.09233333333333335,0.068,0.04400000000000001,0.0,0.4313333333333334
76,66,2009-05-20,3,4,2008-2009,Brasília,Sesi Franca,1,0.43899999999999995,0.115,0.22266666666666668,0.10133333333333333,0.15433333333333332,0.03766666666666667,0.11666666666666667,0.078,0.07666666666666667,1.170666666666667,0.03833333333333334,0.11200000000000002,35.434666666666665,0.11133333333333334,0.19033333333333333,58.68533333333334,0.10133333333333333,0.13066666666666668,77.23133333333334,0.011666666666666669,0.042666666666666665,0.5946666666666667,0.016,0.11666666666666667,0.1526666666666667,0.07666666666666667,0.0,0.47133333333333327,0.42066666666666663,0.116,0.20933333333333334,0.09533333333333333,0.14600000000000002,0.04033333333333333,0.10566666666666666,0.07966666666666668,0.06366666666666668,1.3620000000000003,0.038666666666666676,0.11066666666666668,35.820000000000014,0.10466666666666667,0.20433333333333334,50.81666666666668,0.09533333333333333,0.12366666666666666,77.48066666666666,0.003333333333333333,0.04333333333333334,0.7306666666666667,0.011333333333333336,0.11966666666666667,0.09666666666666668,0.06366666666666668,0.0,0.43733333333333335
89,95,2009-05-21,4,4,2008-2009,Limeira,Joinville,0,0.41300000000000003,0.13,0.20133333333333336,0.08166666666666665,0.14633333333333334,0.036000000000000004,0.11033333333333335,0.08766666666666668,0.06733333333333331,1.346666666666667,0.043333333333333335,0.126,35.796,0.10066666666666668,0.18000000000000005,55.98066666666667,0.08166666666666665,0.11000000000000001,74.05133333333333,0.013333333333333336,0.04400000000000001,0.6759999999999999,0.019333333333333334,0.09933333333333332,0.20466666666666672,0.06733333333333331,0.0,0.4526666666666666,0.41433333333333333,0.157,0.17933333333333332,0.07800000000000001,0.16500000000000004,0.04833333333333334,0.11666666666666665,0.08066666666666666,0.07333333333333333,1.1793333333333333,0.05233333333333334,0.13533333333333336,38.742,0.08966666666666666,0.178,50.232,0.07800000000000001,0.10600000000000001,73.77133333333333,0.008333333333333333,0.04200000000000001,0.5906666666666667,0.015333333333333336,0.09833333333333334,0.164,0.07333333333333333,0.0,0.44466666666666665
74,73,2009-05-22,4,4,2008-2009,Sesi Franca,Brasília,1,0.41333333333333333,0.117,0.20266666666666666,0.09366666666666665,0.14733333333333334,0.04133333333333334,0.106,0.076,0.06433333333333333,1.2880000000000003,0.03900000000000001,0.11266666666666668,35.59866666666667,0.10133333333333333,0.20433333333333334,49.266,0.09366666666666665,0.12200000000000001,77.19333333333334,0.0023333333333333335,0.04100000000000001,0.6819999999999998,0.011333333333333336,0.12300000000000001,0.09533333333333334,0.06433333333333333,0.0,0.4196666666666666,0.432,0.10999999999999997,0.22333333333333336,0.09866666666666668,0.1593333333333333,0.03866666666666667,0.12066666666666666,0.07833333333333332,0.07966666666666668,1.1440000000000003,0.03666666666666666,0.11033333333333335,33.58266666666667,0.11166666666666668,0.192,58.28333333333334,0.09866666666666668,0.13,75.73933333333335,0.011000000000000003,0.043666666666666666,0.5913333333333334,0.016666666666666666,0.11599999999999998,0.158,0.07966666666666668,0.0,0.46499999999999997
64,59,2009-05-24,5,4,2008-2009,Brasília,Sesi Franca,1,0.42499999999999993,0.11399999999999998,0.21800000000000003,0.09300000000000001,0.16399999999999998,0.04200000000000001,0.12199999999999998,0.07666666666666666,0.07933333333333333,1.1273333333333333,0.038,0.11066666666666668,34.81066666666666,0.10900000000000001,0.193,56.384,0.09300000000000001,0.12400000000000001,75.224,0.010333333333333335,0.04166666666666667,0.5673333333333334,0.018,0.11299999999999999,0.17200000000000001,0.07933333333333333,0.0,0.4583333333333333,0.41433333333333333,0.11899999999999998,0.202,0.09333333333333332,0.14666666666666667,0.042,0.10466666666666667,0.07766666666666665,0.06366666666666666,1.3386666666666671,0.03966666666666667,0.11266666666666668,36.178,0.101,0.204,49.18866666666667,0.09333333333333332,0.12099999999999998,77.78600000000002,0.0026666666666666666,0.04000000000000001,0.6759999999999998,0.012333333333333335,0.12066666666666667,0.10800000000000003,0.06366666666666666,0.0,0.42366666666666664
86,88,2009-05-26,1,5,2008-2009,Joinville,Flamengo,0,0.418,0.161,0.18,0.077,0.16500000000000004,0.04833333333333333,0.11666666666666665,0.08166666666666668,0.07233333333333333,1.2220000000000002,0.05366666666666668,0.13366666666666668,40.31733333333333,0.09,0.18066666666666667,49.734,0.077,0.10266666666666666,74.69866666666667,0.007666666666666667,0.03900000000000001,0.5539999999999999,0.015000000000000003,0.09766666666666667,0.162,0.07233333333333333,0.0,0.45,0.45799999999999996,0.14,0.21533333333333335,0.10266666666666667,0.17200000000000004,0.03866666666666667,0.13333333333333333,0.088,0.06533333333333334,1.416,0.046666666666666676,0.12600000000000003,36.918000000000006,0.10766666666666667,0.1796666666666667,60.46933333333334,0.10266666666666667,0.13633333333333333,76.99266666666666,0.010333333333333335,0.04266666666666667,0.6720000000000002,0.012,0.09900000000000002,0.12333333333333334,0.06533333333333334,0.0,0.5223333333333333
91,78,2009-05-27,1,5,2008-2009,Minas,Brasília,1,0.42200000000000004,0.115,0.22599999999999998,0.08099999999999999,0.17633333333333334,0.04366666666666667,0.13266666666666665,0.087,0.07766666666666665,1.2186666666666668,0.03833333333333334,0.10699999999999998,36.19333333333334,0.11299999999999999,0.19333333333333333,58.66266666666665,0.08099999999999999,0.10899999999999999,74.43666666666668,0.006,0.03433333333333333,0.48066666666666663,0.013333333333333334,0.08566666666666668,0.1553333333333333,0.07766666666666665,0.0,0.47833333333333333,0.42066666666666663,0.112,0.21599999999999994,0.09266666666666667,0.16733333333333336,0.045333333333333344,0.12199999999999998,0.07533333333333332,0.08033333333333333,1.096,0.037333333333333336,0.11100000000000003,34.18266666666666,0.10799999999999997,0.19466666666666665,55.28066666666667,0.09266666666666667,0.12200000000000003,76.24666666666667,0.010666666666666666,0.04566666666666667,0.6173333333333333,0.018333333333333333,0.11366666666666665,0.1733333333333333,0.08033333333333333,0.0,0.45733333333333337
92,86,2009-05-29,2,5,2008-2009,Flamengo,Joinville,1,0.45699999999999996,0.141,0.21600000000000003,0.10000000000000002,0.17033333333333334,0.036000000000000004,0.13433333333333333,0.08866666666666667,0.06566666666666666,1.4200000000000002,0.04700000000000001,0.12600000000000003,37.165333333333336,0.10800000000000001,0.17733333333333334,61.548666666666676,0.10000000000000002,0.12933333333333336,78.76533333333333,0.011000000000000003,0.04233333333333334,0.6633333333333336,0.010000000000000002,0.09766666666666667,0.10400000000000001,0.06566666666666666,0.0,0.525,0.4169999999999999,0.16,0.17933333333333337,0.07766666666666668,0.16599999999999998,0.04533333333333334,0.12066666666666666,0.084,0.07133333333333333,1.2786666666666666,0.05333333333333334,0.13466666666666666,39.894666666666666,0.08966666666666669,0.17899999999999996,50.06533333333334,0.07766666666666668,0.10333333333333333,75.05600000000001,0.008,0.03966666666666667,0.572,0.014000000000000002,0.09800000000000002,0.1506666666666667,0.07133333333333333,0.0,0.453
103,76,2009-05-30,2,5,2008-2009,Brasília,Minas,1,0.41833333333333333,0.115,0.21266666666666667,0.09066666666666666,0.16466666666666668,0.04333333333333334,0.12133333333333332,0.07333333333333332,0.08199999999999999,1.0339999999999998,0.03833333333333334,0.11366666666666667,34.230000000000004,0.10633333333333334,0.18966666666666665,55.88866666666667,0.09066666666666666,0.11900000000000002,76.59666666666665,0.009333333333333334,0.043000000000000003,0.5573333333333333,0.018333333333333333,0.11433333333333333,0.17200000000000001,0.08199999999999999,0.0,0.4486666666666667,0.41566666666666674,0.115,0.21866666666666668,0.08199999999999999,0.17400000000000002,0.04066666666666667,0.13333333333333333,0.0893333333333333,0.07433333333333333,1.4146666666666667,0.03833333333333334,0.107,36.193333333333335,0.10933333333333334,0.19166666666666668,57.34799999999999,0.08199999999999999,0.10933333333333334,75.07666666666668,0.005666666666666666,0.034333333333333334,0.5253333333333333,0.012000000000000004,0.08433333333333334,0.14266666666666666,0.07433333333333333,0.0,0.4726666666666666
109,94,2009-05-30,3,5,2008-2009,Flamengo,Joinville,1,0.4523333333333333,0.136,0.214,0.10233333333333335,0.172,0.03666666666666667,0.13533333333333336,0.08766666666666666,0.069,1.372,0.04533333333333334,0.12500000000000006,36.12266666666667,0.107,0.1753333333333333,61.628000000000014,0.10233333333333335,0.13233333333333333,78.59933333333332,0.011333333333333336,0.04366666666666667,0.6626666666666668,0.009666666666666667,0.09533333333333333,0.10066666666666665,0.069,0.0,0.5183333333333332,0.42199999999999993,0.16400000000000003,0.18666666666666665,0.07133333333333333,0.1653333333333333,0.045666666666666675,0.11966666666666664,0.08433333333333333,0.07066666666666667,1.29,0.05466666666666667,0.13533333333333336,40.59799999999999,0.09333333333333332,0.18366666666666667,50.758,0.07133333333333333,0.09433333333333334,73.34733333333334,0.007666666666666666,0.041666666666666664,0.6013333333333333,0.014333333333333333,0.09900000000000002,0.15200000000000002,0.07066666666666667,0.0,0.46299999999999997
89,79,2009-05-31,3,5,2008-2009,Brasília,Minas,1,0.426,0.11899999999999998,0.21266666666666664,0.09433333333333332,0.164,0.042,0.12200000000000001,0.07600000000000001,0.08099999999999999,1.097333333333333,0.03966666666666666,0.11400000000000003,35.268666666666675,0.10633333333333332,0.19099999999999998,55.443999999999996,0.09433333333333332,0.12266666666666669,77.30666666666666,0.008333333333333333,0.042333333333333334,0.5586666666666666,0.019,0.11699999999999999,0.17333333333333334,0.08099999999999999,0.0,0.45899999999999996,0.4130000000000001,0.10799999999999997,0.22333333333333333,0.08166666666666665,0.1696666666666667,0.04033333333333334,0.12933333333333333,0.08799999999999998,0.07366666666666667,1.4033333333333333,0.036000000000000004,0.10533333333333332,34.23866666666667,0.11166666666666666,0.19733333333333333,56.81133333333333,0.08166666666666665,0.11033333333333332,74.18466666666669,0.006333333333333332,0.035,0.5359999999999999,0.012333333333333337,0.08499999999999999,0.1446666666666667,0.07366666666666667,0.0,0.4606666666666666
90,101,2009-06-02,4,5,2008-2009,Minas,Brasília,0,0.41300000000000003,0.107,0.22400000000000003,0.082,0.16566666666666668,0.03833333333333334,0.12733333333333333,0.08866666666666666,0.074,1.4086666666666667,0.035666666666666666,0.10633333333333335,33.61133333333334,0.11200000000000002,0.1963333333333333,57.34733333333334,0.082,0.11299999999999999,72.952,0.006333333333333333,0.035666666666666666,0.5433333333333332,0.011666666666666669,0.08866666666666667,0.13333333333333333,0.074,0.0,0.4546666666666666,0.42433333333333334,0.11999999999999998,0.2073333333333333,0.097,0.16299999999999995,0.04166666666666667,0.12133333333333333,0.07433333333333335,0.081,1.0693333333333332,0.04,0.11266666666666669,35.93533333333334,0.10366666666666664,0.18833333333333335,54.92066666666667,0.097,0.12466666666666666,78.012,0.007333333333333334,0.04266666666666667,0.5646666666666668,0.018333333333333333,0.11999999999999998,0.16000000000000003,0.081,0.0,0.45666666666666667
74,81,2009-06-11,1,6,2008-2009,Brasília,Flamengo,0,0.41933333333333334,0.116,0.204,0.09933333333333333,0.164,0.04266666666666667,0.12133333333333332,0.07300000000000001,0.08133333333333333,1.0453333333333332,0.03866666666666667,0.11200000000000002,34.73800000000001,0.102,0.18833333333333332,54.066,0.09933333333333333,0.128,77.85866666666666,0.006333333333333334,0.04233333333333334,0.5573333333333335,0.018333333333333333,0.12033333333333335,0.15933333333333335,0.08133333333333333,0.0,0.44733333333333325,0.456,0.142,0.20933333333333337,0.10466666666666669,0.17466666666666664,0.03666666666666667,0.138,0.08933333333333332,0.06999999999999999,1.3646666666666667,0.04733333333333334,0.12633333333333335,37.114000000000004,0.10466666666666669,0.17566666666666667,60.14333333333334,0.10466666666666669,0.13833333333333334,76.62000000000002,0.011000000000000003,0.04500000000000001,0.6793333333333335,0.008666666666666666,0.09199999999999998,0.09266666666666665,0.06999999999999999,0.0,0.52
71,81,2009-06-13,2,6,2008-2009,Flamengo,Brasília,0,0.44966666666666666,0.13499999999999998,0.21133333333333332,0.10333333333333332,0.17233333333333334,0.036333333333333336,0.136,0.089,0.068,1.3906666666666667,0.045000000000000005,0.127,35.32066666666666,0.10566666666666666,0.17766666666666667,60.01733333333334,0.10333333333333332,0.137,76.34200000000001,0.012000000000000004,0.047333333333333345,0.7360000000000001,0.008666666666666666,0.09166666666666665,0.09333333333333334,0.068,0.0,0.5113333333333333,0.418,0.11699999999999999,0.19933333333333333,0.10166666666666666,0.16666666666666666,0.04166666666666667,0.125,0.07066666666666667,0.08,1.0313333333333332,0.03900000000000001,0.11833333333333336,33.02066666666667,0.09966666666666667,0.18400000000000002,54.05533333333334,0.10166666666666666,0.13099999999999998,77.838,0.005666666666666667,0.04233333333333334,0.5606666666666666,0.018000000000000002,0.12066666666666667,0.15600000000000003,0.08,0.0,0.4426666666666666
99,78,2009-06-14,3,6,2008-2009,Flamengo,Brasília,1,0.44333333333333336,0.12799999999999997,0.2126666666666667,0.10266666666666667,0.17099999999999996,0.03866666666666667,0.13233333333333333,0.08733333333333333,0.06766666666666667,1.3706666666666663,0.04266666666666666,0.12733333333333333,33.67333333333333,0.10633333333333335,0.1833333333333333,58.50266666666667,0.10266666666666667,0.137,75.76266666666668,0.012333333333333337,0.04666666666666667,0.728,0.009000000000000001,0.09266666666666666,0.09666666666666668,0.06766666666666667,0.0,0.49366666666666664,0.42066666666666663,0.11699999999999999,0.2026666666666667,0.10099999999999999,0.17133333333333337,0.04300000000000001,0.12833333333333333,0.07166666666666667,0.07933333333333333,1.044,0.03900000000000001,0.11866666666666668,32.900000000000006,0.10133333333333334,0.184,55.13,0.10099999999999999,0.13066666666666665,77.44866666666667,0.005333333333333334,0.03933333333333334,0.5353333333333334,0.017,0.12300000000000001,0.14333333333333334,0.07933333333333333,0.0,0.4486666666666666
82,78,2009-06-21,4,6,2008-2009,Brasília,Flamengo,1,0.41933333333333334,0.11299999999999998,0.20200000000000004,0.10433333333333332,0.17300000000000001,0.044666666666666674,0.12833333333333333,0.07300000000000001,0.07899999999999999,1.0653333333333332,0.03766666666666667,0.11733333333333336,32.10733333333334,0.10100000000000002,0.183,55.219333333333346,0.10433333333333332,0.13633333333333333,77.25200000000001,0.006333333333333334,0.03766666666666667,0.5153333333333333,0.017,0.12766666666666668,0.138,0.07899999999999999,0.0,0.44733333333333325,0.4433333333333334,0.13099999999999998,0.20533333333333337,0.10700000000000001,0.16666666666666663,0.03800000000000001,0.12866666666666665,0.08266666666666667,0.066,1.346666666666667,0.043666666666666666,0.12866666666666665,34.016000000000005,0.10266666666666668,0.182,56.995333333333335,0.10700000000000001,0.143,75.586,0.010666666666666668,0.04600000000000001,0.7373333333333333,0.009000000000000001,0.09966666666666665,0.08933333333333333,0.066,0.0,0.4813333333333334
76,68,2009-06-28,5,6,2008-2009,Flamengo,Brasília,1,0.4396666666666667,0.12999999999999998,0.2013333333333334,0.10833333333333334,0.16966666666666666,0.041000000000000016,0.12866666666666665,0.07833333333333334,0.06733333333333333,1.2526666666666666,0.043333333333333335,0.13299999999999998,32.99333333333333,0.1006666666666667,0.18033333333333335,56.42600000000001,0.10833333333333334,0.14266666666666664,76.77333333333333,0.010000000000000002,0.043666666666666666,0.6793333333333333,0.009000000000000003,0.10033333333333333,0.08866666666666669,0.06733333333333333,0.0,0.4693333333333334,0.41600000000000004,0.10499999999999997,0.21,0.10099999999999999,0.178,0.046333333333333344,0.13166666666666668,0.07466666666666667,0.07833333333333334,1.0946666666666667,0.035,0.11500000000000002,30.61533333333334,0.105,0.18766666666666668,55.85933333333334,0.10099999999999999,0.13366666666666666,76.22333333333333,0.006000000000000001,0.035666666666666666,0.494,0.017,0.12233333333333334,0.14066666666666666,0.07833333333333334,0.0,0.44766666666666666
92,98,2009-11-01,1,1,2009-2010,Pinheiros,Brasília,0,0.0,0.0,0.0,0.0,0.0,0.0,0.0,0.0,0.0,0.0,0.0,0.0,0.0,0.0,0.0,0.0,0.0,0.0,0.0,0.0,0.0,0.0,0.0,0.0,0.0,0.0,0.0,0.0,0.0,0.0,0.0,0.0,0.0,0.0,0.0,0.0,0.0,0.0,0.0,0.0,0.0,0.0,0.0,0.0,0.0,0.0,0.0,0.0,0.0,0.0,0.0,0.0,0.0,0.0,0.0,0.0
74,63,2009-11-01,1,1,2009-2010,Sesi Franca,Assis,1,0.0,0.0,0.0,0.0,0.0,0.0,0.0,0.0,0.0,0.0,0.0,0.0,0.0,0.0,0.0,0.0,0.0,0.0,0.0,0.0,0.0,0.0,0.0,0.0,0.0,0.0,0.0,0.0,0.0,0.0,0.0,0.0,0.0,0.0,0.0,0.0,0.0,0.0,0.0,0.0,0.0,0.0,0.0,0.0,0.0,0.0,0.0,0.0,0.0,0.0,0.0,0.0,0.0,0.0,0.0,0.0
85,88,2009-11-01,1,1,2009-2010,Paulistano,Minas,0,0.0,0.0,0.0,0.0,0.0,0.0,0.0,0.0,0.0,0.0,0.0,0.0,0.0,0.0,0.0,0.0,0.0,0.0,0.0,0.0,0.0,0.0,0.0,0.0,0.0,0.0,0.0,0.0,0.0,0.0,0.0,0.0,0.0,0.0,0.0,0.0,0.0,0.0,0.0,0.0,0.0,0.0,0.0,0.0,0.0,0.0,0.0,0.0,0.0,0.0,0.0,0.0,0.0,0.0,0.0,0.0
99,70,2009-11-01,1,1,2009-2010,Flamengo,Espírito Santo,1,0.0,0.0,0.0,0.0,0.0,0.0,0.0,0.0,0.0,0.0,0.0,0.0,0.0,0.0,0.0,0.0,0.0,0.0,0.0,0.0,0.0,0.0,0.0,0.0,0.0,0.0,0.0,0.0,0.0,0.0,0.0,0.0,0.0,0.0,0.0,0.0,0.0,0.0,0.0,0.0,0.0,0.0,0.0,0.0,0.0,0.0,0.0,0.0,0.0,0.0,0.0,0.0,0.0,0.0,0.0,0.0
108,76,2009-11-01,1,1,2009-2010,Joinville,Londrina,1,0.0,0.0,0.0,0.0,0.0,0.0,0.0,0.0,0.0,0.0,0.0,0.0,0.0,0.0,0.0,0.0,0.0,0.0,0.0,0.0,0.0,0.0,0.0,0.0,0.0,0.0,0.0,0.0,0.0,0.0,0.0,0.0,0.0,0.0,0.0,0.0,0.0,0.0,0.0,0.0,0.0,0.0,0.0,0.0,0.0,0.0,0.0,0.0,0.0,0.0,0.0,0.0,0.0,0.0,0.0,0.0
84,72,2009-11-01,1,1,2009-2010,Coop/São José Basketball,Saldanha,1,0.0,0.0,0.0,0.0,0.0,0.0,0.0,0.0,0.0,0.0,0.0,0.0,0.0,0.0,0.0,0.0,0.0,0.0,0.0,0.0,0.0,0.0,0.0,0.0,0.0,0.0,0.0,0.0,0.0,0.0,0.0,0.0,0.0,0.0,0.0,0.0,0.0,0.0,0.0,0.0,0.0,0.0,0.0,0.0,0.0,0.0,0.0,0.0,0.0,0.0,0.0,0.0,0.0,0.0,0.0,0.0
76,69,2009-11-01,1,1,2009-2010,Araraquara,Bauru Basket,1,0.0,0.0,0.0,0.0,0.0,0.0,0.0,0.0,0.0,0.0,0.0,0.0,0.0,0.0,0.0,0.0,0.0,0.0,0.0,0.0,0.0,0.0,0.0,0.0,0.0,0.0,0.0,0.0,0.0,0.0,0.0,0.0,0.0,0.0,0.0,0.0,0.0,0.0,0.0,0.0,0.0,0.0,0.0,0.0,0.0,0.0,0.0,0.0,0.0,0.0,0.0,0.0,0.0,0.0,0.0,0.0
72,69,2009-11-15,3,1,2009-2010,Joinville,Flamengo,1,0.54,0.15,0.32,0.07,0.165,0.075,0.09,0.095,0.06,1.58,0.05,0.115,43.48,0.16,0.25,64.0,0.07,0.09,77.78,0.025,0.05,0.83,0.015,0.105,0.14,0.06,0.02,0.63,0.495,0.195,0.2,0.1,0.15,0.035,0.115,0.065,0.055,1.18,0.065,0.12,54.17,0.1,0.165,60.61,0.1,0.13,76.92,0.005,0.06,1.09,0.005,0.08,0.06,0.055,0.01,0.57
88,64,2009-11-15,3,1,2009-2010,Bauru Basket,Assis,1,0.345,0.12,0.2,0.025,0.125,0.04,0.085,0.055,0.06,0.92,0.04,0.12,33.33,0.1,0.195,51.28,0.025,0.035,71.43,0.0,0.05,0.83,0.03,0.06,0.5,0.06,0.02,0.36,0.315,0.03,0.22,0.065,0.195,0.085,0.11,0.05,0.06,0.83,0.01,0.095,10.53,0.11,0.235,46.81,0.065,0.09,72.22,0.01,0.01,0.17,0.015,0.095,0.16,0.06,0.01,0.29
75,76,2009-11-15,3,1,2009-2010,Saldanha,Pinheiros,0,0.36,0.135,0.19,0.035,0.11,0.025,0.085,0.05,0.06,0.83,0.045,0.1,45.0,0.095,0.19,50.0,0.035,0.08,43.75,0.005,0.01,0.17,0.01,0.085,0.12,0.06,0.01,0.285,0.46,0.135,0.24,0.085,0.145,0.04,0.105,0.075,0.06,1.25,0.045,0.155,29.03,0.12,0.185,64.86,0.085,0.1,85.0,0.015,0.05,0.83,0.005,0.11,0.05,0.06,0.01,0.485
69,67,2009-11-15,3,1,2009-2010,Londrina,Coop/São José Basketball,1,0.38,0.045,0.26,0.075,0.105,0.045,0.06,0.07,0.075,0.93,0.015,0.07,21.43,0.13,0.23,56.52,0.075,0.115,65.22,0.0,0.015,0.2,0.03,0.075,0.4,0.075,0.015,0.33,0.42,0.15,0.21,0.06,0.155,0.075,0.08,0.125,0.05,2.5,0.05,0.165,30.3,0.105,0.145,72.41,0.06,0.095,63.16,0.01,0.025,0.5,0.005,0.095,0.05,0.05,0.0,0.49
88,80,2009-11-15,3,1,2009-2010,Brasília,Sesi Franca,1,0.49,0.165,0.24,0.085,0.145,0.04,0.105,0.11,0.09,1.22,0.055,0.105,52.38,0.12,0.22,54.55,0.085,0.11,77.27,0.03,0.035,0.39,0.005,0.095,0.05,0.09,0.025,0.52,0.37,0.06,0.26,0.05,0.16,0.05,0.11,0.1,0.015,6.67,0.02,0.095,21.05,0.13,0.23,56.52,0.05,0.085,58.82,0.0,0.015,1.0,0.02,0.085,0.24,0.015,0.0,0.44
54,52,2009-11-15,3,1,2009-2010,Espírito Santo,Paulistano,1,0.35,0.15,0.14,0.06,0.165,0.06,0.105,0.055,0.105,0.52,0.05,0.135,37.04,0.07,0.17,41.18,0.06,0.08,75.0,0.005,0.04,0.38,0.005,0.1,0.05,0.105,0.03,0.305,0.425,0.12,0.24,0.065,0.135,0.04,0.095,0.105,0.045,2.33,0.04,0.12,33.33,0.12,0.225,53.33,0.065,0.09,72.22,0.01,0.055,1.22,0.005,0.1,0.05,0.045,0.005,0.47
86,84,2009-11-20,4,1,2009-2010,Londrina,Flamengo,1,0.3625,0.0675,0.20500000000000002,0.09,0.1675,0.08,0.0875,0.07,0.08499999999999999,0.835,0.0225,0.0875,25.0,0.10250000000000001,0.22,46.115,0.09,0.12,74.61,0.0,0.025,0.28500000000000003,0.0225,0.08,0.29000000000000004,0.08499999999999999,0.0125,0.35,0.42,0.1575,0.16,0.10250000000000001,0.16,0.045,0.115,0.052500000000000005,0.0675,0.84,0.052500000000000005,0.125,42.47,0.08,0.155,50.995000000000005,0.10250000000000001,0.14750000000000002,70.28,0.01,0.06,0.92,0.0125,0.10250000000000001,0.11,0.0675,0.0125,0.44499999999999995
101,106,2009-11-22,4,1,2009-2010,Minas,Sesi Franca,0,0.44,0.18,0.2,0.06,0.195,0.085,0.11,0.105,0.09,1.17,0.06,0.115,52.17,0.1,0.215,46.51,0.06,0.095,63.16,0.005,0.015,0.17,0.0,0.08,0.0,0.09,0.02,0.46,0.385,0.135,0.20500000000000002,0.045,0.13,0.037500000000000006,0.0925,0.07250000000000001,0.04,3.6799999999999997,0.045000000000000005,0.115,36.45,0.10250000000000001,0.21000000000000002,47.995000000000005,0.045,0.07,65.775,0.0,0.035,0.925,0.0175,0.09,0.2,0.04,0.0075,0.39749999999999996
71,60,2009-11-22,4,1,2009-2010,Joinville,Coop/São José Basketball,1,0.45,0.12,0.235,0.095,0.18,0.08499999999999999,0.095,0.06,0.055,1.04,0.04,0.1375,31.115,0.1175,0.235,49.045,0.095,0.12,78.89,0.0125,0.037500000000000006,0.665,0.0075,0.11249999999999999,0.07,0.055,0.02,0.44,0.3775,0.0975,0.215,0.065,0.135,0.055,0.08,0.0975,0.060000000000000005,1.75,0.0325,0.1275,23.485,0.1075,0.15999999999999998,67.63499999999999,0.065,0.10500000000000001,62.015,0.0075,0.045,0.7150000000000001,0.005,0.10500000000000001,0.045,0.060000000000000005,0.0075,0.4125
74,71,2009-11-22,4,1,2009-2010,Saldanha,Paulistano,1,0.3675,0.1275,0.2,0.04,0.11499999999999999,0.037500000000000006,0.07750000000000001,0.0425,0.0625,0.685,0.042499999999999996,0.1,42.5,0.1,0.19,52.629999999999995,0.04,0.0875,45.56,0.0075,0.0275,0.43,0.01,0.08,0.125,0.0625,0.015,0.305,0.3425,0.0975,0.19,0.055,0.135,0.035,0.1,0.0775,0.0375,2.0,0.0325,0.11499999999999999,28.03,0.095,0.21250000000000002,44.165,0.055,0.08249999999999999,66.11,0.0075,0.0475,1.275,0.01,0.0975,0.10500000000000001,0.0375,0.0025,0.3475
96,75,2009-11-22,4,1,2009-2010,Brasília,Araraquara,1,0.46499999999999997,0.135,0.255,0.07500000000000001,0.16999999999999998,0.05500000000000001,0.11499999999999999,0.0975,0.08249999999999999,1.1749999999999998,0.045,0.11499999999999999,40.19,0.1275,0.215,59.42,0.07500000000000001,0.10250000000000001,72.845,0.0225,0.035,0.43,0.0225,0.08499999999999999,0.29000000000000004,0.08249999999999999,0.02,0.5225,0.38,0.135,0.2,0.045,0.125,0.035,0.09,0.075,0.06,1.25,0.045,0.125,36.0,0.1,0.155,64.52,0.045,0.055,81.82,0.01,0.05,0.83,0.015,0.055,0.27,0.06,0.01,0.44
81,76,2009-11-22,4,1,2009-2010,Espírito Santo,Pinheiros,1,0.31,0.075,0.15500000000000003,0.08,0.19,0.055,0.135,0.052500000000000005,0.11,0.475,0.025,0.10250000000000001,18.52,0.07750000000000001,0.1775,43.565,0.08,0.125,66.91,0.0075,0.035,0.32,0.015000000000000001,0.0975,0.155,0.11,0.0275,0.27,0.42000000000000004,0.165,0.19,0.065,0.135,0.04,0.095,0.057499999999999996,0.07,0.875,0.055,0.135,42.775000000000006,0.095,0.1775,53.019999999999996,0.065,0.085,74.64500000000001,0.0125,0.045,0.665,0.015000000000000001,0.095,0.18,0.07,0.02,0.42
62,60,2009-11-29,6,1,2009-2010,Paulistano,Londrina,1,0.3466666666666667,0.09999999999999999,0.19666666666666666,0.049999999999999996,0.1366666666666667,0.036666666666666674,0.10000000000000002,0.06666666666666667,0.03833333333333333,1.71,0.03333333333333333,0.13666666666666666,25.166666666666668,0.09833333333333333,0.19166666666666668,52.776666666666664,0.049999999999999996,0.08833333333333333,57.406666666666666,0.005,0.043333333333333335,1.1433333333333333,0.01,0.105,0.09666666666666668,0.03833333333333333,0.006666666666666667,0.33,0.385,0.11,0.18333333333333335,0.09166666666666667,0.16333333333333333,0.075,0.08833333333333333,0.07166666666666667,0.08333333333333333,0.87,0.03666666666666667,0.12,28.38,0.09166666666666667,0.205,44.076666666666675,0.09166666666666667,0.12166666666666666,75.07333333333334,0.0,0.03666666666666667,0.44,0.016666666666666666,0.08666666666666667,0.21000000000000005,0.08333333333333333,0.01,0.3633333333333333
84,91,2009-11-29,6,1,2009-2010,Assis,Brasília,0,0.3175,0.0375,0.2,0.08,0.155,0.0625,0.0925,0.0425,0.065,0.665,0.0125,0.0975,12.765,0.1,0.2025,49.875,0.08,0.12,67.775,0.0125,0.02,0.3,0.0075,0.0875,0.08,0.065,0.015,0.25,0.47,0.115,0.2733333333333334,0.08166666666666668,0.17333333333333334,0.05833333333333334,0.11499999999999999,0.09999999999999999,0.075,1.3666666666666665,0.03833333333333333,0.12166666666666666,32.96666666666666,0.1366666666666667,0.22999999999999998,59.48666666666667,0.08166666666666668,0.11333333333333334,72.02,0.023333333333333334,0.043333333333333335,0.62,0.021666666666666667,0.07833333333333332,0.2966666666666667,0.075,0.018333333333333333,0.525
88,91,2009-11-29,6,1,2009-2010,Pinheiros,Joinville,0,0.40666666666666673,0.145,0.17,0.09166666666666667,0.14333333333333334,0.035,0.10833333333333334,0.04833333333333333,0.07333333333333335,0.71,0.04833333333333334,0.12666666666666668,39.123333333333335,0.085,0.16666666666666666,50.29,0.09166666666666667,0.12,75.20333333333333,0.011666666666666667,0.043333333333333335,0.61,0.01,0.10666666666666667,0.12,0.07333333333333335,0.015,0.38999999999999996,0.4183333333333333,0.13999999999999999,0.20333333333333334,0.075,0.18499999999999997,0.08166666666666667,0.10333333333333333,0.065,0.06666666666666667,0.9700000000000001,0.04666666666666667,0.13833333333333334,35.03,0.10166666666666667,0.21166666666666667,46.836666666666666,0.075,0.09333333333333332,81.76,0.01,0.043333333333333335,0.6466666666666666,0.01,0.09999999999999999,0.11333333333333334,0.06666666666666667,0.016666666666666666,0.435
71,75,2009-11-29,6,1,2009-2010,Sesi Franca,Espírito Santo,0,0.43333333333333335,0.18000000000000002,0.20000000000000004,0.05333333333333334,0.135,0.036666666666666674,0.09833333333333333,0.07333333333333335,0.051666666666666666,2.7866666666666666,0.06,0.13166666666666668,42.483333333333334,0.10000000000000002,0.19500000000000003,51.19,0.05333333333333334,0.08166666666666667,66.07333333333334,0.0,0.03333333333333333,0.75,0.011666666666666667,0.09333333333333334,0.13333333333333333,0.051666666666666666,0.01,0.43999999999999995,0.3416666666666666,0.09500000000000001,0.16666666666666666,0.08,0.20166666666666666,0.065,0.1366666666666667,0.05166666666666667,0.09500000000000001,0.5733333333333334,0.03166666666666667,0.10666666666666667,25.39,0.08333333333333333,0.19499999999999998,42.81,0.08,0.13166666666666668,62.99666666666667,0.015,0.043333333333333335,0.52,0.016666666666666666,0.11666666666666665,0.14666666666666667,0.09500000000000001,0.023333333333333334,0.3216666666666667
78,83,2009-11-29,6,1,2009-2010,Bauru Basket,Minas,0,0.39249999999999996,0.14250000000000002,0.21000000000000002,0.04,0.16999999999999998,0.065,0.10500000000000001,0.085,0.06,1.42,0.0475,0.1325,35.629999999999995,0.10500000000000001,0.1825,57.995,0.04,0.07250000000000001,60.715,0.01,0.045,0.75,0.02,0.0775,0.305,0.06,0.015,0.4575,0.47250000000000003,0.1725,0.22,0.08,0.2025,0.0825,0.12,0.0925,0.0725,1.31,0.057499999999999996,0.135,43.825,0.11,0.22,49.92,0.08,0.11750000000000001,67.295,0.0025,0.025,0.405,0.0125,0.0925,0.12,0.0725,0.0125,0.5075000000000001
81,65,2009-11-29,6,1,2009-2010,Araraquara,Saldanha,1,0.3775,0.09,0.24000000000000002,0.0475,0.1575,0.05,0.1075,0.065,0.075,0.9299999999999999,0.03,0.1225,24.25,0.12000000000000001,0.20500000000000002,59.709999999999994,0.0475,0.06,79.37,0.0075,0.0425,0.61,0.0225,0.08,0.28,0.075,0.0125,0.4,0.36833333333333335,0.125,0.19000000000000003,0.05333333333333334,0.12333333333333334,0.030000000000000002,0.09333333333333334,0.04,0.06166666666666667,0.65,0.041666666666666664,0.10000000000000002,41.666666666666664,0.09500000000000001,0.17,56.879999999999995,0.05333333333333334,0.09833333333333333,52.59666666666667,0.006666666666666667,0.02666666666666667,0.4266666666666667,0.01,0.085,0.12,0.06166666666666667,0.016666666666666666,0.3283333333333333
81,64,2009-12-06,7,1,2009-2010,Coop/São José Basketball,Paulistano,1,0.3516666666666666,0.09500000000000001,0.19666666666666666,0.06,0.1366666666666667,0.04833333333333334,0.08833333333333333,0.07833333333333334,0.06,1.39,0.03166666666666667,0.12666666666666668,23.656666666666666,0.09833333333333333,0.15833333333333333,62.29333333333333,0.06,0.09333333333333334,65.15333333333334,0.006666666666666667,0.045000000000000005,0.7266666666666667,0.0033333333333333335,0.09000000000000001,0.03,0.06,0.005,0.3666666666666667,0.3375,0.09375,0.1875,0.056249999999999994,0.15000000000000002,0.04625,0.10375000000000001,0.0675,0.05499999999999999,1.45,0.03125,0.12875,24.8275,0.09375,0.1925,49.839999999999996,0.056249999999999994,0.09375,60.1,0.005,0.045,0.9774999999999999,0.01625,0.10375000000000001,0.16,0.05499999999999999,0.01125,0.3275
68,66,2009-12-06,7,1,2009-2010,Saldanha,Bauru Basket,1,0.3575,0.105,0.19,0.0625,0.13375,0.04000000000000001,0.09375,0.043750000000000004,0.07,0.6325000000000001,0.035,0.09500000000000001,35.9375,0.095,0.1875,52.55499999999999,0.0625,0.10999999999999999,54.965,0.00625,0.042499999999999996,0.5575,0.01,0.08875,0.11499999999999999,0.07,0.0175,0.3175,0.3916666666666666,0.14500000000000002,0.2066666666666667,0.04,0.16166666666666665,0.06,0.10166666666666668,0.09166666666666667,0.05333333333333334,1.8233333333333333,0.04833333333333334,0.13,37.086666666666666,0.10333333333333335,0.17833333333333334,58.27,0.04,0.07666666666666667,56.163333333333334,0.006666666666666667,0.03333333333333333,0.5833333333333334,0.02,0.07666666666666666,0.29333333333333333,0.05333333333333334,0.013333333333333334,0.45166666666666666
67,61,2009-12-06,7,1,2009-2010,Joinville,Araraquara,1,0.4275,0.15,0.1975,0.08,0.16624999999999998,0.06875,0.0975,0.07,0.060000000000000005,1.26,0.05,0.13875,36.9875,0.09875,0.1925,51.795,0.08,0.1025,79.59,0.00875,0.03875,0.6425,0.008749999999999999,0.10124999999999999,0.0975,0.060000000000000005,0.01375,0.44625,0.3866666666666667,0.09499999999999999,0.23333333333333336,0.05833333333333333,0.16166666666666665,0.04666666666666667,0.11499999999999999,0.07666666666666667,0.08333333333333333,0.9533333333333333,0.03166666666666667,0.125,25.14,0.11666666666666668,0.19833333333333333,59.626666666666665,0.05833333333333333,0.075,78.31,0.008333333333333333,0.04,0.5233333333333333,0.02666666666666667,0.09000000000000001,0.2933333333333334,0.08333333333333333,0.008333333333333333,0.4166666666666667
66,67,2009-12-06,7,1,2009-2010,Espírito Santo,Assis,0,0.35,0.0975,0.1775,0.075,0.19,0.06,0.13,0.05625000000000001,0.08875000000000001,0.6799999999999999,0.0325,0.10875,26.65,0.08875,0.18625,48.515,0.075,0.12000000000000001,64.89500000000001,0.012499999999999999,0.04125,0.515,0.01625,0.11374999999999999,0.14500000000000002,0.08875000000000001,0.02375,0.34625,0.3516666666666666,0.065,0.21333333333333335,0.07333333333333333,0.16,0.06166666666666667,0.09833333333333333,0.05166666666666667,0.05666666666666667,1.0266666666666666,0.021666666666666667,0.10166666666666667,20.63,0.10666666666666667,0.21333333333333335,50.27,0.07333333333333333,0.10833333333333334,68.71333333333334,0.013333333333333334,0.018333333333333333,0.32666666666666666,0.008333333333333333,0.09000000000000001,0.09000000000000001,0.05666666666666667,0.013333333333333334,0.3116666666666667
90,94,2009-12-06,7,1,2009-2010,Londrina,Sesi Franca,0,0.36375,0.10875,0.165,0.09000000000000001,0.1625,0.06625,0.09625,0.0675,0.08375,0.815,0.036250000000000004,0.11374999999999999,30.495,0.0825,0.1975,40.915000000000006,0.09000000000000001,0.12125,74.0125,0.0025,0.0375,0.4475,0.015,0.0825,0.19250000000000003,0.08375,0.013750000000000002,0.33875,0.41375,0.16875,0.18250000000000002,0.0625,0.12375,0.03375,0.09,0.06875,0.05,2.395,0.056249999999999994,0.13,40.8625,0.09125000000000001,0.18375000000000002,49.224999999999994,0.0625,0.0875,70.9825,0.0,0.03375,0.7575000000000001,0.01,0.09125000000000001,0.115,0.05,0.0075,0.40874999999999995
82,77,2009-12-06,7,1,2009-2010,Flamengo,Pinheiros,1,0.42,0.145,0.18000000000000002,0.09500000000000001,0.15666666666666665,0.045000000000000005,0.11166666666666668,0.06,0.075,0.8366666666666666,0.04833333333333334,0.12833333333333333,38.19,0.09000000000000001,0.15833333333333333,56.220000000000006,0.09500000000000001,0.13333333333333333,72.25,0.013333333333333334,0.056666666666666664,0.8000000000000002,0.015,0.10666666666666667,0.13,0.075,0.01,0.4466666666666666,0.41500000000000004,0.15,0.175,0.09000000000000001,0.14250000000000002,0.037500000000000006,0.10500000000000001,0.056249999999999994,0.0675,0.9325,0.05,0.13125,38.825,0.0875,0.1625,53.55,0.09000000000000001,0.11499999999999999,77.6525,0.013750000000000002,0.03875,0.5825,0.007500000000000001,0.10250000000000001,0.09,0.0675,0.012499999999999999,0.41125
71,91,2009-12-08,8,1,2009-2010,Saldanha,Assis,0,0.354,0.10800000000000001,0.19,0.05600000000000001,0.132,0.042,0.09,0.043000000000000003,0.06300000000000001,0.734,0.036000000000000004,0.1,35.416,0.095,0.188,52.044,0.05600000000000001,0.10099999999999998,53.202,0.006,0.040999999999999995,0.646,0.009,0.091,0.10200000000000001,0.06300000000000001,0.019,0.314,0.3475,0.08625,0.195,0.06625,0.15,0.05375,0.09625,0.051250000000000004,0.065,0.91,0.02875,0.10625,25.89,0.0975,0.195,50.2025,0.06625,0.10125,65.5975,0.01125,0.01875,0.3,0.0125,0.09625,0.1225,0.065,0.01375,0.305
69,67,2009-12-08,8,1,2009-2010,Espírito Santo,Bauru Basket,1,0.346,0.096,0.178,0.072,0.185,0.059,0.126,0.05500000000000001,0.082,0.726,0.032,0.10800000000000001,27.034,0.089,0.192,47.184000000000005,0.072,0.11600000000000002,63.91600000000001,0.013999999999999999,0.047,0.666,0.016,0.11199999999999999,0.14400000000000002,0.082,0.023,0.344,0.37625,0.13125,0.2,0.045,0.15625,0.055,0.10125,0.07625000000000001,0.06125,1.4549999999999998,0.043750000000000004,0.11875000000000001,36.637499999999996,0.1,0.17625000000000002,56.9375,0.045,0.08750000000000001,54.6225,0.0075,0.028749999999999998,0.4825,0.01875,0.07375,0.2775,0.06125,0.0175,0.40125
89,91,2009-12-12,7,1,2009-2010,Minas,Brasília,0,0.45333333333333337,0.17499999999999996,0.20333333333333334,0.075,0.18500000000000003,0.06666666666666667,0.11833333333333333,0.08666666666666667,0.06833333333333333,1.29,0.05833333333333333,0.13166666666666668,45.21666666666667,0.10166666666666667,0.20166666666666666,50.45333333333334,0.075,0.10666666666666667,70.35333333333334,0.0033333333333333335,0.025000000000000005,0.41,0.01,0.09333333333333334,0.09666666666666666,0.06833333333333333,0.015,0.48666666666666675,0.46625,0.1125,0.275,0.07875000000000001,0.17250000000000001,0.05500000000000001,0.1175,0.09875,0.065,1.7025,0.0375,0.12,32.332499999999996,0.1375,0.21749999999999997,64.06,0.07875000000000001,0.10875000000000001,72.435,0.0175,0.04,0.6799999999999999,0.01625,0.07875,0.22250000000000003,0.065,0.01875,0.53625
83,98,2009-12-14,12,1,2009-2010,Londrina,Brasília,0,0.381,0.126,0.17,0.085,0.156,0.066,0.09,0.075,0.084,0.9,0.042,0.12599999999999997,31.824,0.085,0.186,46.30400000000001,0.085,0.11399999999999999,74.50399999999999,0.002,0.036,0.42800000000000005,0.016999999999999998,0.088,0.20000000000000004,0.084,0.016000000000000004,0.367,0.46399999999999997,0.11699999999999999,0.272,0.07500000000000001,0.167,0.05600000000000001,0.11099999999999999,0.096,0.066,1.6039999999999999,0.039,0.121,33.065999999999995,0.136,0.215,63.92999999999999,0.07500000000000001,0.10200000000000001,73.94800000000001,0.017,0.039,0.6439999999999999,0.014000000000000002,0.078,0.19200000000000003,0.066,0.016999999999999998,0.526
82,78,2010-01-08,8,1,2009-2010,Londrina,Araraquara,1,0.38666666666666666,0.1175,0.17666666666666667,0.09250000000000001,0.155,0.06416666666666666,0.09083333333333334,0.07333333333333333,0.08583333333333333,0.8633333333333333,0.03916666666666667,0.13249999999999998,29.045,0.08833333333333333,0.18916666666666668,47.123333333333335,0.09250000000000001,0.11833333333333333,77.56333333333333,0.0025,0.03833333333333333,0.445,0.017499999999999998,0.09416666666666666,0.19333333333333336,0.08583333333333333,0.01416666666666667,0.365,0.36625,0.09375,0.22250000000000003,0.049999999999999996,0.1525,0.04125,0.11124999999999999,0.06875,0.07875,0.8875,0.03125,0.11875,26.355,0.11125000000000002,0.195,57.5575,0.049999999999999996,0.06624999999999999,74.3575,0.00625,0.03375,0.44999999999999996,0.02,0.09,0.22000000000000003,0.07875,0.007500000000000001,0.375
85,74,2010-01-15,9,1,2009-2010,Bauru Basket,Londrina,1,0.368,0.123,0.2,0.045,0.155,0.049,0.10600000000000001,0.07300000000000001,0.061,1.3639999999999999,0.041,0.11000000000000001,37.309999999999995,0.1,0.185,54.64,0.045,0.082,58.698,0.006,0.031999999999999994,0.5359999999999999,0.018,0.072,0.268,0.061,0.017,0.394,0.39,0.11357142857142856,0.1842857142857143,0.09214285714285715,0.15571428571428572,0.0642857142857143,0.09142857142857143,0.07285714285714286,0.08357142857142856,0.8828571428571428,0.03785714285714286,0.12928571428571428,28.791428571428575,0.09214285714285715,0.18785714285714286,49.51857142857143,0.09214285714285715,0.12357142857142857,74.77714285714286,0.002142857142857143,0.03928571428571428,0.47285714285714286,0.018571428571428572,0.09214285714285712,0.21000000000000002,0.08357142857142856,0.01285714285714286,0.3742857142857143
72,71,2010-01-15,9,1,2009-2010,Sesi Franca,Flamengo,1,0.425,0.183,0.17,0.072,0.118,0.029000000000000005,0.089,0.066,0.053000000000000005,2.086,0.061,0.133,43.724000000000004,0.085,0.165,52.714,0.072,0.097,73.08200000000001,0.0,0.029000000000000005,0.636,0.009,0.094,0.10200000000000001,0.053000000000000005,0.006,0.417,0.4175,0.13874999999999998,0.195,0.08375,0.1525,0.043750000000000004,0.10875000000000001,0.0525,0.06875,0.7775,0.046250000000000006,0.1275,36.6425,0.0975,0.17124999999999999,56.45,0.08375,0.11375,76.91499999999999,0.0125,0.057499999999999996,0.9000000000000001,0.01125,0.09625,0.0975,0.06875,0.00875,0.43749999999999994
104,85,2010-01-15,9,1,2009-2010,Pinheiros,Paulistano,1,0.409,0.15899999999999997,0.16599999999999998,0.084,0.14100000000000001,0.038000000000000006,0.10300000000000001,0.05399999999999999,0.069,0.866,0.053000000000000005,0.136,39.448,0.08299999999999999,0.156,52.839999999999996,0.084,0.10699999999999998,78.122,0.011000000000000001,0.038,0.5599999999999999,0.007000000000000001,0.098,0.08399999999999999,0.069,0.013999999999999999,0.40099999999999997,0.334,0.081,0.194,0.059,0.14300000000000002,0.044,0.099,0.063,0.05399999999999999,1.34,0.027000000000000003,0.121,22.084,0.097,0.19,52.093999999999994,0.059,0.098,60.254,0.006,0.041999999999999996,0.9019999999999999,0.014000000000000002,0.10300000000000001,0.138,0.05399999999999999,0.009,0.316
102,85,2010-01-15,9,1,2009-2010,Minas,Saldanha,1,0.45125000000000004,0.1725,0.2075,0.07125000000000001,0.16875,0.0625,0.10625,0.085,0.06625,1.3,0.057499999999999996,0.12375,47.6625,0.10375,0.20249999999999999,51.255,0.07125000000000001,0.1,71.515,0.0025,0.026250000000000002,0.4325,0.01,0.09125000000000001,0.1025,0.06625,0.01375,0.48125000000000007,0.3541666666666667,0.1025,0.19499999999999998,0.05666666666666667,0.13333333333333333,0.03916666666666667,0.09416666666666668,0.04,0.05833333333333335,0.73,0.03416666666666667,0.10333333333333333,32.98499999999999,0.09749999999999999,0.19166666666666665,52.099999999999994,0.05666666666666667,0.10083333333333332,54.335,0.006666666666666667,0.043333333333333335,0.7999999999999999,0.0075,0.09166666666666666,0.085,0.05833333333333335,0.017499999999999998,0.3125
80,56,2010-01-15,9,1,2009-2010,Araraquara,Coop/São José Basketball,1,0.371,0.10800000000000001,0.21200000000000002,0.051000000000000004,0.148,0.043000000000000003,0.10499999999999998,0.07,0.073,1.01,0.036,0.124,28.669999999999998,0.10600000000000001,0.195,54.763999999999996,0.051000000000000004,0.06799999999999999,74.152,0.007000000000000001,0.033,0.48,0.017,0.094,0.18600000000000003,0.073,0.006,0.372,0.365,0.11250000000000002,0.1925,0.06,0.14250000000000002,0.043750000000000004,0.09875,0.08625000000000001,0.065,1.3875,0.0375,0.1275,28.32,0.09625,0.15375,62.792500000000004,0.06,0.09000000000000001,67.61500000000001,0.005,0.0425,0.655,0.00375,0.08625000000000001,0.04,0.065,0.00375,0.3975
88,75,2010-01-15,9,1,2009-2010,Brasília,Espírito Santo,1,0.46833333333333327,0.11499999999999999,0.26333333333333336,0.09000000000000001,0.16583333333333336,0.05000000000000001,0.11583333333333333,0.09666666666666668,0.065,1.615,0.03833333333333334,0.1175,33.38833333333333,0.13166666666666668,0.21,63.184999999999995,0.09000000000000001,0.11583333333333334,76.48833333333333,0.014166666666666668,0.041666666666666664,0.69,0.012500000000000002,0.08166666666666667,0.16833333333333336,0.065,0.01583333333333333,0.5366666666666666,0.3458333333333334,0.09749999999999999,0.17999999999999997,0.06833333333333333,0.19000000000000003,0.06333333333333334,0.12666666666666668,0.05416666666666667,0.08,0.7233333333333333,0.0325,0.11083333333333334,27.194999999999997,0.08999999999999998,0.19583333333333333,46.685,0.06833333333333333,0.11166666666666668,62.52333333333334,0.014166666666666666,0.04416666666666667,0.6266666666666667,0.015,0.10749999999999998,0.14,0.08,0.020833333333333332,0.3416666666666666
96,85,2010-01-17,10,1,2009-2010,Brasília,Saldanha,1,0.46428571428571425,0.12,0.2571428571428572,0.08714285714285716,0.16214285714285717,0.04928571428571429,0.11285714285714285,0.09357142857142857,0.06642857142857143,1.5271428571428571,0.04,0.11428571428571428,36.137142857142855,0.1285714285714286,0.21214285714285716,61.14285714285713,0.08714285714285716,0.11357142857142857,75.56142857142858,0.013571428571428571,0.04285714285714286,0.687142857142857,0.012857142857142859,0.08285714285714285,0.1685714285714286,0.06642857142857143,0.014999999999999998,0.525,0.36428571428571427,0.10071428571428571,0.2057142857142857,0.057857142857142864,0.13214285714285715,0.037142857142857144,0.095,0.04214285714285715,0.05785714285714287,0.7685714285714286,0.03357142857142857,0.10357142857142856,32.35428571428571,0.10285714285714286,0.19642857142857142,53.22857142857142,0.057857142857142864,0.10071428571428569,55.85857142857143,0.005714285714285714,0.047142857142857146,0.8671428571428572,0.0064285714285714285,0.08714285714285712,0.07285714285714286,0.05785714285714287,0.015,0.32785714285714285
72,74,2010-01-17,10,1,2009-2010,Araraquara,Flamengo,0,0.3758333333333333,0.11750000000000001,0.21,0.04833333333333334,0.1475,0.045000000000000005,0.10249999999999998,0.07500000000000001,0.0725,1.0799999999999998,0.03916666666666666,0.1275,30.213333333333335,0.105,0.1925,54.89666666666667,0.04833333333333334,0.0625,78.46,0.008333333333333333,0.03666666666666667,0.5316666666666666,0.015833333333333335,0.09583333333333333,0.17166666666666672,0.0725,0.01,0.38833333333333336,0.40499999999999997,0.12899999999999998,0.194,0.082,0.15899999999999997,0.043000000000000003,0.11600000000000002,0.052000000000000005,0.06200000000000001,0.908,0.043000000000000003,0.127,34.114,0.097,0.176,54.903999999999996,0.082,0.11200000000000002,75.818,0.011,0.05499999999999999,0.9780000000000001,0.012,0.101,0.10400000000000001,0.06200000000000001,0.009000000000000001,0.42799999999999994
105,80,2010-01-17,10,1,2009-2010,Minas,Espírito Santo,1,0.4630000000000001,0.16499999999999998,0.23199999999999998,0.066,0.17400000000000002,0.063,0.11099999999999999,0.092,0.074,1.268,0.05499999999999999,0.121,46.312,0.11599999999999999,0.21399999999999997,53.696000000000005,0.066,0.091,73.576,0.002,0.028000000000000004,0.41200000000000003,0.011,0.08600000000000001,0.128,0.074,0.012,0.5050000000000001,0.35000000000000003,0.10285714285714286,0.17857142857142855,0.06857142857142857,0.18142857142857144,0.05857142857142857,0.12285714285714286,0.05285714285714286,0.07785714285714286,0.7185714285714285,0.03428571428571429,0.11214285714285714,28.667142857142856,0.08928571428571427,0.195,46.40714285714286,0.06857142857142857,0.11214285714285714,62.28714285714286,0.012857142857142857,0.04428571428571428,0.6357142857142858,0.015714285714285715,0.10785714285714285,0.1457142857142857,0.07785714285714286,0.019285714285714288,0.3392857142857143
88,93,2010-01-17,10,1,2009-2010,Assis,Londrina,0,0.369,0.10200000000000001,0.198,0.069,0.15899999999999997,0.053000000000000005,0.10600000000000001,0.045,0.066,0.786,0.034,0.11299999999999999,28.57,0.099,0.192,51.827999999999996,0.069,0.10300000000000001,67.024,0.011,0.019,0.298,0.014000000000000002,0.093,0.148,0.066,0.014000000000000002,0.33399999999999996,0.3875,0.11062499999999999,0.19125,0.085625,0.15812500000000002,0.06375,0.094375,0.069375,0.08124999999999999,0.8587499999999999,0.036875000000000005,0.128125,28.317500000000003,0.095625,0.190625,50.47125,0.085625,0.11624999999999999,73.1225,0.001875,0.034999999999999996,0.42375,0.01875,0.09187499999999998,0.21125000000000002,0.08124999999999999,0.013125000000000003,0.370625
79,76,2010-01-18,10,1,2009-2010,Bauru Basket,Joinville,1,0.37749999999999995,0.1225,0.20166666666666666,0.05333333333333332,0.15416666666666667,0.047499999999999994,0.10666666666666667,0.07250000000000001,0.05416666666666667,1.72,0.04083333333333334,0.1125,36.425,0.10083333333333333,0.19000000000000003,53.673333333333325,0.05333333333333332,0.08833333333333333,62.11000000000001,0.006666666666666667,0.03333333333333333,0.7799999999999999,0.015833333333333335,0.0725,0.23500000000000001,0.05416666666666667,0.016666666666666666,0.4033333333333333,0.409,0.141,0.194,0.074,0.16799999999999998,0.07,0.098,0.065,0.05600000000000001,1.234,0.047,0.138,34.775999999999996,0.097,0.194,50.436,0.074,0.099,75.436,0.008,0.041999999999999996,0.7899999999999999,0.009999999999999998,0.096,0.11800000000000002,0.05600000000000001,0.012,0.425
91,85,2010-01-19,3,1,2009-2010,Minas,Araraquara,1,0.4733333333333334,0.16,0.2333333333333333,0.08,0.17166666666666666,0.05833333333333333,0.11333333333333333,0.09583333333333334,0.075,1.2966666666666666,0.05333333333333332,0.11916666666666666,45.41166666666667,0.11666666666666665,0.20999999999999996,55.27333333333333,0.08,0.1025,76.93833333333333,0.0033333333333333335,0.03416666666666667,0.47833333333333333,0.012499999999999999,0.08916666666666667,0.13833333333333334,0.075,0.01,0.5308333333333334,0.37357142857142855,0.12000000000000001,0.20428571428571426,0.04928571428571429,0.14857142857142858,0.04785714285714286,0.10071428571428569,0.07571428571428572,0.06928571428571428,1.1542857142857144,0.039999999999999994,0.13071428571428573,30.18285714285714,0.10214285714285713,0.19357142857142856,53.12571428571429,0.04928571428571429,0.06285714285714286,79.34,0.009285714285714286,0.03928571428571429,0.6128571428571429,0.016428571428571428,0.09285714285714285,0.18571428571428575,0.06928571428571428,0.008571428571428572,0.3885714285714286
92,90,2010-01-20,9,1,2009-2010,Assis,Joinville,1,0.38083333333333336,0.1125,0.19499999999999998,0.07333333333333335,0.16,0.05000000000000001,0.11,0.04833333333333334,0.07,0.775,0.0375,0.11666666666666665,30.598333333333333,0.09749999999999999,0.18499999999999997,53.19,0.07333333333333335,0.1075,68.03333333333333,0.012499999999999999,0.023333333333333334,0.33166666666666667,0.014166666666666668,0.09666666666666668,0.145,0.07,0.015000000000000001,0.3558333333333333,0.4041666666666666,0.13749999999999998,0.19833333333333333,0.06833333333333333,0.16916666666666666,0.06583333333333334,0.10333333333333333,0.06583333333333334,0.05083333333333334,1.4949999999999999,0.04583333333333334,0.13583333333333333,34.31333333333333,0.09916666666666667,0.1975,50.55666666666667,0.06833333333333333,0.09083333333333334,76.19666666666667,0.006666666666666667,0.04,0.8583333333333333,0.011666666666666665,0.09416666666666666,0.13833333333333334,0.05083333333333334,0.010833333333333334,0.4291666666666667
93,84,2010-01-22,11,1,2009-2010,Pinheiros,Araraquara,1,0.4275,0.1525,0.18833333333333332,0.08666666666666667,0.15333333333333335,0.041666666666666664,0.11166666666666668,0.06083333333333333,0.07333333333333335,0.8883333333333333,0.050833333333333335,0.12916666666666668,39.89166666666667,0.09416666666666666,0.17166666666666666,54.03333333333333,0.08666666666666667,0.1175,74.905,0.012500000000000002,0.03916666666666666,0.5449999999999999,0.006666666666666667,0.09500000000000001,0.08,0.07333333333333335,0.01333333333333333,0.4275,0.37999999999999995,0.12562500000000001,0.20375,0.050625,0.148125,0.044375000000000005,0.10374999999999998,0.07875,0.071875,1.14875,0.041874999999999996,0.13625,30.33875,0.101875,0.19,54.06125,0.050625,0.064375,79.4225,0.008125,0.03875000000000001,0.585,0.01625,0.09624999999999999,0.17875000000000002,0.071875,0.01125,0.39375000000000004
76,60,2010-01-22,11,1,2009-2010,Espírito Santo,Saldanha,1,0.35625,0.10875,0.17999999999999997,0.0675,0.1775,0.058750000000000004,0.11875,0.05375,0.08,0.7074999999999999,0.03625,0.111875,30.765,0.08999999999999998,0.195625,46.54375,0.0675,0.1125,61.02250000000001,0.01125,0.045625,0.62875,0.015,0.10749999999999998,0.14,0.08,0.018125000000000002,0.341875,0.37187499999999996,0.105,0.21,0.056875,0.134375,0.0375,0.096875,0.044375000000000005,0.05937500000000001,0.78,0.035,0.106875,32.637499999999996,0.105,0.204375,52.34374999999999,0.056875,0.09812499999999998,56.68875,0.005625,0.050625,0.8925000000000001,0.0062499999999999995,0.08874999999999998,0.07,0.05937500000000001,0.015,0.335625
78,87,2010-01-22,11,1,2009-2010,Londrina,Minas,0,0.3961111111111111,0.11833333333333333,0.18888888888888888,0.08888888888888889,0.1538888888888889,0.05888888888888889,0.095,0.06611111111111112,0.07888888888888888,0.8377777777777777,0.03944444444444445,0.12944444444444445,29.933333333333337,0.09444444444444444,0.1861111111111111,51.16,0.08888888888888889,0.1211111111111111,72.98444444444445,0.0022222222222222222,0.03555555555555555,0.4511111111111112,0.016666666666666666,0.09555555555555555,0.1877777777777778,0.07888888888888888,0.012222222222222225,0.37555555555555553,0.47071428571428575,0.15214285714285714,0.2357142857142857,0.08285714285714285,0.17285714285714285,0.056428571428571425,0.11642857142857142,0.09642857142857143,0.075,1.3014285714285714,0.05071428571428571,0.12,42.924285714285716,0.11785714285714285,0.21357142857142852,54.97571428571428,0.08285714285714285,0.10428571428571429,78.37,0.002857142857142857,0.035,0.48571428571428577,0.011428571428571429,0.08928571428571429,0.12714285714285717,0.075,0.010714285714285714,0.5250000000000001
107,90,2010-01-22,11,1,2009-2010,Flamengo,Bauru Basket,1,0.39916666666666667,0.12999999999999998,0.19333333333333333,0.07583333333333334,0.16,0.041666666666666664,0.11833333333333335,0.05333333333333334,0.06583333333333334,0.875,0.043333333333333335,0.1225,35.928333333333335,0.09666666666666666,0.18166666666666664,53.29333333333333,0.07583333333333334,0.10250000000000002,76.81833333333333,0.009166666666666667,0.05416666666666666,0.9133333333333334,0.015833333333333335,0.09666666666666666,0.165,0.06583333333333334,0.01,0.4258333333333333,0.37999999999999995,0.1285714285714286,0.19857142857142857,0.052857142857142846,0.15785714285714286,0.04714285714285714,0.11071428571428572,0.06714285714285716,0.05071428571428571,1.6414285714285715,0.042857142857142864,0.11,39.49142857142857,0.09928571428571428,0.19642857142857142,51.47714285714285,0.052857142857142846,0.08571428571428573,63.441428571428574,0.005714285714285714,0.031428571428571424,0.7642857142857142,0.015714285714285715,0.07142857142857142,0.2342857142857143,0.05071428571428571,0.015000000000000001,0.4042857142857143
98,95,2010-01-24,12,1,2009-2010,Pinheiros,Sesi Franca,1,0.43285714285714283,0.15642857142857142,0.1857142857142857,0.09071428571428572,0.15214285714285714,0.038571428571428576,0.11357142857142857,0.06357142857142857,0.07285714285714286,0.9242857142857143,0.052142857142857144,0.12428571428571429,43.215714285714284,0.09285714285714285,0.17214285714285715,53.25285714285714,0.09071428571428572,0.11928571428571429,76.84142857142857,0.012857142857142859,0.03571428571428571,0.49714285714285705,0.01,0.08857142857142859,0.1542857142857143,0.07285714285714286,0.012857142857142855,0.4414285714285714,0.4141666666666666,0.17,0.17166666666666666,0.0725,0.12833333333333333,0.03166666666666667,0.09666666666666668,0.06333333333333334,0.05416666666666667,1.8766666666666667,0.056666666666666664,0.13083333333333333,41.29833333333334,0.08583333333333333,0.17,51.62,0.0725,0.09999999999999999,71.77166666666666,0.0,0.0275,0.5850000000000001,0.008333333333333333,0.09583333333333334,0.09333333333333334,0.05416666666666667,0.006666666666666667,0.40166666666666667
104,74,2010-01-24,12,1,2009-2010,Flamengo,Assis,1,0.4185714285714286,0.13499999999999998,0.20428571428571426,0.07928571428571429,0.15785714285714286,0.041428571428571426,0.11642857142857144,0.05714285714285715,0.06714285714285716,0.9028571428571429,0.045,0.11785714285714285,39.52571428571429,0.10214285714285713,0.18428571428571425,55.32285714285714,0.07928571428571429,0.10571428571428573,77.27285714285713,0.007857142857142858,0.05142857142857143,0.85,0.015714285714285715,0.09999999999999999,0.16,0.06714285714285716,0.009285714285714286,0.45214285714285707,0.3921428571428572,0.12000000000000001,0.19142857142857142,0.08071428571428572,0.16071428571428573,0.04642857142857144,0.1142857142857143,0.04928571428571429,0.06571428571428571,0.8614285714285714,0.04,0.12357142857142857,30.98857142857143,0.09571428571428571,0.17857142857142858,54.26428571428571,0.08071428571428572,0.11642857142857144,68.81857142857143,0.011428571428571429,0.021428571428571432,0.32,0.013571428571428571,0.09857142857142857,0.13714285714285715,0.06571428571428571,0.015714285714285715,0.3692857142857143
67,84,2010-01-24,12,1,2009-2010,Joinville,Minas,0,0.4107142857142857,0.13499999999999998,0.20142857142857143,0.07428571428571429,0.16857142857142857,0.06142857142857144,0.10714285714285714,0.06785714285714287,0.05071428571428572,1.5099999999999998,0.045,0.1335714285714286,34.17285714285714,0.10071428571428571,0.1985714285714286,51.0,0.07428571428571429,0.09785714285714286,76.53571428571429,0.007857142857142858,0.037142857142857144,0.7928571428571428,0.012142857142857141,0.09928571428571428,0.13571428571428573,0.05071428571428572,0.012857142857142857,0.4357142857142858,0.46625000000000005,0.14625,0.2375,0.08249999999999999,0.17875,0.057499999999999996,0.12125,0.096875,0.075,1.305,0.04875,0.11562499999999999,42.706250000000004,0.11875,0.21624999999999994,54.7525,0.08249999999999999,0.104375,78.0975,0.00375,0.0325,0.45000000000000007,0.01,0.09375,0.11125000000000002,0.075,0.010624999999999999,0.5231250000000001
65,63,2010-01-26,8,1,2009-2010,Joinville,Sesi Franca,1,0.40125,0.13125,0.19499999999999998,0.075,0.165625,0.058750000000000004,0.106875,0.064375,0.05562500000000001,1.3762499999999998,0.04375,0.1275,35.04875,0.09749999999999999,0.19625,49.83375,0.075,0.10250000000000001,74.37625,0.0075,0.036250000000000004,0.735,0.011874999999999998,0.0925,0.14625000000000002,0.05562500000000001,0.013125,0.41375000000000006,0.4228571428571429,0.16714285714285712,0.17857142857142858,0.07714285714285715,0.13142857142857142,0.034999999999999996,0.09642857142857143,0.06571428571428571,0.05714285714285715,1.7614285714285713,0.05571428571428571,0.13142857142857142,40.690000000000005,0.08928571428571429,0.1757142857142857,51.72857142857142,0.07714285714285715,0.10357142857142856,73.51857142857143,0.0,0.028571428571428574,0.5685714285714286,0.008571428571428572,0.1,0.09142857142857143,0.05714285714285715,0.008571428571428572,0.4114285714285714
94,83,2010-01-29,13,1,2009-2010,Sesi Franca,Araraquara,1,0.409375,0.1575,0.1775,0.07437500000000001,0.1325,0.035625,0.096875,0.06125,0.055625,1.625,0.05249999999999999,0.130625,38.603750000000005,0.08875,0.17625,51.16499999999999,0.07437500000000001,0.1025,71.565,0.0,0.030625,0.6225,0.008125,0.10187500000000001,0.085,0.055625,0.0075,0.39249999999999996,0.38444444444444437,0.1366666666666667,0.19888888888888887,0.0488888888888889,0.14555555555555555,0.04222222222222223,0.10333333333333332,0.07777777777777778,0.06944444444444445,1.1766666666666667,0.04555555555555555,0.13722222222222225,32.714444444444446,0.09944444444444443,0.18944444444444444,52.85888888888889,0.0488888888888889,0.06277777777777778,78.37555555555555,0.007777777777777778,0.03944444444444445,0.62,0.016111111111111114,0.09833333333333333,0.17333333333333334,0.06944444444444445,0.011666666666666665,0.3983333333333334
77,68,2010-01-29,13,1,2009-2010,Espírito Santo,Londrina,1,0.35888888888888887,0.10833333333333334,0.18222222222222217,0.06833333333333333,0.18333333333333332,0.061666666666666675,0.12166666666666666,0.05555555555555555,0.08222222222222222,0.7066666666666666,0.03611111111111111,0.1111111111111111,31.049999999999997,0.09111111111111109,0.19499999999999998,47.22,0.06833333333333333,0.11611111111111111,59.9888888888889,0.011666666666666665,0.045,0.6033333333333334,0.016666666666666666,0.10777777777777776,0.15444444444444447,0.08222222222222222,0.019444444444444445,0.3505555555555555,0.3955,0.11850000000000001,0.187,0.09,0.15300000000000002,0.05750000000000001,0.0955,0.0675,0.076,0.9139999999999999,0.0395,0.1295,30.017000000000003,0.0935,0.186,50.638999999999996,0.09,0.12499999999999997,71.936,0.003,0.0355,0.4760000000000001,0.0155,0.09599999999999999,0.17400000000000002,0.076,0.012000000000000002,0.3735
63,82,2010-01-29,13,1,2009-2010,Saldanha,Joinville,0,0.3638888888888888,0.10333333333333333,0.20444444444444443,0.05611111111111111,0.13722222222222222,0.03944444444444444,0.09777777777777778,0.042777777777777776,0.061111111111111116,0.7377777777777779,0.03444444444444445,0.10555555555555556,32.519999999999996,0.10222222222222221,0.20666666666666667,50.47888888888888,0.05611111111111111,0.10333333333333332,54.221111111111114,0.006111111111111111,0.053888888888888896,0.9122222222222223,0.006666666666666666,0.09277777777777776,0.07111111111111111,0.061111111111111116,0.015000000000000001,0.3205555555555556,0.40222222222222226,0.13166666666666668,0.1933333333333333,0.07722222222222222,0.16861111111111113,0.05972222222222223,0.10888888888888888,0.06222222222222223,0.05527777777777779,1.3188888888888886,0.04388888888888889,0.12916666666666668,34.66333333333333,0.09666666666666665,0.19527777777777777,49.63,0.07722222222222222,0.10722222222222223,73.39222222222222,0.007500000000000001,0.03527777777777778,0.7111111111111111,0.011388888888888886,0.09361111111111112,0.1377777777777778,0.05527777777777779,0.012222222222222223,0.41055555555555556
85,64,2010-01-29,13,1,2009-2010,Brasília,Coop/São José Basketball,1,0.46624999999999994,0.12,0.25625,0.09000000000000001,0.16250000000000003,0.0475,0.11499999999999999,0.09625,0.068125,1.5162499999999999,0.04,0.11624999999999999,35.466249999999995,0.128125,0.210625,61.31249999999999,0.09000000000000001,0.11625,76.30125000000001,0.0125,0.043125,0.6712499999999999,0.015000000000000001,0.08374999999999999,0.18875000000000003,0.068125,0.013749999999999998,0.53,0.348,0.11100000000000002,0.178,0.059,0.14600000000000002,0.047,0.099,0.08,0.073,1.214,0.037,0.125,28.742,0.089,0.153,58.234,0.059,0.09100000000000001,65.67,0.006,0.04,0.5820000000000001,0.004,0.082,0.048,0.073,0.008,0.36100000000000004
106,73,2010-01-29,13,1,2009-2010,Bauru Basket,Paulistano,1,0.38875,0.133125,0.19374999999999998,0.06187499999999999,0.1525,0.04687499999999999,0.105625,0.06625,0.050624999999999996,1.58625,0.044375000000000005,0.11125,40.28375,0.09687499999999999,0.195625,50.30625,0.06187499999999999,0.0975,64.19125,0.005625,0.031875,0.75625,0.01375,0.074375,0.20500000000000002,0.050624999999999996,0.013125000000000001,0.40125,0.3491666666666667,0.085,0.20666666666666667,0.057499999999999996,0.1441666666666667,0.045000000000000005,0.09916666666666668,0.06416666666666666,0.056666666666666664,1.2833333333333334,0.028333333333333335,0.12083333333333333,23.265,0.10333333333333333,0.20083333333333334,52.23499999999999,0.057499999999999996,0.09499999999999999,60.62833333333333,0.005833333333333333,0.04416666666666667,0.8833333333333333,0.013333333333333334,0.1075,0.12833333333333333,0.056666666666666664,0.010833333333333334,0.33083333333333337
94,92,2010-01-29,13,1,2009-2010,Assis,Pinheiros,1,0.389375,0.12375000000000001,0.18624999999999997,0.079375,0.163125,0.04937500000000001,0.11375,0.04875,0.0675,0.82375,0.04125,0.126875,31.28125,0.09312499999999999,0.17875,52.69,0.079375,0.115625,68.17125,0.010625,0.02125,0.31125,0.011875,0.095,0.12,0.0675,0.016875,0.359375,0.43999999999999995,0.15562499999999999,0.19124999999999998,0.093125,0.1525,0.04125,0.11125,0.0675,0.07125000000000001,1.00625,0.051875,0.123125,43.24875,0.09562499999999999,0.176875,53.44125,0.093125,0.121875,77.0575,0.0125,0.035625000000000004,0.5075,0.0125,0.09125000000000001,0.16875,0.07125000000000001,0.012499999999999997,0.455625
94,101,2010-01-29,13,1,2009-2010,Minas,Flamengo,0,0.46111111111111114,0.145,0.24000000000000002,0.0761111111111111,0.175,0.05333333333333333,0.12166666666666666,0.09722222222222222,0.07277777777777777,1.3622222222222222,0.04833333333333333,0.11166666666666665,44.211111111111116,0.12000000000000001,0.21833333333333327,54.815555555555555,0.0761111111111111,0.09722222222222222,76.36444444444444,0.0038888888888888883,0.035,0.5111111111111112,0.010555555555555556,0.09444444444444444,0.11555555555555556,0.07277777777777777,0.011666666666666665,0.5233333333333334,0.43125,0.14625,0.21125,0.07375000000000001,0.159375,0.039999999999999994,0.11937500000000001,0.065625,0.06312500000000001,1.23625,0.04875,0.120625,41.28125,0.105625,0.188125,55.96625,0.07375000000000001,0.09937500000000002,75.56875,0.0075,0.05125,0.9225,0.015625,0.09812499999999999,0.1625,0.06312500000000001,0.00875,0.48
105,70,2010-02-02,8,1,2009-2010,Flamengo,Paulistano,1,0.43944444444444447,0.14833333333333332,0.2122222222222222,0.0788888888888889,0.1611111111111111,0.041111111111111105,0.12000000000000001,0.06666666666666667,0.06222222222222224,1.25,0.049444444444444444,0.12555555555555553,40.397777777777776,0.1061111111111111,0.18833333333333332,56.18,0.0788888888888889,0.10722222222222225,75.01555555555555,0.007777777777777777,0.05222222222222222,0.9411111111111112,0.015555555555555557,0.09555555555555555,0.16666666666666666,0.06222222222222224,0.008333333333333335,0.4861111111111111,0.3514285714285714,0.08142857142857143,0.21428571428571427,0.05571428571428571,0.14071428571428574,0.04357142857142858,0.09714285714285716,0.060714285714285714,0.05714285714285714,1.195714285714286,0.027142857142857142,0.11428571428571428,23.75142857142857,0.10714285714285714,0.20500000000000002,52.84714285714285,0.05571428571428571,0.08999999999999998,62.68142857142857,0.0064285714285714285,0.03928571428571429,0.7814285714285714,0.012142857142857144,0.10142857142857142,0.12142857142857143,0.05714285714285714,0.012142857142857144,0.32785714285714285
79,100,2010-02-05,1,2,2009-2010,Espírito Santo,Flamengo,0,0.36150000000000004,0.10800000000000001,0.18399999999999997,0.06949999999999999,0.1805,0.05900000000000001,0.12149999999999998,0.057499999999999996,0.079,0.7859999999999999,0.036,0.10800000000000001,32.32,0.09199999999999998,0.197,47.149,0.06949999999999999,0.11599999999999999,60.947,0.0115,0.044,0.6130000000000001,0.0155,0.10699999999999998,0.14400000000000002,0.079,0.0195,0.3565,0.44800000000000006,0.1515,0.21600000000000003,0.0805,0.1645,0.042499999999999996,0.12200000000000003,0.06599999999999999,0.05950000000000002,1.296,0.0505,0.12449999999999999,41.575,0.10800000000000001,0.194,55.664,0.0805,0.11050000000000001,74.3,0.009999999999999998,0.052000000000000005,0.99,0.016,0.09549999999999999,0.17099999999999999,0.05950000000000002,0.0075000000000000015,0.497
91,84,2010-02-05,1,2,2009-2010,Minas,Paulistano,1,0.462,0.1485,0.24100000000000002,0.0725,0.175,0.053500000000000006,0.12149999999999998,0.1,0.074,1.373,0.0495,0.1145,44.07600000000001,0.12050000000000001,0.21849999999999997,55.016,0.0725,0.095,74.061,0.0034999999999999996,0.0355,0.507,0.010499999999999999,0.098,0.11200000000000002,0.074,0.011,0.5235000000000001,0.35125,0.08625000000000001,0.20875,0.056249999999999994,0.140625,0.043750000000000004,0.096875,0.059375,0.056874999999999995,1.1600000000000001,0.02875,0.11687499999999999,24.48625,0.104375,0.19875,53.09625,0.056249999999999994,0.09312499999999999,61.3675,0.005625,0.036250000000000004,0.7175,0.0125,0.10062499999999999,0.12625,0.056874999999999995,0.011250000000000001,0.32375
65,72,2010-02-05,1,2,2009-2010,Assis,Sesi Franca,0,0.3983333333333333,0.125,0.1933333333333333,0.08,0.16444444444444445,0.05166666666666667,0.1127777777777778,0.05388888888888889,0.06333333333333334,1.0844444444444443,0.041666666666666664,0.13,31.03111111111111,0.09666666666666665,0.18166666666666667,53.611111111111114,0.08,0.11444444444444445,69.59111111111112,0.011111111111111112,0.02277777777777778,0.4066666666666667,0.012777777777777779,0.09166666666666666,0.1411111111111111,0.06333333333333334,0.015555555555555557,0.3811111111111111,0.4161111111111111,0.15333333333333332,0.18555555555555556,0.07722222222222223,0.13333333333333336,0.03666666666666666,0.09666666666666666,0.065,0.05666666666666667,1.6066666666666667,0.0511111111111111,0.12722222222222224,38.75888888888889,0.09277777777777778,0.17888888888888888,52.42444444444444,0.07722222222222223,0.105,72.50222222222222,0.0,0.032777777777777774,0.6388888888888888,0.009444444444444445,0.10277777777777779,0.09555555555555556,0.05666666666666667,0.008888888888888889,0.4099999999999999
63,59,2010-02-05,1,2,2009-2010,Bauru Basket,Araraquara,1,0.4044444444444444,0.1383333333333333,0.20444444444444443,0.06166666666666666,0.15944444444444444,0.048888888888888885,0.11055555555555556,0.07,0.049999999999999996,1.6566666666666667,0.04611111111111112,0.10944444444444444,42.82555555555555,0.10222222222222221,0.19666666666666666,52.57555555555555,0.06166666666666666,0.09722222222222222,64.07666666666665,0.008333333333333333,0.032777777777777774,0.7711111111111111,0.013333333333333332,0.07166666666666667,0.20444444444444446,0.049999999999999996,0.011666666666666667,0.43666666666666665,0.38749999999999996,0.14250000000000002,0.19499999999999998,0.05,0.14200000000000002,0.04050000000000001,0.10149999999999999,0.08049999999999999,0.06899999999999999,1.221,0.0475,0.1365,34.443,0.09749999999999999,0.1865,52.573,0.05,0.065,77.59700000000001,0.009000000000000001,0.0395,0.62,0.016000000000000004,0.09999999999999999,0.16899999999999998,0.06899999999999999,0.011,0.4035
79,83,2010-02-05,1,2,2009-2010,Londrina,Joinville,0,0.39045454545454544,0.11590909090909092,0.18545454545454546,0.0890909090909091,0.1540909090909091,0.05727272727272728,0.09681818181818182,0.0640909090909091,0.07681818181818181,0.8627272727272726,0.03863636363636364,0.13045454545454546,29.236363636363638,0.09272727272727273,0.1827272727272727,51.18727272727272,0.0890909090909091,0.12318181818181816,72.32272727272726,0.0031818181818181815,0.03409090909090909,0.45454545454545464,0.014545454545454545,0.09681818181818182,0.16272727272727275,0.07681818181818181,0.012727272727272728,0.3645454545454545,0.403,0.1335,0.18899999999999997,0.08049999999999999,0.16725,0.05725000000000001,0.11000000000000001,0.06050000000000001,0.05675000000000001,1.251,0.0445,0.12725000000000003,35.742,0.09449999999999999,0.19025,49.839,0.08049999999999999,0.11100000000000002,73.639,0.00825,0.035250000000000004,0.6900000000000001,0.01075,0.09225,0.13000000000000003,0.05675000000000001,0.014000000000000002,0.41100000000000003
105,77,2010-02-05,1,2,2009-2010,Brasília,Pinheiros,1,0.4616666666666666,0.11666666666666667,0.2544444444444445,0.09055555555555556,0.16722222222222227,0.05,0.11722222222222221,0.09388888888888888,0.06777777777777778,1.4755555555555555,0.03888888888888889,0.11722222222222221,34.19222222222222,0.12722222222222224,0.20722222222222222,61.907777777777774,0.09055555555555556,0.11722222222222224,76.26777777777778,0.011111111111111112,0.04111111111111111,0.6388888888888888,0.015555555555555557,0.08222222222222222,0.20000000000000004,0.06777777777777778,0.01333333333333333,0.5266666666666667,0.4422222222222222,0.16166666666666665,0.19222222222222218,0.08833333333333333,0.1527777777777778,0.041666666666666664,0.1111111111111111,0.06944444444444445,0.07,1.0522222222222224,0.05388888888888889,0.12222222222222223,45.20666666666667,0.09611111111111109,0.18000000000000002,52.923333333333325,0.08833333333333333,0.11666666666666667,75.90333333333334,0.013333333333333334,0.03277777777777778,0.47,0.011111111111111112,0.09222222222222223,0.15000000000000002,0.07,0.01222222222222222,0.4577777777777778
60,90,2010-02-05,1,2,2009-2010,Saldanha,Coop/São José Basketball,0,0.35899999999999993,0.099,0.20600000000000002,0.054000000000000006,0.13799999999999998,0.039,0.099,0.039,0.05800000000000001,0.681,0.03300000000000001,0.10699999999999998,30.934999999999995,0.10300000000000001,0.2045,51.376999999999995,0.054000000000000006,0.10149999999999999,52.916999999999994,0.007000000000000001,0.051500000000000004,0.921,0.006500000000000001,0.09549999999999999,0.068,0.05800000000000001,0.0155,0.31300000000000006,0.3433333333333333,0.1125,0.17500000000000002,0.055833333333333325,0.1441666666666667,0.04833333333333334,0.09583333333333333,0.08,0.07583333333333332,1.16,0.0375,0.1325,27.873333333333335,0.08750000000000001,0.15083333333333335,58.05166666666667,0.055833333333333325,0.08583333333333336,65.83666666666667,0.005833333333333333,0.041666666666666664,0.5783333333333334,0.005,0.08750000000000001,0.05499999999999999,0.07583333333333332,0.008333333333333333,0.35000000000000003
73,61,2010-02-07,2,2,2009-2010,Espírito Santo,Coop/São José Basketball,1,0.3645454545454545,0.105,0.18454545454545454,0.075,0.17954545454545454,0.060454545454545455,0.11909090909090908,0.05545454545454545,0.07909090909090909,0.7545454545454544,0.035,0.10590909090909091,32.055454545454545,0.09227272727272727,0.1981818181818182,46.97545454545455,0.075,0.12318181818181818,61.46727272727273,0.01227272727272727,0.042727272727272725,0.5918181818181819,0.015454545454545453,0.1059090909090909,0.14545454545454548,0.07909090909090909,0.020454545454545454,0.35363636363636364,0.3585714285714286,0.13071428571428573,0.17285714285714285,0.05499999999999999,0.1492857142857143,0.047142857142857146,0.10214285714285713,0.07357142857142858,0.06999999999999999,1.1371428571428572,0.04357142857142857,0.13642857142857143,31.034285714285716,0.08642857142857142,0.14785714285714288,58.550000000000004,0.05499999999999999,0.08857142857142859,63.23428571428572,0.005714285714285713,0.04,0.6185714285714285,0.0064285714285714285,0.08499999999999999,0.07714285714285714,0.06999999999999999,0.007857142857142858,0.37
65,90,2010-02-07,2,2,2009-2010,Saldanha,Flamengo,0,0.3536363636363636,0.09818181818181819,0.20272727272727273,0.052727272727272734,0.13636363636363635,0.03909090909090909,0.09727272727272727,0.03863636363636364,0.05727272727272728,0.6827272727272727,0.03272727272727274,0.10772727272727271,30.49454545454545,0.10136363636363636,0.20136363636363636,51.25181818181818,0.052727272727272734,0.09863636363636363,53.30090909090909,0.006363636363636364,0.05,0.9009090909090909,0.006363636363636364,0.09545454545454544,0.06636363636363637,0.05727272727272728,0.015909090909090907,0.3068181818181819,0.45272727272727276,0.15409090909090908,0.22,0.07863636363636363,0.16318181818181818,0.04136363636363636,0.12181818181818184,0.0659090909090909,0.06090909090909092,1.2572727272727273,0.05136363636363636,0.12318181818181818,42.75454545454546,0.11,0.19454545454545455,56.51272727272727,0.07863636363636363,0.11045454545454549,72.50454545454545,0.010454545454545454,0.05090909090909091,0.9481818181818181,0.015454545454545455,0.09818181818181816,0.16272727272727272,0.06090909090909092,0.008181818181818182,0.4990909090909091
109,80,2010-02-07,2,2,2009-2010,Brasília,Paulistano,1,0.46799999999999997,0.123,0.255,0.09,0.17500000000000004,0.053500000000000006,0.12149999999999998,0.095,0.0675,1.4899999999999998,0.040999999999999995,0.12,34.910999999999994,0.1275,0.21150000000000002,60.916999999999994,0.09,0.11550000000000002,77.141,0.012,0.041499999999999995,0.6439999999999999,0.016,0.08549999999999999,0.197,0.0675,0.012999999999999998,0.5395000000000001,0.35888888888888887,0.09000000000000001,0.21,0.05888888888888888,0.14222222222222222,0.04555555555555556,0.09666666666666666,0.05944444444444444,0.05888888888888888,1.12,0.030000000000000002,0.11944444444444444,24.939999999999998,0.105,0.19722222222222224,53.80333333333333,0.05888888888888888,0.09499999999999999,62.629999999999995,0.005555555555555555,0.03611111111111112,0.69,0.011666666666666667,0.10166666666666666,0.11777777777777779,0.05888888888888888,0.011111111111111112,0.33166666666666667
72,68,2010-02-07,2,2,2009-2010,Assis,Araraquara,1,0.391,0.12,0.19599999999999998,0.075,0.16599999999999998,0.05200000000000001,0.11400000000000002,0.053000000000000005,0.06100000000000001,1.089,0.04,0.128,30.201,0.09799999999999999,0.184,53.616,0.075,0.10800000000000001,68.632,0.0105,0.0205,0.366,0.013000000000000001,0.092,0.143,0.06100000000000001,0.015000000000000003,0.37550000000000006,0.3790909090909091,0.1404545454545455,0.1909090909090909,0.04772727272727273,0.14272727272727273,0.03954545454545455,0.10318181818181817,0.07590909090909091,0.07045454545454545,1.1418181818181818,0.04681818181818182,0.1304545454545455,36.50636363636364,0.09545454545454544,0.18363636363636363,52.192727272727275,0.04772727272727273,0.06227272727272728,77.03636363636365,0.008636363636363638,0.03954545454545454,0.6063636363636363,0.015454545454545459,0.10090909090909089,0.16181818181818183,0.07045454545454545,0.010909090909090908,0.39590909090909093
92,87,2010-02-07,2,2,2009-2010,Minas,Pinheiros,1,0.46136363636363636,0.1431818181818182,0.2427272727272727,0.07545454545454545,0.17363636363636362,0.054090909090909085,0.11954545454545454,0.10227272727272728,0.07272727272727274,1.4372727272727273,0.04772727272727273,0.11227272727272729,43.09909090909091,0.12136363636363635,0.22045454545454543,54.9390909090909,0.07545454545454545,0.09772727272727272,74.96454545454546,0.003636363636363636,0.03636363636363636,0.5290909090909092,0.010909090909090908,0.09681818181818182,0.11818181818181818,0.07272727272727274,0.011363636363636364,0.525909090909091,0.43649999999999994,0.1515,0.19599999999999998,0.089,0.153,0.04,0.11299999999999999,0.0665,0.0695,1.009,0.0505,0.12150000000000001,42.425,0.09799999999999999,0.184,52.85799999999999,0.089,0.11699999999999999,76.22999999999999,0.013000000000000001,0.03250000000000001,0.469,0.012,0.0905,0.162,0.0695,0.012999999999999998,0.446
105,97,2010-02-07,2,2,2009-2010,Bauru Basket,Sesi Franca,1,0.39549999999999996,0.1335,0.202,0.06,0.156,0.048999999999999995,0.10700000000000001,0.068,0.0505,1.582,0.044500000000000005,0.1095,41.269999999999996,0.101,0.1935,52.773,0.06,0.093,65.851,0.008,0.034499999999999996,0.7849999999999999,0.012,0.072,0.184,0.0505,0.012,0.425,0.41050000000000003,0.147,0.187,0.07650000000000001,0.1365,0.03749999999999999,0.099,0.0635,0.05550000000000001,1.557,0.04899999999999999,0.125,37.74,0.0935,0.1795,52.58699999999999,0.07650000000000001,0.1025,74.002,0.0015,0.032,0.631,0.0095,0.1005,0.099,0.05550000000000001,0.0095,0.4084999999999999
91,75,2010-02-09,10,1,2009-2010,Sesi Franca,Coop/São José Basketball,1,0.41727272727272735,0.1431818181818182,0.19363636363636363,0.08045454545454546,0.14045454545454547,0.03954545454545454,0.10090909090909089,0.06090909090909091,0.055454545454545465,1.4736363636363636,0.04772727272727272,0.12090909090909091,38.28636363636364,0.09681818181818182,0.18727272727272729,52.26636363636362,0.08045454545454546,0.10727272727272727,74.31272727272727,0.0013636363636363635,0.030454545454545456,0.5981818181818181,0.009090909090909092,0.10454545454545455,0.09272727272727273,0.055454545454545465,0.01,0.4122727272727272,0.35187500000000005,0.1275,0.16999999999999998,0.05437499999999999,0.155625,0.05,0.105625,0.073125,0.073125,1.0875,0.042499999999999996,0.13187500000000002,31.53,0.08499999999999999,0.149375,57.09125,0.05437499999999999,0.09312500000000001,60.330000000000005,0.006874999999999999,0.037500000000000006,0.5675,0.0075,0.089375,0.08374999999999999,0.073125,0.008125,0.36
68,79,2010-02-10,12,1,2009-2010,Paulistano,Araraquara,0,0.363,0.0915,0.213,0.058499999999999996,0.144,0.0465,0.0975,0.061999999999999986,0.06299999999999999,1.0930000000000002,0.030500000000000006,0.11850000000000001,25.627999999999997,0.1065,0.201,53.528999999999996,0.058499999999999996,0.09499999999999999,62.15599999999999,0.0055,0.037500000000000006,0.671,0.011000000000000001,0.10400000000000001,0.11000000000000001,0.06299999999999999,0.0125,0.3355,0.3758333333333333,0.13875000000000004,0.18833333333333332,0.048749999999999995,0.14291666666666666,0.03833333333333334,0.10458333333333332,0.07291666666666667,0.07125,1.0883333333333334,0.046250000000000006,0.1279166666666667,36.7975,0.09416666666666666,0.18166666666666667,52.01,0.048749999999999995,0.06333333333333334,77.28333333333335,0.008333333333333335,0.0375,0.5716666666666667,0.01416666666666667,0.10458333333333332,0.14833333333333334,0.07125,0.011666666666666665,0.38833333333333336
79,100,2010-02-10,8,1,2009-2010,Coop/São José Basketball,Pinheiros,0,0.3544444444444445,0.12333333333333335,0.17444444444444443,0.05666666666666666,0.15555555555555556,0.050555555555555555,0.105,0.07277777777777777,0.075,1.0533333333333332,0.04111111111111111,0.12944444444444447,31.056666666666665,0.08722222222222221,0.15222222222222223,57.41444444444445,0.05666666666666666,0.09333333333333334,62.39888888888889,0.007222222222222221,0.03777777777777778,0.5533333333333333,0.007222222222222223,0.09333333333333332,0.07888888888888888,0.075,0.008333333333333333,0.36277777777777775,0.4363636363636363,0.14863636363636362,0.19636363636363632,0.09136363636363637,0.15045454545454545,0.04181818181818182,0.10863636363636363,0.07,0.07,1.0445454545454547,0.04954545454545455,0.12181818181818183,41.47727272727273,0.09818181818181816,0.18272727272727274,53.4,0.09136363636363637,0.11772727272727272,77.66363636363636,0.011818181818181818,0.034090909090909095,0.48727272727272725,0.012727272727272728,0.09090909090909091,0.16636363636363638,0.07,0.013636363636363634,0.45045454545454544
74,68,2010-02-12,11,1,2009-2010,Coop/São José Basketball,Assis,1,0.35850000000000004,0.12450000000000001,0.178,0.055999999999999994,0.152,0.05,0.10200000000000001,0.0745,0.07449999999999998,1.077,0.041499999999999995,0.13100000000000003,31.053999999999995,0.089,0.155,57.50600000000001,0.055999999999999994,0.0915,62.826,0.006999999999999999,0.036500000000000005,0.534,0.007000000000000001,0.0925,0.077,0.07449999999999998,0.0075,0.363,0.38818181818181824,0.12136363636363635,0.1909090909090909,0.07590909090909091,0.1668181818181818,0.05136363636363638,0.11545454545454546,0.052272727272727276,0.06000000000000001,1.071818181818182,0.04045454545454546,0.12727272727272726,30.864545454545453,0.09545454545454544,0.18272727272727274,52.48545454545454,0.07590909090909091,0.11045454545454546,68.11636363636364,0.009545454545454546,0.023636363636363636,0.4327272727272727,0.013181818181818183,0.09272727272727273,0.14363636363636362,0.06000000000000001,0.01590909090909091,0.37545454545454554
104,109,2010-02-12,11,1,2009-2010,Paulistano,Sesi Franca,0,0.3609090909090909,0.09,0.21363636363636365,0.057272727272727274,0.1409090909090909,0.04454545454545455,0.09636363636363637,0.06499999999999999,0.06363636363636363,1.1172727272727274,0.030000000000000006,0.11545454545454546,25.971818181818183,0.10681818181818183,0.2,53.92545454545454,0.057272727272727274,0.09409090909090909,61.31818181818182,0.005909090909090908,0.03727272727272728,0.6554545454545454,0.011818181818181818,0.10454545454545455,0.11636363636363636,0.06363636363636363,0.012272727272727274,0.33681818181818185,0.4204166666666667,0.1425,0.19166666666666665,0.08625000000000001,0.13583333333333333,0.0375,0.09833333333333333,0.06166666666666667,0.055000000000000014,1.4675,0.047499999999999994,0.11833333333333335,39.2625,0.09583333333333333,0.18500000000000003,52.33833333333332,0.08625000000000001,0.11333333333333333,75.06416666666667,0.00125,0.03208333333333333,0.6316666666666667,0.009583333333333334,0.10500000000000002,0.09666666666666668,0.055000000000000014,0.009583333333333334,0.4174999999999999
90,74,2010-02-17,12,1,2009-2010,Coop/São José Basketball,Bauru Basket,1,0.3595454545454546,0.12136363636363638,0.1818181818181818,0.05636363636363635,0.15545454545454546,0.05227272727272727,0.10318181818181818,0.07454545454545454,0.07318181818181818,1.0927272727272728,0.04045454545454545,0.1322727272727273,30.11181818181818,0.0909090909090909,0.15727272727272726,57.83363636363637,0.05636363636363635,0.09272727272727273,62.309090909090905,0.006363636363636363,0.03772727272727273,0.560909090909091,0.008181818181818182,0.09227272727272727,0.09,0.07318181818181818,0.006818181818181818,0.36772727272727274,0.40727272727272723,0.13499999999999998,0.20545454545454545,0.06681818181818182,0.16272727272727272,0.05181818181818181,0.1109090909090909,0.06954545454545455,0.04954545454545455,1.6318181818181818,0.045000000000000005,0.1109090909090909,41.15454545454545,0.10272727272727272,0.1968181818181818,52.71818181818182,0.06681818181818182,0.09954545454545455,67.30272727272727,0.007727272727272728,0.03363636363636364,0.770909090909091,0.012272727272727274,0.07681818181818181,0.1781818181818182,0.04954545454545455,0.012272727272727274,0.4431818181818182
87,78,2010-02-26,3,2,2009-2010,Paulistano,Espírito Santo,1,0.3741666666666667,0.09249999999999999,0.21750000000000003,0.06416666666666666,0.14875000000000002,0.04750000000000001,0.10125,0.06416666666666666,0.06583333333333333,1.075,0.030833333333333338,0.11416666666666668,27.140833333333333,0.10875000000000001,0.20583333333333334,53.44416666666666,0.06416666666666666,0.10291666666666666,62.041666666666664,0.005833333333333333,0.037083333333333336,0.6333333333333333,0.011250000000000001,0.10791666666666667,0.10916666666666668,0.06583333333333333,0.011666666666666667,0.35041666666666665,0.3645833333333333,0.10375000000000001,0.18416666666666667,0.07666666666666666,0.17708333333333334,0.058750000000000004,0.11833333333333333,0.05291666666666667,0.07583333333333334,0.7441666666666666,0.034583333333333334,0.1075,31.38416666666667,0.09208333333333334,0.19625,47.346666666666664,0.07666666666666666,0.12416666666666666,62.20916666666667,0.011666666666666665,0.043333333333333335,0.6466666666666667,0.016249999999999997,0.10541666666666666,0.15416666666666667,0.07583333333333334,0.019583333333333335,0.35375
98,89,2010-02-26,3,2,2009-2010,Sesi Franca,Brasília,1,0.43000000000000005,0.1453846153846154,0.19384615384615383,0.09076923076923078,0.14115384615384616,0.03884615384615385,0.1023076923076923,0.06346153846153846,0.05692307692307693,1.4361538461538461,0.04846153846153845,0.12115384615384617,39.22,0.09692307692307692,0.18884615384615386,51.913076923076915,0.09076923076923078,0.11999999999999998,74.86692307692307,0.0011538461538461537,0.036153846153846154,0.6646153846153846,0.009615384615384616,0.1080769230769231,0.09461538461538463,0.05692307692307693,0.010384615384615384,0.42961538461538457,0.475,0.12000000000000001,0.2627272727272727,0.09227272727272728,0.17590909090909096,0.052727272727272734,0.12318181818181818,0.09954545454545455,0.06636363636363637,1.5945454545454545,0.039999999999999994,0.11999999999999998,34.01,0.13136363636363635,0.21409090909090914,61.81818181818182,0.09227272727272728,0.11909090909090912,76.87272727272729,0.011818181818181818,0.042727272727272725,0.6763636363636363,0.015454545454545455,0.08590909090909091,0.1890909090909091,0.06636363636363637,0.011818181818181816,0.5527272727272727
98,85,2010-02-26,3,2,2009-2010,Pinheiros,Saldanha,1,0.4416666666666666,0.15374999999999997,0.19833333333333333,0.08958333333333335,0.14625000000000002,0.042083333333333334,0.10416666666666664,0.07125,0.06958333333333333,1.0666666666666667,0.05125,0.12166666666666666,42.88166666666667,0.09916666666666667,0.18333333333333335,53.774166666666666,0.08958333333333335,0.11541666666666667,77.67333333333333,0.012083333333333335,0.035,0.5041666666666665,0.012916666666666668,0.09041666666666666,0.1675,0.06958333333333333,0.012499999999999997,0.45708333333333334,0.3512499999999999,0.09875,0.20083333333333334,0.05166666666666667,0.13833333333333334,0.04,0.09833333333333334,0.03833333333333334,0.058750000000000004,0.665,0.03291666666666668,0.10916666666666665,30.28666666666666,0.10041666666666667,0.20125,50.73083333333333,0.05166666666666667,0.09708333333333334,53.02583333333333,0.007083333333333334,0.04916666666666667,0.87,0.006666666666666667,0.09458333333333331,0.07083333333333335,0.058750000000000004,0.015,0.30250000000000005
93,80,2010-02-26,3,2,2009-2010,Assis,Bauru Basket,1,0.3841666666666667,0.12374999999999999,0.18916666666666662,0.07125,0.16541666666666666,0.050416666666666686,0.115,0.05208333333333334,0.061250000000000006,1.0383333333333333,0.04125,0.12625,31.915833333333335,0.09458333333333331,0.18250000000000002,52.04666666666666,0.07125,0.10416666666666667,67.20166666666667,0.00875,0.02416666666666667,0.43,0.012916666666666668,0.09291666666666666,0.14083333333333334,0.061250000000000006,0.014583333333333335,0.37166666666666676,0.4041666666666666,0.13249999999999998,0.20333333333333334,0.06833333333333333,0.15541666666666668,0.049166666666666664,0.10625,0.06791666666666667,0.05083333333333334,1.5599999999999998,0.04416666666666667,0.10791666666666666,41.61416666666666,0.10166666666666667,0.19416666666666668,52.87083333333333,0.06833333333333333,0.10208333333333335,67.1425,0.007916666666666667,0.034166666666666665,0.7583333333333333,0.011250000000000001,0.07666666666666666,0.16333333333333333,0.05083333333333334,0.011250000000000001,0.4320833333333333
98,92,2010-02-26,3,2,2009-2010,Araraquara,Minas,1,0.37730769230769223,0.1407692307692308,0.1846153846153846,0.05192307692307692,0.145,0.038076923076923085,0.10692307692307691,0.07230769230769231,0.07192307692307691,1.066923076923077,0.04692307692307693,0.12730769230769232,37.49230769230769,0.0923076923076923,0.18115384615384617,51.08615384615385,0.05192307692307692,0.06653846153846153,77.93153846153847,0.008461538461538463,0.03923076923076923,0.5853846153846154,0.014230769230769234,0.10384615384615384,0.14923076923076922,0.07192307692307691,0.01346153846153846,0.39230769230769236,0.46125,0.14375,0.24,0.0775,0.1725,0.056249999999999994,0.11625,0.10375000000000001,0.07333333333333333,1.4425000000000001,0.04791666666666667,0.11333333333333334,42.840833333333336,0.12,0.21916666666666665,54.62916666666666,0.0775,0.09833333333333333,76.65416666666667,0.0033333333333333327,0.03791666666666666,0.5425,0.012083333333333333,0.09916666666666667,0.125,0.07333333333333333,0.010833333333333334,0.52875
95,56,2010-02-26,3,2,2009-2010,Coop/São José Basketball,Londrina,1,0.3670833333333334,0.12750000000000003,0.18333333333333332,0.056249999999999994,0.15458333333333332,0.05125,0.10333333333333333,0.07791666666666666,0.07208333333333333,1.1616666666666666,0.0425,0.13250000000000003,31.614999999999995,0.09166666666666666,0.15666666666666665,58.57,0.056249999999999994,0.09083333333333334,63.66416666666667,0.006666666666666665,0.037083333333333336,0.5558333333333334,0.008333333333333333,0.09416666666666666,0.09000000000000001,0.07208333333333333,0.0062499999999999995,0.3833333333333333,0.3908333333333333,0.11750000000000001,0.18333333333333335,0.09000000000000001,0.15458333333333335,0.05708333333333335,0.09749999999999999,0.06541666666666666,0.07416666666666667,0.9391666666666665,0.03916666666666667,0.13125,29.478333333333335,0.09166666666666667,0.18374999999999997,50.34083333333333,0.09000000000000001,0.12416666666666665,72.46833333333332,0.0033333333333333327,0.034583333333333334,0.4908333333333334,0.014583333333333332,0.09958333333333332,0.15916666666666668,0.07416666666666667,0.012083333333333335,0.3675
100,87,2010-02-26,3,2,2009-2010,Flamengo,Joinville,1,0.45250000000000007,0.155,0.21916666666666665,0.07833333333333332,0.16374999999999998,0.04041666666666666,0.12333333333333336,0.06583333333333331,0.05875000000000002,1.3074999999999999,0.051666666666666666,0.12541666666666665,42.2475,0.10958333333333332,0.19166666666666668,57.2725,0.07833333333333332,0.10916666666666669,73.04166666666667,0.010833333333333334,0.05125000000000001,1.0,0.015000000000000001,0.09499999999999999,0.16333333333333333,0.05875000000000002,0.007916666666666667,0.5029166666666667,0.4040909090909091,0.1309090909090909,0.18727272727272723,0.08590909090909091,0.1697727272727273,0.05568181818181819,0.1140909090909091,0.06090909090909092,0.05704545454545456,1.2354545454545454,0.04363636363636363,0.1247727272727273,35.67454545454545,0.09363636363636361,0.18886363636363637,49.723636363636366,0.08590909090909091,0.11681818181818183,74.21727272727273,0.007500000000000001,0.033409090909090916,0.65,0.01068181818181818,0.09522727272727272,0.12545454545454549,0.05704545454545456,0.01363636363636364,0.4145454545454546
76,66,2010-02-28,4,2,2009-2010,Sesi Franca,Minas,1,0.43428571428571433,0.14464285714285713,0.195,0.09464285714285715,0.14,0.03785714285714286,0.10214285714285713,0.06392857142857143,0.05500000000000001,1.5,0.04821428571428571,0.12071428571428573,39.21357142857143,0.0975,0.18892857142857142,52.15214285714285,0.09464285714285715,0.12499999999999999,74.97071428571428,0.002142857142857143,0.03571428571428571,0.6885714285714286,0.009642857142857144,0.10821428571428574,0.0942857142857143,0.05500000000000001,0.010357142857142858,0.4342857142857142,0.46115384615384614,0.14307692307692307,0.23923076923076922,0.07884615384615384,0.16999999999999998,0.054615384615384614,0.11538461538461539,0.10115384615384616,0.07346153846153845,1.4030769230769233,0.0476923076923077,0.11423076923076923,42.31461538461539,0.11961538461538461,0.21807692307692308,54.74230769230769,0.07884615384615384,0.10076923076923078,76.37923076923077,0.0034615384615384608,0.036538461538461534,0.5215384615384615,0.011923076923076923,0.10230769230769231,0.12076923076923077,0.07346153846153845,0.010384615384615384,0.5203846153846154
95,72,2010-02-28,4,2,2009-2010,Flamengo,Londrina,1,0.4561538461538462,0.16384615384615384,0.21461538461538462,0.0776923076923077,0.16192307692307692,0.039615384615384615,0.12230769230769235,0.06423076923076922,0.05730769230769232,1.2938461538461539,0.054615384615384614,0.1296153846153846,42.84384615384616,0.10730769230769231,0.18846153846153849,56.96923076923077,0.0776923076923077,0.10769230769230773,73.40615384615384,0.010384615384615384,0.05076923076923078,1.01,0.014230769230769233,0.09576923076923076,0.1546153846153846,0.05730769230769232,0.007692307692307694,0.5038461538461538,0.3823076923076923,0.11423076923076923,0.17846153846153848,0.08961538461538462,0.15307692307692308,0.05653846153846155,0.09653846153846153,0.062307692307692314,0.07576923076923077,0.8869230769230767,0.03807692307692308,0.13,28.883076923076924,0.08923076923076924,0.18153846153846148,49.44615384615384,0.08961538461538462,0.12423076923076921,72.12461538461538,0.0030769230769230765,0.03461538461538461,0.4815384615384616,0.014999999999999998,0.10115384615384615,0.16,0.07576923076923077,0.011153846153846155,0.3526923076923077
91,80,2010-02-28,4,2,2009-2010,Pinheiros,Espírito Santo,1,0.4453846153846153,0.14653846153846153,0.20461538461538462,0.09423076923076924,0.14461538461538462,0.04115384615384616,0.10346153846153844,0.07192307692307692,0.06999999999999999,1.066923076923077,0.048846153846153845,0.11961538461538461,41.20230769230769,0.10230769230769231,0.18692307692307694,54.32,0.09423076923076924,0.11846153846153847,79.14230769230768,0.01230769230769231,0.03461538461538462,0.4961538461538461,0.015000000000000003,0.0923076923076923,0.18153846153846157,0.06999999999999999,0.011923076923076922,0.461923076923077,0.36653846153846154,0.10038461538461539,0.18923076923076923,0.07692307692307691,0.1769230769230769,0.0576923076923077,0.11923076923076922,0.05346153846153846,0.07384615384615385,0.7792307692307692,0.033461538461538466,0.10730769230769231,30.435384615384617,0.09461538461538462,0.19576923076923075,48.76538461538461,0.07692307692307691,0.12269230769230768,63.284615384615385,0.011923076923076922,0.042692307692307696,0.6507692307692309,0.015384615384615384,0.1026923076923077,0.1476923076923077,0.07384615384615385,0.01884615384615385,0.3603846153846154
85,91,2010-02-28,4,2,2009-2010,Paulistano,Saldanha,0,0.37884615384615383,0.10038461538461538,0.21384615384615385,0.06461538461538462,0.1480769230769231,0.047307692307692314,0.10076923076923078,0.06499999999999999,0.06538461538461537,1.0884615384615386,0.033461538461538466,0.11576923076923078,28.756923076923076,0.10692307692307693,0.20423076923076924,52.86769230769231,0.06461538461538462,0.1023076923076923,62.93692307692308,0.005769230769230769,0.03615384615384616,0.6169230769230769,0.01076923076923077,0.10692307692307693,0.10461538461538462,0.06538461538461537,0.011923076923076925,0.35615384615384615,0.35692307692307684,0.09346153846153847,0.21153846153846154,0.05192307692307693,0.14038461538461539,0.04038461538461539,0.10000000000000002,0.04076923076923077,0.059615384615384626,0.6907692307692308,0.031153846153846164,0.10384615384615384,29.879999999999995,0.10576923076923077,0.21038461538461536,50.91538461538461,0.05192307692307693,0.0996153846153846,52.201538461538455,0.008076923076923077,0.04692307692307693,0.8253846153846153,0.006153846153846154,0.09615384615384613,0.06538461538461539,0.059615384615384626,0.016538461538461537,0.30653846153846154
95,90,2010-02-28,4,2,2009-2010,Araraquara,Brasília,1,0.38535714285714284,0.13821428571428576,0.18785714285714286,0.05928571428571428,0.14714285714285716,0.03964285714285715,0.1075,0.0732142857142857,0.06999999999999999,1.125714285714286,0.04607142857142858,0.12714285714285717,36.81428571428571,0.09392857142857143,0.18142857142857144,51.87714285714286,0.05928571428571428,0.07464285714285714,78.51571428571428,0.008214285714285716,0.03928571428571429,0.6071428571428571,0.01428571428571429,0.10571428571428572,0.14714285714285716,0.06999999999999999,0.012857142857142857,0.4053571428571429,0.4725,0.115,0.2658333333333333,0.09166666666666667,0.17875000000000005,0.05666666666666667,0.12208333333333334,0.09666666666666666,0.06500000000000002,1.57,0.03833333333333333,0.11791666666666666,32.93,0.13291666666666666,0.22000000000000006,61.0525,0.09166666666666667,0.11791666666666668,77.21250000000002,0.012499999999999999,0.04,0.6366666666666666,0.015416666666666667,0.08833333333333333,0.18416666666666667,0.06500000000000002,0.011666666666666665,0.5454166666666667
93,76,2010-02-28,4,2,2009-2010,Coop/São José Basketball,Joinville,1,0.37538461538461537,0.1303846153846154,0.1846153846153846,0.06038461538461538,0.15730769230769232,0.0526923076923077,0.10461538461538461,0.08038461538461537,0.07076923076923078,1.2261538461538461,0.04346153846153847,0.13423076923076926,31.91230769230769,0.0923076923076923,0.16,57.91076923076923,0.06038461538461538,0.095,64.60230769230769,0.0069230769230769216,0.04,0.6176923076923078,0.008461538461538461,0.09615384615384616,0.08923076923076924,0.07076923076923078,0.005769230769230769,0.3976923076923077,0.4066666666666667,0.13875,0.1858333333333333,0.08208333333333333,0.17104166666666668,0.05604166666666668,0.115,0.06416666666666668,0.06020833333333334,1.22,0.04624999999999999,0.12937500000000002,36.174166666666665,0.09291666666666665,0.185625,50.3025,0.08208333333333333,0.11416666666666668,71.95416666666667,0.007291666666666668,0.03354166666666667,0.6266666666666667,0.010208333333333331,0.09479166666666666,0.12000000000000004,0.06020833333333334,0.014166666666666668,0.41750000000000004
82,76,2010-03-05,5,2,2009-2010,Minas,Assis,1,0.4517857142857143,0.1382142857142857,0.23857142857142857,0.07499999999999998,0.17142857142857143,0.05392857142857143,0.11750000000000001,0.09892857142857145,0.07642857142857143,1.3464285714285715,0.04607142857142858,0.11214285714285714,41.392857142857146,0.11928571428571429,0.21821428571428572,54.565714285714286,0.07499999999999998,0.09642857142857143,75.38785714285714,0.003928571428571428,0.03785714285714286,0.5185714285714286,0.012142857142857141,0.10178571428571428,0.12357142857142857,0.07642857142857143,0.011785714285714287,0.5092857142857143,0.3903846153846154,0.12692307692307692,0.19076923076923075,0.0726923076923077,0.16192307692307692,0.04923076923076925,0.1126923076923077,0.0526923076923077,0.06115384615384616,1.0353846153846153,0.04230769230769231,0.12269230769230768,34.74923076923077,0.09538461538461537,0.18346153846153848,52.18538461538461,0.0726923076923077,0.10423076923076922,68.62538461538462,0.008461538461538463,0.026153846153846156,0.46076923076923076,0.01230769230769231,0.09384615384615384,0.13384615384615384,0.06115384615384616,0.014230769230769233,0.38230769230769235
100,76,2010-03-05,5,2,2009-2010,Brasília,Bauru Basket,1,0.4707692307692308,0.11423076923076923,0.26307692307692304,0.09346153846153847,0.1730769230769231,0.05538461538461539,0.1176923076923077,0.09423076923076922,0.06730769230769232,1.5015384615384615,0.03807692307692308,0.11730769230769231,32.84461538461538,0.13153846153846152,0.2180769230769231,60.892307692307696,0.09346153846153847,0.11923076923076925,77.82615384615386,0.011538461538461537,0.04192307692307692,0.64,0.01423076923076923,0.09038461538461538,0.16999999999999998,0.06730769230769232,0.01269230769230769,0.5353846153846153,0.40384615384615385,0.13615384615384613,0.1992307692307692,0.06846153846153845,0.14884615384615385,0.046538461538461535,0.1023076923076923,0.06807692307692308,0.05153846153846155,1.53,0.04538461538461539,0.10730769230769231,43.02846153846153,0.0996153846153846,0.19,52.924615384615386,0.06846153846153845,0.10230769230769231,67.10615384615383,0.007692307692307693,0.03307692307692307,0.7253846153846154,0.010384615384615384,0.07923076923076923,0.15076923076923077,0.05153846153846155,0.011153846153846155,0.42653846153846153
105,107,2010-03-05,5,2,2009-2010,Londrina,Pinheiros,0,0.3807142857142857,0.11357142857142857,0.17642857142857143,0.09071428571428572,0.15214285714285716,0.05607142857142859,0.09607142857142857,0.06178571428571429,0.07607142857142857,0.8728571428571427,0.03785714285714286,0.1317857142857143,28.43285714285714,0.08821428571428572,0.18107142857142852,48.97571428571428,0.09071428571428572,0.12357142857142855,73.49428571428571,0.003214285714285714,0.03571428571428571,0.49214285714285716,0.014285714285714285,0.10285714285714286,0.15142857142857144,0.07607142857142857,0.010714285714285716,0.3489285714285714,0.4460714285714285,0.1425,0.21071428571428572,0.09285714285714286,0.1435714285714286,0.04035714285714286,0.1032142857142857,0.07142857142857142,0.0707142857142857,1.0485714285714287,0.0475,0.1157142857142857,41.55571428571428,0.10535714285714286,0.1892857142857143,55.14785714285714,0.09285714285714286,0.11821428571428572,78.14785714285713,0.012142857142857146,0.034285714285714294,0.4878571428571428,0.015000000000000001,0.09428571428571428,0.17785714285714288,0.0707142857142857,0.012142857142857141,0.4621428571428572
62,95,2010-03-05,5,2,2009-2010,Saldanha,Sesi Franca,0,0.3639285714285713,0.09214285714285715,0.21571428571428572,0.056071428571428585,0.14535714285714288,0.04285714285714286,0.10250000000000002,0.04428571428571428,0.0642857142857143,0.692857142857143,0.030714285714285725,0.09964285714285713,31.71428571428571,0.10785714285714286,0.21428571428571427,50.91714285714285,0.056071428571428585,0.10142857142857142,54.75857142857142,0.007857142857142858,0.04642857142857144,0.7892857142857143,0.0071428571428571435,0.09678571428571427,0.07428571428571429,0.0642857142857143,0.016428571428571428,0.3221428571428572,0.4306666666666667,0.14400000000000002,0.194,0.09266666666666667,0.13933333333333336,0.03666666666666667,0.10266666666666667,0.064,0.05700000000000001,1.4506666666666668,0.048,0.11933333333333335,39.599333333333334,0.097,0.189,51.83333333333333,0.09266666666666667,0.12199999999999998,75.38933333333333,0.0026666666666666666,0.03766666666666666,0.6933333333333334,0.010333333333333333,0.10466666666666669,0.11200000000000002,0.05700000000000001,0.010333333333333335,0.4323333333333333
74,79,2010-03-05,5,2,2009-2010,Joinville,Paulistano,0,0.4046153846153846,0.13615384615384615,0.18538461538461537,0.08307692307692308,0.16480769230769232,0.052115384615384626,0.1126923076923077,0.06346153846153847,0.059807692307692326,1.203076923076923,0.045384615384615384,0.12903846153846155,35.54538461538461,0.09269230769230768,0.1851923076923077,50.27923076923077,0.08307692307692308,0.11346153846153847,73.37923076923077,0.007500000000000001,0.03365384615384616,0.6276923076923077,0.009807692307692305,0.09557692307692307,0.11461538461538465,0.059807692307692326,0.013076923076923078,0.4100000000000001,0.3821428571428571,0.10285714285714286,0.21214285714285716,0.06714285714285714,0.14464285714285716,0.04750000000000001,0.09714285714285716,0.06607142857142856,0.06499999999999999,1.1057142857142856,0.03428571428571429,0.11857142857142858,28.77642857142857,0.10607142857142858,0.20321428571428574,52.66285714285714,0.06714285714285714,0.10392857142857141,64.1557142857143,0.005357142857142857,0.038571428571428576,0.6564285714285714,0.011428571428571429,0.10785714285714287,0.10928571428571429,0.06499999999999999,0.011071428571428574,0.35964285714285715
73,68,2010-03-05,5,2,2009-2010,Espírito Santo,Araraquara,1,0.36892857142857144,0.09964285714285716,0.1907142857142857,0.07857142857142856,0.1764285714285714,0.05964285714285715,0.11678571428571427,0.05178571428571429,0.07392857142857144,0.7521428571428571,0.03321428571428572,0.10750000000000001,30.209285714285716,0.09535714285714285,0.19714285714285712,48.770714285714284,0.07857142857142856,0.12535714285714286,63.228571428571435,0.011428571428571427,0.04214285714285715,0.637857142857143,0.014642857142857141,0.10285714285714286,0.14071428571428574,0.07392857142857144,0.019285714285714288,0.3571428571428572,0.39133333333333326,0.13900000000000004,0.19266666666666665,0.059666666666666666,0.14800000000000002,0.040333333333333346,0.10766666666666666,0.07566666666666667,0.072,1.124,0.046333333333333344,0.12500000000000003,37.86866666666666,0.09633333333333333,0.183,52.645999999999994,0.059666666666666666,0.07666666666666666,77.408,0.008333333333333335,0.03966666666666667,0.5966666666666666,0.01366666666666667,0.10766666666666666,0.14,0.072,0.013666666666666666,0.41400000000000003
64,85,2010-03-07,6,2,2009-2010,Espírito Santo,Sesi Franca,0,0.3686666666666667,0.10300000000000001,0.18866666666666668,0.07699999999999999,0.176,0.05900000000000001,0.11699999999999999,0.05233333333333334,0.07333333333333333,0.7633333333333333,0.03433333333333334,0.11066666666666668,30.346,0.09433333333333334,0.19399999999999998,49.074666666666666,0.07699999999999999,0.12199999999999998,63.90200000000001,0.010666666666666665,0.04166666666666667,0.6313333333333335,0.014666666666666665,0.10200000000000001,0.14266666666666666,0.07333333333333333,0.019333333333333334,0.35900000000000004,0.43766666666666665,0.15499999999999997,0.18933333333333335,0.09333333333333334,0.138,0.035,0.10300000000000001,0.06200000000000001,0.05733333333333334,1.2393333333333336,0.05166666666666667,0.12233333333333336,41.76733333333334,0.09466666666666668,0.18333333333333332,52.433333333333344,0.09333333333333334,0.12399999999999999,74.946,0.0033333333333333335,0.04033333333333334,0.81,0.009999999999999998,0.10433333333333335,0.10866666666666666,0.05733333333333334,0.010666666666666668,0.44066666666666665
61,70,2010-03-07,6,2,2009-2010,Saldanha,Araraquara,0,0.36033333333333323,0.08800000000000001,0.21666666666666667,0.05566666666666668,0.14733333333333334,0.044,0.10333333333333335,0.043333333333333335,0.06266666666666668,0.6966666666666668,0.029333333333333343,0.09633333333333333,30.93333333333333,0.10833333333333334,0.21766666666666667,50.41599999999999,0.05566666666666668,0.09933333333333333,55.87,0.008,0.04500000000000001,0.7786666666666666,0.007666666666666667,0.09533333333333331,0.08266666666666667,0.06266666666666668,0.016,0.321,0.38866666666666666,0.13899999999999998,0.18999999999999997,0.05966666666666667,0.1486666666666667,0.04033333333333334,0.10833333333333335,0.075,0.07233333333333333,1.1073333333333333,0.046333333333333344,0.12366666666666667,38.326,0.09499999999999999,0.18433333333333332,51.392,0.05966666666666667,0.078,75.95333333333333,0.008,0.038,0.5666666666666667,0.01366666666666667,0.11,0.13333333333333333,0.07233333333333333,0.013666666666666667,0.4066666666666667
63,75,2010-03-07,6,2,2009-2010,Joinville,Pinheiros,0,0.40214285714285714,0.1382142857142857,0.18285714285714283,0.08107142857142857,0.16339285714285715,0.05196428571428573,0.11142857142857143,0.06000000000000001,0.06017857142857145,1.1335714285714285,0.046071428571428576,0.12910714285714286,36.028571428571425,0.09142857142857141,0.18589285714285714,49.435,0.08107142857142857,0.11321428571428573,71.70928571428571,0.007678571428571429,0.03482142857142858,0.6378571428571428,0.010178571428571426,0.09660714285714286,0.11642857142857145,0.06017857142857145,0.013214285714285715,0.4007142857142858,0.45199999999999996,0.141,0.21733333333333335,0.09366666666666666,0.1446666666666667,0.04033333333333334,0.10433333333333333,0.073,0.06899999999999999,1.1193333333333335,0.04700000000000001,0.11599999999999998,41.007333333333335,0.10866666666666668,0.19333333333333336,55.60466666666666,0.09366666666666666,0.11966666666666666,77.938,0.012666666666666668,0.03633333333333334,0.5513333333333333,0.015333333333333334,0.09766666666666665,0.17533333333333337,0.06899999999999999,0.011666666666666665,0.47266666666666673
75,64,2010-03-07,6,2,2009-2010,Londrina,Paulistano,1,0.39033333333333337,0.11900000000000001,0.1766666666666667,0.09466666666666666,0.15466666666666667,0.05533333333333335,0.09933333333333333,0.06433333333333334,0.07666666666666666,0.8933333333333331,0.03966666666666666,0.13166666666666668,29.87066666666667,0.08833333333333335,0.18266666666666662,48.63733333333333,0.09466666666666666,0.12733333333333333,74.14999999999999,0.003999999999999999,0.03566666666666666,0.4866666666666667,0.013333333333333332,0.10433333333333333,0.14133333333333334,0.07666666666666666,0.010666666666666668,0.36266666666666664,0.38299999999999995,0.106,0.20733333333333334,0.06966666666666668,0.1476666666666667,0.04833333333333334,0.09933333333333334,0.06466666666666666,0.06599999999999999,1.0693333333333332,0.035333333333333335,0.12033333333333335,29.15666666666667,0.10366666666666667,0.2016666666666667,51.74466666666667,0.06966666666666668,0.10533333333333332,65.47866666666667,0.005,0.03900000000000001,0.65,0.010666666666666666,0.10733333333333335,0.10200000000000001,0.06599999999999999,0.011333333333333336,0.36033333333333334
114,113,2010-03-07,6,2,2009-2010,Minas,Bauru Basket,1,0.449,0.13199999999999998,0.23999999999999996,0.07699999999999999,0.17366666666666666,0.05433333333333333,0.11933333333333333,0.09800000000000002,0.07600000000000001,1.3373333333333335,0.04400000000000001,0.11066666666666668,39.74466666666667,0.11999999999999998,0.219,54.696,0.07699999999999999,0.09833333333333334,75.962,0.003999999999999999,0.03666666666666667,0.5033333333333333,0.011666666666666665,0.103,0.11800000000000001,0.07600000000000001,0.011666666666666667,0.506,0.40214285714285714,0.13714285714285712,0.19857142857142857,0.06642857142857142,0.14857142857142858,0.046785714285714285,0.10178571428571427,0.06607142857142857,0.05035714285714287,1.5021428571428572,0.04571428571428572,0.10928571428571429,42.600714285714275,0.09928571428571428,0.19285714285714287,52.09428571428571,0.06642857142857142,0.0992857142857143,67.07499999999999,0.007500000000000001,0.032857142857142856,0.735,0.009642857142857144,0.07785714285714286,0.13999999999999999,0.05035714285714287,0.010714285714285716,0.41892857142857143
101,62,2010-03-07,6,2,2009-2010,Brasília,Assis,1,0.47285714285714286,0.11678571428571428,0.2657142857142857,0.09035714285714287,0.17464285714285716,0.05464285714285715,0.12,0.09571428571428571,0.06607142857142859,1.5585714285714285,0.03892857142857143,0.11714285714285713,33.604285714285716,0.13285714285714284,0.21892857142857144,61.20142857142857,0.09035714285714287,0.11535714285714287,77.7614285714286,0.012142857142857141,0.04107142857142857,0.6371428571428571,0.016428571428571428,0.08750000000000001,0.22214285714285714,0.06607142857142859,0.012142857142857141,0.5453571428571429,0.3896428571428571,0.12642857142857142,0.18999999999999997,0.0732142857142857,0.1582142857142857,0.04750000000000002,0.11071428571428572,0.05214285714285715,0.06000000000000001,1.032857142857143,0.04214285714285715,0.12321428571428572,34.464999999999996,0.09499999999999999,0.18142857142857144,52.605000000000004,0.0732142857142857,0.10464285714285715,68.91857142857144,0.008214285714285716,0.028214285714285716,0.515,0.012500000000000002,0.09607142857142857,0.13285714285714284,0.06000000000000001,0.01392857142857143,0.38178571428571434
101,89,2010-03-07,5,2,2009-2010,Flamengo,Coop/São José Basketball,1,0.4575,0.1575,0.2192857142857143,0.08071428571428571,0.16107142857142856,0.038214285714285715,0.1228571428571429,0.06535714285714285,0.058214285714285725,1.282857142857143,0.0525,0.12714285714285714,41.66357142857144,0.10964285714285715,0.19142857142857145,57.24785714285714,0.08071428571428571,0.11035714285714289,74.07428571428571,0.01,0.05214285714285716,1.0092857142857141,0.014285714285714287,0.09607142857142857,0.15428571428571428,0.058214285714285725,0.007857142857142858,0.5060714285714286,0.3817857142857143,0.1317857142857143,0.18785714285714286,0.06214285714285713,0.15964285714285714,0.05214285714285715,0.1075,0.08392857142857142,0.07214285714285715,1.2414285714285713,0.043928571428571435,0.13321428571428573,32.60928571428571,0.09392857142857143,0.16142857142857145,58.337857142857146,0.06214285714285713,0.09642857142857143,65.26714285714286,0.007499999999999999,0.03892857142857143,0.5935714285714286,0.008214285714285714,0.09714285714285716,0.08642857142857144,0.07214285714285715,0.005357142857142857,0.4092857142857143
77,96,2010-03-12,7,2,2009-2010,Brasília,Minas,0,0.475,0.12400000000000001,0.2646666666666666,0.08633333333333335,0.1776666666666667,0.053666666666666675,0.12399999999999999,0.09566666666666665,0.06566666666666668,1.5599999999999998,0.04133333333333333,0.12066666666666666,34.30533333333333,0.1323333333333333,0.2156666666666667,62.02333333333333,0.08633333333333335,0.11100000000000002,76.57733333333336,0.012333333333333333,0.03966666666666666,0.6166666666666667,0.01633333333333333,0.08766666666666668,0.21866666666666665,0.06566666666666668,0.012333333333333333,0.5513333333333333,0.45766666666666667,0.12699999999999997,0.25066666666666665,0.08,0.17533333333333337,0.05433333333333333,0.12100000000000001,0.10200000000000002,0.07566666666666665,1.3886666666666667,0.04233333333333334,0.111,38.21133333333332,0.12533333333333332,0.22266666666666665,56.03999999999999,0.08,0.10099999999999999,76.93666666666667,0.004,0.037000000000000005,0.508,0.012333333333333333,0.10633333333333332,0.12333333333333334,0.07566666666666665,0.011333333333333336,0.5216666666666667
81,73,2010-03-12,7,2,2009-2010,Sesi Franca,Londrina,1,0.43933333333333324,0.149,0.19466666666666665,0.09566666666666666,0.13900000000000004,0.034666666666666665,0.10433333333333333,0.06366666666666668,0.058,1.2553333333333332,0.049666666666666665,0.11900000000000001,41.448,0.09733333333333333,0.18433333333333335,53.54200000000001,0.09566666666666666,0.12533333333333332,76.764,0.0036666666666666666,0.04033333333333333,0.802,0.010333333333333333,0.10533333333333335,0.11,0.058,0.010333333333333335,0.4486666666666667,0.39000000000000007,0.12699999999999997,0.16799999999999998,0.095,0.15700000000000003,0.055666666666666684,0.10133333333333333,0.064,0.07566666666666667,0.9033333333333331,0.04233333333333334,0.13500000000000004,31.497333333333334,0.08399999999999999,0.18033333333333332,47.09133333333334,0.095,0.12566666666666668,75.728,0.003999999999999999,0.039,0.5453333333333333,0.012000000000000002,0.10466666666666666,0.12333333333333334,0.07566666666666667,0.010000000000000002,0.3666666666666666
94,72,2010-03-12,7,2,2009-2010,Bauru Basket,Saldanha,1,0.41300000000000003,0.13799999999999998,0.20666666666666664,0.06833333333333333,0.14800000000000002,0.048666666666666664,0.09933333333333332,0.06666666666666667,0.049000000000000016,1.5686666666666667,0.04600000000000001,0.11066666666666668,42.32466666666666,0.10333333333333332,0.1996666666666667,52.23733333333333,0.06833333333333333,0.10200000000000002,67.12733333333333,0.007333333333333334,0.033,0.7639999999999999,0.010333333333333333,0.08000000000000002,0.14266666666666666,0.049000000000000016,0.010333333333333335,0.42733333333333334,0.3566666666666666,0.082,0.218,0.05666666666666668,0.15033333333333332,0.04633333333333334,0.104,0.04200000000000001,0.062333333333333345,0.6780000000000002,0.02733333333333334,0.094,29.471999999999994,0.109,0.21966666666666673,50.26466666666666,0.05666666666666668,0.09866666666666667,57.71533333333335,0.008,0.04833333333333334,0.84,0.008,0.09633333333333333,0.08466666666666665,0.062333333333333345,0.017,0.3236666666666667
89,75,2010-03-12,7,2,2009-2010,Assis,Espírito Santo,1,0.3843333333333333,0.121,0.18866666666666665,0.07466666666666666,0.15566666666666668,0.04566666666666668,0.11000000000000001,0.05333333333333334,0.05800000000000002,1.1193333333333333,0.04033333333333334,0.12233333333333335,33.07666666666667,0.09433333333333332,0.182,52.080666666666666,0.07466666666666666,0.10633333333333335,69.196,0.008000000000000002,0.028000000000000004,0.5359999999999999,0.012000000000000004,0.09333333333333332,0.13,0.05800000000000002,0.013666666666666669,0.374,0.36666666666666664,0.099,0.19133333333333333,0.07633333333333332,0.17366666666666664,0.05800000000000001,0.11566666666666665,0.05066666666666668,0.07300000000000001,0.7486666666666667,0.03300000000000001,0.10733333333333334,30.229333333333333,0.09566666666666666,0.19466666666666665,49.662666666666674,0.07633333333333332,0.12333333333333334,62.23533333333334,0.010333333333333335,0.04233333333333334,0.6393333333333333,0.015333333333333332,0.10166666666666667,0.15000000000000002,0.07300000000000001,0.019000000000000003,0.35533333333333333
95,90,2010-03-12,7,2,2009-2010,Paulistano,Coop/São José Basketball,1,0.37599999999999995,0.106,0.20133333333333334,0.06866666666666667,0.14866666666666667,0.04866666666666667,0.1,0.06066666666666667,0.06866666666666667,0.9493333333333333,0.035333333333333335,0.12166666666666667,28.839333333333332,0.10066666666666667,0.1996666666666667,50.75333333333333,0.06866666666666667,0.103,66.72466666666666,0.005,0.03833333333333334,0.6039999999999999,0.011000000000000001,0.10733333333333335,0.10533333333333333,0.06866666666666667,0.012333333333333335,0.3463333333333333,0.386,0.136,0.18666666666666665,0.06333333333333332,0.16,0.05233333333333334,0.10766666666666666,0.086,0.07166666666666667,1.2766666666666666,0.045333333333333344,0.13566666666666669,32.98466666666666,0.09333333333333332,0.16133333333333336,57.99066666666667,0.06333333333333332,0.09666666666666668,66.24933333333334,0.006999999999999998,0.037000000000000005,0.5640000000000001,0.008,0.09633333333333334,0.08466666666666668,0.07166666666666667,0.006333333333333333,0.4136666666666667
90,93,2010-03-12,7,2,2009-2010,Araraquara,Joinville,0,0.3869999999999999,0.14,0.18533333333333335,0.06166666666666667,0.14733333333333334,0.038333333333333344,0.10900000000000001,0.07266666666666667,0.06999999999999999,1.0906666666666667,0.04666666666666667,0.12066666666666667,39.27066666666666,0.09266666666666667,0.178,52.10733333333334,0.06166666666666667,0.08266666666666667,74.77600000000001,0.008,0.038000000000000006,0.5833333333333335,0.011666666666666669,0.109,0.114,0.06999999999999999,0.013666666666666667,0.4063333333333334,0.39633333333333337,0.136,0.18266666666666664,0.07766666666666668,0.16416666666666666,0.052500000000000005,0.11166666666666666,0.06000000000000001,0.06050000000000001,1.1193333333333333,0.04533333333333334,0.13016666666666668,35.236,0.09133333333333332,0.18683333333333335,49.13933333333333,0.07766666666666668,0.10966666666666668,70.262,0.007833333333333333,0.03316666666666667,0.6053333333333334,0.009499999999999998,0.09683333333333334,0.10866666666666669,0.06050000000000001,0.013333333333333334,0.3903333333333334
79,83,2010-03-12,7,2,2009-2010,Pinheiros,Flamengo,0,0.4463333333333333,0.137,0.21600000000000003,0.09333333333333332,0.14633333333333334,0.03966666666666667,0.10666666666666667,0.07,0.07033333333333333,1.0613333333333332,0.045666666666666675,0.112,40.826666666666675,0.10800000000000001,0.19433333333333336,54.947333333333326,0.09333333333333332,0.11933333333333332,77.88533333333334,0.011666666666666667,0.035333333333333335,0.5253333333333334,0.015333333333333334,0.09533333333333333,0.17666666666666667,0.07033333333333333,0.012333333333333332,0.4643333333333333,0.46066666666666667,0.166,0.21466666666666667,0.08,0.16033333333333333,0.038000000000000006,0.12233333333333338,0.06766666666666667,0.05733333333333335,1.3453333333333333,0.05533333333333333,0.13199999999999998,42.052666666666674,0.10733333333333334,0.18833333333333335,56.879333333333335,0.08,0.10866666666666669,74.62599999999999,0.010000000000000002,0.05133333333333335,1.0013333333333334,0.014000000000000002,0.09633333333333334,0.15066666666666664,0.05733333333333335,0.008333333333333333,0.5103333333333333
91,77,2010-03-14,8,2,2009-2010,Sesi Franca,Joinville,1,0.431,0.13799999999999998,0.196,0.097,0.14,0.03600000000000001,0.10400000000000001,0.064,0.056666666666666664,1.2853333333333332,0.046000000000000006,0.11600000000000002,39.756,0.098,0.187,53.118,0.097,0.12533333333333332,78.03333333333333,0.004333333333333333,0.04200000000000001,0.8420000000000001,0.011000000000000001,0.10400000000000002,0.11866666666666666,0.056666666666666664,0.010000000000000002,0.444,0.39133333333333337,0.137,0.174,0.08033333333333334,0.16183333333333333,0.050499999999999996,0.11133333333333333,0.05966666666666666,0.06183333333333334,1.0893333333333333,0.045666666666666675,0.13183333333333336,34.95666666666667,0.087,0.18216666666666667,48.391333333333336,0.08033333333333334,0.11300000000000002,70.31466666666667,0.006833333333333332,0.03216666666666667,0.5793333333333333,0.008833333333333334,0.09616666666666669,0.10266666666666668,0.06183333333333334,0.013000000000000001,0.37800000000000006
81,74,2010-03-14,8,2,2009-2010,Araraquara,Londrina,1,0.38999999999999996,0.14000000000000004,0.18799999999999997,0.06199999999999999,0.14466666666666667,0.03633333333333334,0.10833333333333334,0.07100000000000001,0.06799999999999999,1.0953333333333333,0.046666666666666676,0.11766666666666667,40.22133333333332,0.09399999999999999,0.17966666666666667,52.269999999999996,0.06199999999999999,0.08333333333333331,74.62400000000001,0.009000000000000001,0.03833333333333333,0.5980000000000001,0.010333333333333335,0.10900000000000001,0.10200000000000002,0.06799999999999999,0.013666666666666667,0.4083333333333333,0.3913333333333334,0.132,0.1673333333333333,0.092,0.15133333333333335,0.05166666666666668,0.09966666666666667,0.06333333333333332,0.07433333333333333,0.9073333333333332,0.04400000000000001,0.13733333333333336,32.212,0.08366666666666665,0.17733333333333332,47.53866666666667,0.092,0.12233333333333334,75.46133333333333,0.004333333333333332,0.03899999999999999,0.5519999999999999,0.012,0.10533333333333335,0.12199999999999998,0.07433333333333333,0.010000000000000002,0.36533333333333323
79,56,2010-03-14,8,2,2009-2010,Assis,Saldanha,1,0.393,0.129,0.18933333333333333,0.07466666666666666,0.15200000000000002,0.04300000000000001,0.10900000000000001,0.05633333333333333,0.05766666666666668,1.1793333333333331,0.04300000000000001,0.12433333333333337,35.041333333333334,0.09466666666666666,0.17766666666666664,53.470000000000006,0.07466666666666666,0.10633333333333334,69.196,0.008666666666666668,0.02966666666666667,0.5673333333333334,0.012333333333333335,0.09366666666666666,0.13266666666666668,0.05766666666666668,0.013666666666666669,0.38966666666666666,0.35566666666666663,0.07699999999999999,0.22199999999999998,0.05666666666666667,0.15099999999999997,0.04633333333333334,0.10466666666666667,0.04233333333333335,0.06033333333333335,0.7180000000000001,0.025666666666666674,0.09033333333333332,29.027333333333335,0.11099999999999999,0.2246666666666667,49.97666666666666,0.05666666666666667,0.09766666666666667,58.30733333333334,0.008,0.046666666666666676,0.8320000000000001,0.009000000000000001,0.09733333333333334,0.09466666666666666,0.06033333333333335,0.016666666666666666,0.325
70,71,2010-03-14,8,2,2009-2010,Pinheiros,Coop/São José Basketball,0,0.44733333333333325,0.136,0.21533333333333335,0.096,0.14833333333333334,0.04033333333333334,0.10800000000000001,0.07133333333333333,0.06933333333333333,1.0893333333333335,0.045333333333333344,0.11666666666666665,39.220666666666666,0.10766666666666667,0.1906666666666667,55.97,0.096,0.12266666666666666,78.32133333333331,0.012,0.034333333333333334,0.5173333333333334,0.014333333333333333,0.09666666666666666,0.16266666666666665,0.06933333333333333,0.011000000000000001,0.46533333333333343,0.38800000000000007,0.14100000000000001,0.182,0.06499999999999999,0.15666666666666668,0.04966666666666668,0.107,0.08533333333333332,0.07300000000000001,1.2193333333333334,0.04700000000000001,0.136,33.906,0.091,0.16066666666666668,56.62,0.06499999999999999,0.098,66.966,0.006666666666666666,0.03766666666666667,0.5640000000000001,0.007666666666666667,0.09766666666666665,0.08133333333333334,0.07300000000000001,0.007,0.4106666666666667
80,72,2010-03-14,8,2,2009-2010,Bauru Basket,Espírito Santo,1,0.4213333333333334,0.141,0.2106666666666666,0.06966666666666667,0.1486666666666667,0.04933333333333334,0.09933333333333332,0.06866666666666667,0.04866666666666668,1.6106666666666667,0.047000000000000014,0.111,43.035999999999994,0.1053333333333333,0.20066666666666666,52.94533333333333,0.06966666666666667,0.10366666666666667,67.36533333333333,0.008,0.03133333333333334,0.7386666666666666,0.009666666666666665,0.08266666666666668,0.12266666666666666,0.04866666666666668,0.011000000000000001,0.4376666666666667,0.3736666666666667,0.10600000000000001,0.19200000000000003,0.07566666666666667,0.16799999999999998,0.05800000000000002,0.11000000000000003,0.049000000000000016,0.07033333333333334,0.7420000000000001,0.03533333333333334,0.11033333333333334,32.258,0.09600000000000002,0.193,50.34933333333334,0.07566666666666667,0.12033333333333333,63.11400000000001,0.010333333333333335,0.04233333333333334,0.6486666666666668,0.013666666666666667,0.101,0.13266666666666665,0.07033333333333334,0.018666666666666668,0.3596666666666667
77,86,2010-03-14,8,2,2009-2010,Paulistano,Flamengo,0,0.39033333333333325,0.10899999999999999,0.20933333333333332,0.07200000000000001,0.14966666666666667,0.04900000000000001,0.10066666666666667,0.06333333333333334,0.07166666666666667,0.9179999999999998,0.036333333333333336,0.12066666666666669,30.13133333333333,0.10466666666666666,0.19766666666666666,53.518,0.07200000000000001,0.10766666666666666,67.09266666666666,0.005666666666666666,0.038666666666666676,0.5553333333333333,0.010666666666666668,0.10766666666666667,0.10133333333333334,0.07166666666666667,0.014666666666666668,0.368,0.45533333333333326,0.165,0.21266666666666667,0.07766666666666665,0.15966666666666668,0.038333333333333344,0.12133333333333336,0.06966666666666667,0.058000000000000024,1.364,0.055,0.13299999999999998,41.403999999999996,0.10633333333333334,0.188,56.38066666666667,0.07766666666666665,0.10500000000000001,75.27600000000001,0.011333333333333334,0.05,0.97,0.013666666666666667,0.09766666666666667,0.14666666666666667,0.058000000000000024,0.008,0.5033333333333333
78,70,2010-03-19,9,2,2009-2010,Flamengo,Sesi Franca,1,0.461,0.168,0.21933333333333332,0.07366666666666664,0.15866666666666665,0.036666666666666674,0.12200000000000003,0.07366666666666667,0.060000000000000005,1.391333333333333,0.056,0.13299999999999998,42.173333333333325,0.10966666666666666,0.18999999999999997,57.81266666666667,0.07366666666666664,0.099,75.03333333333333,0.011666666666666665,0.04933333333333335,0.9499999999999998,0.01266666666666667,0.09800000000000002,0.13866666666666666,0.060000000000000005,0.008333333333333333,0.5126666666666666,0.43766666666666665,0.138,0.202,0.09766666666666667,0.14400000000000002,0.03600000000000001,0.10800000000000001,0.06566666666666668,0.057,1.3106666666666666,0.046000000000000006,0.11633333333333334,39.663999999999994,0.101,0.18800000000000003,54.674,0.09766666666666667,0.12766666666666668,77.08133333333333,0.004333333333333333,0.04333333333333334,0.8633333333333333,0.011333333333333334,0.10566666666666667,0.12066666666666666,0.057,0.010000000000000002,0.45766666666666667
72,81,2010-03-19,9,2,2009-2010,Saldanha,Minas,0,0.3496666666666667,0.073,0.22066666666666665,0.05600000000000001,0.15,0.046666666666666676,0.10333333333333333,0.042000000000000016,0.06200000000000001,0.7026666666666668,0.02433333333333334,0.08899999999999998,28.027333333333335,0.11033333333333332,0.22800000000000006,48.395999999999994,0.05600000000000001,0.09633333333333335,58.529333333333334,0.008,0.04833333333333335,0.8433333333333334,0.009000000000000001,0.09666666666666668,0.09533333333333331,0.06200000000000001,0.017,0.31433333333333324,0.456,0.12999999999999998,0.24866666666666667,0.07733333333333332,0.17266666666666666,0.05166666666666667,0.121,0.10466666666666669,0.07666666666666666,1.4060000000000001,0.04333333333333333,0.10699999999999998,40.75800000000001,0.12433333333333334,0.22166666666666668,55.818,0.07733333333333332,0.09666666666666666,77.50800000000001,0.004333333333333333,0.035,0.47,0.011666666666666669,0.10633333333333332,0.11666666666666667,0.07666666666666666,0.012333333333333335,0.523
96,89,2010-03-19,9,2,2009-2010,Coop/São José Basketball,Araraquara,1,0.3893333333333333,0.145,0.1806666666666667,0.06366666666666666,0.16,0.05066666666666667,0.10933333333333332,0.08766666666666666,0.07200000000000001,1.28,0.04833333333333333,0.13933333333333334,34.461333333333336,0.09033333333333335,0.1613333333333333,56.032666666666664,0.06366666666666666,0.096,66.82933333333334,0.006333333333333333,0.035,0.532,0.008333333333333333,0.097,0.08800000000000002,0.07200000000000001,0.007333333333333333,0.4139999999999999,0.3966666666666666,0.14200000000000002,0.19066666666666665,0.064,0.14666666666666664,0.037666666666666675,0.10900000000000003,0.071,0.06866666666666667,1.0893333333333333,0.04733333333333334,0.11733333333333333,41.028666666666666,0.09533333333333333,0.18133333333333335,52.49733333333333,0.064,0.08499999999999999,76.09866666666667,0.009666666666666667,0.04033333333333333,0.6226666666666667,0.011000000000000003,0.11000000000000003,0.10866666666666669,0.06866666666666667,0.013666666666666667,0.42
85,80,2010-03-19,9,2,2009-2010,Paulistano,Pinheiros,1,0.3923333333333333,0.10899999999999999,0.20866666666666667,0.07466666666666667,0.15233333333333335,0.052000000000000005,0.10033333333333333,0.06433333333333334,0.07633333333333334,0.8793333333333333,0.036333333333333336,0.11866666666666667,30.390666666666668,0.10433333333333333,0.201,52.184666666666665,0.07466666666666667,0.10966666666666666,68.52866666666667,0.006,0.039666666666666676,0.5266666666666667,0.011000000000000003,0.10700000000000001,0.10533333333333333,0.07633333333333334,0.01566666666666667,0.36933333333333335,0.4453333333333333,0.133,0.21933333333333332,0.09300000000000001,0.14933333333333332,0.04133333333333333,0.10800000000000003,0.07233333333333333,0.06733333333333333,1.1239999999999999,0.044333333333333336,0.11699999999999999,38.258666666666656,0.10966666666666666,0.195,55.99733333333332,0.09300000000000001,0.11699999999999999,79.58266666666665,0.011666666666666665,0.03300000000000001,0.5106666666666667,0.015333333333333332,0.09466666666666666,0.17266666666666666,0.06733333333333333,0.011666666666666665,0.4660000000000001
75,74,2010-03-19,9,2,2009-2010,Joinville,Assis,1,0.393,0.13899999999999998,0.176,0.07800000000000001,0.1571666666666667,0.0455,0.11166666666666665,0.063,0.06283333333333332,1.1326666666666665,0.046333333333333344,0.12983333333333333,35.758,0.088,0.17883333333333334,49.648,0.07800000000000001,0.11133333333333335,69.51466666666666,0.007499999999999998,0.0335,0.592,0.009500000000000001,0.09616666666666669,0.10800000000000003,0.06283333333333332,0.011666666666666669,0.3856666666666667,0.398,0.13500000000000004,0.19066666666666668,0.07233333333333333,0.15933333333333335,0.04666666666666667,0.11266666666666666,0.058333333333333334,0.05733333333333334,1.2126666666666666,0.04500000000000001,0.12600000000000003,36.441333333333326,0.09533333333333334,0.18,53.19266666666667,0.07233333333333333,0.10433333333333333,68.30733333333335,0.008666666666666666,0.030000000000000006,0.5746666666666668,0.012666666666666668,0.09466666666666666,0.136,0.05733333333333334,0.013000000000000005,0.4033333333333334
85,92,2010-03-19,9,2,2009-2010,Espírito Santo,Brasília,0,0.3706666666666667,0.10499999999999998,0.19066666666666668,0.075,0.16033333333333333,0.05400000000000001,0.10633333333333335,0.049000000000000016,0.06966666666666667,0.7513333333333334,0.03500000000000001,0.10933333333333334,32.316,0.09533333333333334,0.188,51.252,0.075,0.11633333333333333,64.926,0.008666666666666666,0.03933333333333334,0.6053333333333334,0.012333333333333333,0.09766666666666665,0.12399999999999999,0.06966666666666667,0.019000000000000003,0.35366666666666663,0.468,0.11900000000000001,0.2646666666666666,0.08433333333333334,0.17600000000000002,0.05400000000000001,0.12199999999999998,0.094,0.06166666666666667,1.6673333333333331,0.03966666666666667,0.121,32.63133333333334,0.1323333333333333,0.2153333333333333,62.107333333333344,0.08433333333333334,0.10866666666666666,76.31466666666665,0.010333333333333335,0.04033333333333334,0.6906666666666668,0.018000000000000002,0.08766666666666668,0.23666666666666666,0.06166666666666667,0.011,0.5459999999999999
76,86,2010-03-21,10,2,2009-2010,Londrina,Assis,0,0.38733333333333336,0.126,0.1713333333333333,0.09,0.14800000000000002,0.04866666666666668,0.09933333333333333,0.06433333333333333,0.074,0.9246666666666665,0.042,0.13133333333333336,32.32533333333333,0.08566666666666665,0.17733333333333332,48.68133333333333,0.09,0.12000000000000001,75.20933333333333,0.004333333333333332,0.03766666666666666,0.5373333333333333,0.011666666666666669,0.105,0.11866666666666667,0.074,0.011000000000000001,0.36399999999999993,0.3946666666666667,0.13499999999999998,0.18933333333333335,0.07033333333333333,0.15700000000000003,0.046000000000000006,0.111,0.057,0.05633333333333334,1.2293333333333332,0.04500000000000001,0.12666666666666668,36.239333333333335,0.09466666666666668,0.17933333333333332,53.048,0.07033333333333333,0.10200000000000001,67.60133333333334,0.008000000000000002,0.03166666666666667,0.6559999999999999,0.012333333333333335,0.09466666666666665,0.132,0.05633333333333334,0.01266666666666667,0.3983333333333334
83,77,2010-03-21,10,2,2009-2010,Coop/São José Basketball,Sesi Franca,1,0.40133333333333343,0.15000000000000002,0.18400000000000002,0.06733333333333333,0.15833333333333333,0.05066666666666668,0.10766666666666667,0.09,0.07200000000000001,1.3186666666666664,0.05,0.13933333333333334,35.79466666666667,0.09200000000000001,0.16266666666666663,56.592,0.06733333333333333,0.1,67.452,0.006333333333333334,0.03566666666666667,0.5433333333333334,0.009666666666666665,0.101,0.09933333333333334,0.07200000000000001,0.007333333333333333,0.43033333333333335,0.42966666666666664,0.13399999999999998,0.20133333333333334,0.09433333333333335,0.14466666666666667,0.036666666666666674,0.10800000000000001,0.06766666666666667,0.057666666666666665,1.3293333333333335,0.044666666666666674,0.115,39.186,0.10066666666666667,0.191,52.94533333333333,0.09433333333333335,0.12333333333333332,77.36333333333333,0.004333333333333333,0.046666666666666676,0.9066666666666667,0.011333333333333334,0.10333333333333335,0.12200000000000001,0.057666666666666665,0.012000000000000002,0.4526666666666666
76,75,2010-03-21,10,2,2009-2010,Saldanha,Brasília,1,0.3520000000000001,0.07200000000000001,0.2273333333333333,0.05266666666666668,0.14766666666666667,0.045333333333333344,0.10233333333333335,0.04166666666666668,0.05866666666666668,0.7379999999999999,0.024000000000000007,0.086,28.682,0.11366666666666665,0.23133333333333336,49.09066666666667,0.05266666666666668,0.09300000000000001,57.198666666666675,0.008333333333333333,0.04466666666666667,0.8320000000000001,0.009,0.09566666666666666,0.09666666666666668,0.05866666666666668,0.016666666666666666,0.31633333333333336,0.4693333333333333,0.11900000000000001,0.2646666666666666,0.08566666666666665,0.171,0.05200000000000002,0.119,0.09333333333333332,0.05900000000000001,1.7346666666666668,0.03966666666666667,0.119,33.22066666666667,0.1323333333333333,0.21499999999999997,62.21133333333333,0.08566666666666665,0.11033333333333332,76.47533333333334,0.009666666666666667,0.04166666666666667,0.764,0.016,0.09000000000000002,0.2073333333333333,0.05900000000000001,0.010666666666666668,0.5456666666666667
65,61,2010-03-21,10,2,2009-2010,Joinville,Bauru Basket,1,0.3943333333333333,0.136,0.17866666666666664,0.07966666666666669,0.15383333333333335,0.043500000000000004,0.11033333333333334,0.06233333333333334,0.0625,1.1280000000000001,0.045333333333333344,0.12783333333333335,35.628,0.08933333333333332,0.17883333333333334,50.45666666666666,0.07966666666666669,0.11500000000000002,67.892,0.007166666666666666,0.02983333333333333,0.5513333333333335,0.008833333333333335,0.09483333333333334,0.10066666666666668,0.0625,0.012333333333333335,0.3793333333333334,0.4186666666666667,0.13299999999999998,0.2133333333333333,0.07233333333333335,0.14366666666666672,0.04566666666666667,0.09799999999999999,0.06433333333333334,0.04733333333333334,1.5659999999999998,0.044333333333333336,0.10466666666666667,42.507333333333335,0.10666666666666665,0.20400000000000001,52.57066666666667,0.07233333333333335,0.10433333333333336,69.30999999999999,0.007000000000000001,0.030666666666666672,0.7439999999999999,0.009333333333333334,0.08166666666666669,0.11933333333333333,0.04733333333333334,0.011666666666666665,0.42966666666666664
69,72,2010-03-21,10,2,2009-2010,Espírito Santo,Minas,0,0.374,0.10999999999999997,0.188,0.076,0.15766666666666665,0.053666666666666675,0.104,0.048000000000000015,0.07033333333333334,0.7306666666666667,0.03666666666666667,0.11033333333333332,33.364,0.094,0.18800000000000003,50.418666666666674,0.076,0.11800000000000001,64.76533333333334,0.009333333333333334,0.03800000000000001,0.5846666666666666,0.012000000000000004,0.09866666666666667,0.12000000000000001,0.07033333333333334,0.018666666666666668,0.3496666666666667,0.4553333333333334,0.12399999999999999,0.254,0.07733333333333332,0.1716666666666667,0.051333333333333335,0.12033333333333335,0.10266666666666667,0.07433333333333332,1.442666666666667,0.04133333333333334,0.10433333333333332,39.91066666666667,0.127,0.22433333333333336,56.44866666666666,0.07733333333333332,0.09666666666666666,77.50800000000001,0.004333333333333333,0.033666666666666664,0.4553333333333333,0.013333333333333332,0.1053333333333333,0.13866666666666666,0.07433333333333332,0.011666666666666667,0.5226666666666667
98,71,2010-03-21,10,2,2009-2010,Flamengo,Araraquara,1,0.4589999999999999,0.16800000000000004,0.2206666666666667,0.07033333333333333,0.16099999999999998,0.03833333333333333,0.12266666666666669,0.07200000000000001,0.05933333333333334,1.378,0.056,0.132,42.42,0.11033333333333335,0.19233333333333333,57.368,0.07033333333333333,0.09433333333333331,75.66799999999999,0.010666666666666666,0.04833333333333334,0.942,0.011666666666666669,0.0956666666666667,0.13133333333333333,0.05933333333333334,0.008666666666666666,0.5106666666666667,0.4003333333333333,0.136,0.19866666666666666,0.06566666666666668,0.15099999999999997,0.04033333333333333,0.11066666666666669,0.07,0.07133333333333333,1.034,0.045333333333333344,0.11566666666666665,39.88866666666667,0.09933333333333333,0.185,53.458,0.06566666666666668,0.08833333333333333,75.47666666666667,0.009000000000000001,0.04133333333333334,0.616,0.010666666666666668,0.11000000000000003,0.10533333333333333,0.07133333333333333,0.013666666666666667,0.4233333333333334
74,87,2010-03-23,9,2,2009-2010,Londrina,Bauru Basket,0,0.39266666666666666,0.12899999999999998,0.174,0.08966666666666666,0.14666666666666667,0.04966666666666668,0.09699999999999999,0.06566666666666666,0.072,0.9719999999999999,0.04300000000000001,0.1366666666666667,31.774000000000004,0.087,0.17366666666666666,50.75266666666666,0.08966666666666666,0.11933333333333333,75.336,0.0036666666666666666,0.036333333333333336,0.53,0.012000000000000004,0.106,0.12133333333333332,0.072,0.009333333333333334,0.37133333333333324,0.413,0.12899999999999998,0.2093333333333333,0.07466666666666667,0.14133333333333334,0.04400000000000001,0.09733333333333333,0.05900000000000001,0.047000000000000014,1.4380000000000002,0.04300000000000001,0.10333333333333333,41.745333333333335,0.10466666666666664,0.20566666666666666,51.042666666666676,0.07466666666666667,0.10533333333333336,71.17266666666666,0.007333333333333334,0.033666666666666685,0.832,0.009000000000000001,0.082,0.114,0.047000000000000014,0.011333333333333334,0.417
106,81,2010-03-26,11,2,2009-2010,Brasília,Joinville,1,0.4623333333333333,0.11699999999999999,0.2613333333333333,0.084,0.169,0.05000000000000002,0.11900000000000001,0.089,0.05633333333333334,1.7513333333333336,0.039000000000000014,0.115,33.31933333333334,0.13066666666666665,0.212,62.26800000000001,0.084,0.10733333333333334,76.96933333333332,0.009000000000000001,0.04033333333333334,0.8306666666666668,0.015000000000000001,0.09066666666666666,0.1913333333333333,0.05633333333333334,0.010333333333333335,0.5386666666666667,0.38566666666666666,0.133,0.17666666666666667,0.07600000000000001,0.1595,0.04483333333333334,0.11466666666666667,0.06000000000000001,0.0645,1.0333333333333337,0.04433333333333334,0.1285,34.77066666666666,0.08833333333333333,0.18083333333333335,49.04200000000001,0.07600000000000001,0.11066666666666666,67.12266666666666,0.007166666666666666,0.03116666666666667,0.552,0.009500000000000001,0.09383333333333331,0.10866666666666669,0.0645,0.012333333333333335,0.37000000000000005
94,90,2010-03-26,11,2,2009-2010,Araraquara,Pinheiros,1,0.39733333333333337,0.13299999999999998,0.19266666666666665,0.07166666666666667,0.14966666666666667,0.03900000000000001,0.11066666666666668,0.068,0.07166666666666667,1.0006666666666666,0.044333333333333336,0.11499999999999999,39.33533333333334,0.09633333333333333,0.18333333333333332,52.11933333333332,0.07166666666666667,0.096,74.36533333333334,0.008666666666666666,0.04000000000000001,0.5946666666666667,0.010000000000000002,0.11100000000000003,0.09866666666666667,0.07166666666666667,0.01266666666666667,0.41133333333333333,0.4426666666666667,0.13,0.21866666666666668,0.09400000000000003,0.14866666666666664,0.041666666666666664,0.10700000000000001,0.07133333333333332,0.068,1.0893333333333335,0.04333333333333334,0.11333333333333333,38.69266666666666,0.10933333333333334,0.198,54.852,0.09400000000000003,0.11866666666666666,79.24933333333334,0.010333333333333332,0.03300000000000001,0.5053333333333333,0.017,0.09566666666666666,0.18866666666666668,0.068,0.012,0.4613333333333333
88,85,2010-03-26,11,2,2009-2010,Sesi Franca,Paulistano,1,0.43133333333333324,0.13199999999999998,0.20533333333333334,0.09400000000000003,0.1446666666666667,0.03566666666666667,0.109,0.06766666666666668,0.057666666666666665,1.3293333333333333,0.044000000000000004,0.114,38.82866666666666,0.10266666666666667,0.19333333333333333,53.346666666666664,0.09400000000000003,0.12233333333333335,77.682,0.004333333333333333,0.046666666666666676,0.9066666666666667,0.011666666666666667,0.10500000000000001,0.12399999999999999,0.057666666666666665,0.011666666666666667,0.4553333333333333,0.39999999999999997,0.11200000000000002,0.21400000000000005,0.074,0.151,0.05100000000000001,0.1,0.06533333333333333,0.073,0.9380000000000002,0.037333333333333336,0.11866666666666667,31.34333333333333,0.10700000000000003,0.20233333333333334,53.169999999999995,0.074,0.10766666666666665,69.4,0.006333333333333333,0.03866666666666667,0.5373333333333333,0.009333333333333334,0.10800000000000003,0.08800000000000001,0.073,0.014333333333333333,0.381
101,80,2010-03-26,11,2,2009-2010,Minas,Londrina,1,0.4496666666666667,0.121,0.2506666666666667,0.078,0.17033333333333334,0.049000000000000016,0.12133333333333332,0.10133333333333333,0.074,1.4266666666666667,0.040333333333333346,0.10233333333333335,40.053333333333335,0.12533333333333335,0.221,56.52733333333333,0.078,0.09733333333333333,77.69333333333333,0.004333333333333333,0.034,0.4646666666666667,0.013333333333333336,0.10600000000000001,0.13799999999999998,0.074,0.012,0.5176666666666667,0.3873333333333333,0.12899999999999998,0.17066666666666666,0.08766666666666666,0.147,0.04833333333333334,0.09866666666666667,0.06333333333333332,0.06766666666666667,1.1226666666666667,0.043000000000000003,0.1376666666666667,31.578666666666663,0.08533333333333333,0.1753333333333333,49.05666666666666,0.08766666666666666,0.117,74.90466666666666,0.0036666666666666666,0.03533333333333333,0.5566666666666668,0.011000000000000003,0.105,0.11333333333333333,0.06766666666666667,0.008,0.3623333333333333
83,57,2010-03-26,11,2,2009-2010,Saldanha,Espírito Santo,1,0.35466666666666674,0.06800000000000002,0.23466666666666666,0.05200000000000002,0.147,0.04433333333333334,0.10266666666666668,0.04366666666666668,0.06000000000000001,0.7466666666666665,0.022666666666666672,0.08166666666666665,28.883999999999997,0.11733333333333333,0.23733333333333337,49.32866666666667,0.05200000000000002,0.09200000000000003,56.78866666666667,0.009000000000000001,0.046666666666666676,0.844,0.009666666666666667,0.09466666666666666,0.10533333333333335,0.06000000000000001,0.01633333333333333,0.32266666666666666,0.37500000000000006,0.11199999999999997,0.188,0.075,0.15566666666666668,0.05300000000000002,0.10266666666666667,0.05000000000000001,0.07066666666666666,0.7586666666666667,0.037333333333333336,0.11066666666666666,33.88333333333333,0.094,0.18466666666666667,51.26466666666667,0.075,0.116,65.05133333333333,0.009000000000000001,0.03500000000000001,0.528,0.011666666666666669,0.09733333333333333,0.11866666666666668,0.07066666666666666,0.01833333333333333,0.3516666666666667
108,105,2010-03-26,11,2,2009-2010,Bauru Basket,Flamengo,1,0.41999999999999993,0.13399999999999998,0.212,0.07400000000000001,0.14333333333333337,0.04400000000000001,0.09933333333333332,0.064,0.04500000000000001,1.5420000000000003,0.044666666666666674,0.10333333333333333,43.70666666666667,0.106,0.20933333333333334,50.772666666666666,0.07400000000000001,0.10100000000000002,73.9,0.007333333333333333,0.03333333333333334,0.832,0.008666666666666666,0.082,0.10866666666666666,0.04500000000000001,0.010666666666666666,0.4353333333333333,0.46433333333333326,0.17200000000000001,0.21933333333333335,0.073,0.16166666666666665,0.03733333333333334,0.12433333333333335,0.077,0.062000000000000006,1.4159999999999997,0.05733333333333334,0.132,43.48666666666667,0.10966666666666668,0.18966666666666665,57.87266666666667,0.073,0.09966666666666664,74.05199999999999,0.011333333333333332,0.048666666666666664,0.9099999999999998,0.012333333333333337,0.10033333333333334,0.136,0.062000000000000006,0.011000000000000001,0.5206666666666667
84,89,2010-03-26,11,2,2009-2010,Assis,Coop/São José Basketball,0,0.40099999999999997,0.13899999999999996,0.19133333333333338,0.07066666666666667,0.16066666666666668,0.04666666666666667,0.11400000000000002,0.05799999999999999,0.05400000000000002,1.2706666666666666,0.04633333333333334,0.12866666666666668,36.57266666666666,0.09566666666666669,0.18033333333333332,53.37066666666667,0.07066666666666667,0.1,70.518,0.008333333333333333,0.03266666666666666,0.6839999999999999,0.010666666666666666,0.093,0.11733333333333335,0.05400000000000002,0.013000000000000005,0.4126666666666667,0.402,0.147,0.18400000000000002,0.071,0.1596666666666667,0.05266666666666668,0.107,0.08733333333333333,0.07,1.3199999999999998,0.04900000000000001,0.14066666666666666,34.752,0.09200000000000001,0.16499999999999995,55.73466666666666,0.071,0.10400000000000001,67.928,0.008000000000000002,0.03566666666666667,0.5606666666666666,0.010333333333333332,0.103,0.10400000000000001,0.07,0.007666666666666667,0.42733333333333334
60,95,2010-03-28,12,2,2009-2010,Assis,Flamengo,0,0.3986666666666666,0.14099999999999996,0.18800000000000003,0.06966666666666667,0.15866666666666665,0.04766666666666667,0.11100000000000002,0.06333333333333332,0.05400000000000002,1.346666666666667,0.04700000000000001,0.12933333333333333,36.842,0.09400000000000001,0.18,52.52933333333333,0.06966666666666667,0.09800000000000002,71.086,0.009,0.03333333333333333,0.6933333333333334,0.009333333333333334,0.09266666666666667,0.10066666666666668,0.05400000000000002,0.014333333333333335,0.41266666666666674,0.4756666666666666,0.18000000000000002,0.22266666666666665,0.073,0.156,0.035666666666666666,0.12033333333333335,0.07633333333333334,0.063,1.3739999999999997,0.06000000000000001,0.133,45.220000000000006,0.11133333333333333,0.18833333333333332,59.196000000000005,0.073,0.09933333333333333,74.28999999999999,0.011333333333333332,0.05,0.9106666666666666,0.012000000000000004,0.10066666666666667,0.13266666666666668,0.063,0.010666666666666666,0.5306666666666666
104,79,2010-03-28,12,2,2009-2010,Bauru Basket,Coop/São José Basketball,1,0.43366666666666664,0.141,0.21266666666666664,0.08000000000000002,0.145,0.046666666666666676,0.09833333333333333,0.06433333333333334,0.045333333333333344,1.5420000000000003,0.04700000000000001,0.10899999999999999,43.748666666666665,0.10633333333333332,0.2063333333333333,51.74266666666667,0.08000000000000002,0.10700000000000001,74.9,0.007666666666666667,0.03233333333333334,0.8126666666666668,0.008333333333333333,0.084,0.10066666666666667,0.045333333333333344,0.009666666666666665,0.4493333333333333,0.4130000000000001,0.156,0.18666666666666668,0.07033333333333333,0.1556666666666667,0.05066666666666668,0.10500000000000002,0.09000000000000001,0.06666666666666667,1.4006666666666665,0.052000000000000005,0.14500000000000002,35.68600000000001,0.09333333333333334,0.16299999999999995,57.51266666666666,0.07033333333333333,0.1016666666666667,69.06866666666666,0.007333333333333334,0.035333333333333335,0.5713333333333334,0.010333333333333332,0.10433333333333333,0.10266666666666667,0.06666666666666667,0.006666666666666667,0.4436666666666667
77,78,2010-03-28,12,2,2009-2010,Sesi Franca,Pinheiros,0,0.42900000000000005,0.13099999999999998,0.2046666666666667,0.09333333333333335,0.14133333333333334,0.03333333333333334,0.108,0.066,0.05600000000000001,1.3313333333333333,0.043666666666666666,0.11299999999999999,38.85933333333333,0.10233333333333335,0.19,54.23,0.09333333333333335,0.12300000000000001,76.77333333333333,0.004333333333333333,0.04733333333333334,0.9353333333333335,0.012000000000000004,0.10433333333333335,0.12733333333333335,0.05600000000000001,0.012333333333333332,0.45299999999999996,0.44700000000000006,0.12600000000000003,0.22266666666666665,0.09833333333333334,0.15,0.04333333333333333,0.10666666666666667,0.07400000000000001,0.068,1.1246666666666667,0.04200000000000001,0.11133333333333334,38.29666666666666,0.11133333333333333,0.2026666666666667,54.68533333333333,0.09833333333333334,0.12399999999999997,79.29266666666668,0.010666666666666665,0.03366666666666667,0.5139999999999999,0.016999999999999998,0.09833333333333334,0.1873333333333333,0.068,0.012333333333333335,0.4673333333333334
106,110,2010-03-28,12,2,2009-2010,Araraquara,Paulistano,0,0.40466666666666673,0.13099999999999998,0.19799999999999998,0.07566666666666667,0.15,0.03800000000000001,0.11200000000000003,0.07000000000000002,0.07200000000000001,1.0273333333333332,0.04366666666666667,0.11333333333333333,39.202000000000005,0.09899999999999999,0.184,53.25399999999999,0.07566666666666667,0.10066666666666665,74.40333333333334,0.008666666666666666,0.03866666666666667,0.564,0.009333333333333334,0.11533333333333336,0.08533333333333334,0.07200000000000001,0.013333333333333338,0.4210000000000001,0.4069999999999999,0.119,0.21400000000000002,0.074,0.15166666666666667,0.051000000000000004,0.10066666666666668,0.06766666666666668,0.07333333333333332,0.9746666666666667,0.03966666666666667,0.11899999999999998,33.760666666666665,0.10700000000000001,0.20199999999999999,53.28666666666667,0.074,0.107,69.78666666666666,0.006666666666666667,0.038000000000000006,0.5213333333333333,0.009000000000000001,0.10966666666666668,0.08466666666666668,0.07333333333333332,0.014333333333333333,0.3926666666666667
87,88,2010-03-28,12,2,2009-2010,Minas,Joinville,0,0.4493333333333334,0.11799999999999998,0.24866666666666667,0.08266666666666667,0.16666666666666666,0.04700000000000001,0.11966666666666666,0.10333333333333332,0.07166666666666668,1.4933333333333332,0.03933333333333334,0.10066666666666665,39.67866666666667,0.12433333333333334,0.21933333333333332,56.55200000000001,0.08266666666666667,0.10166666666666666,78.62733333333333,0.005333333333333333,0.036000000000000004,0.5046666666666666,0.014666666666666668,0.10700000000000001,0.15200000000000002,0.07166666666666668,0.012333333333333333,0.523,0.39033333333333337,0.13500000000000004,0.17933333333333332,0.07600000000000001,0.1595,0.043500000000000004,0.11600000000000002,0.06166666666666668,0.06749999999999999,1.0126666666666668,0.045000000000000005,0.1275,35.542,0.08966666666666666,0.18283333333333332,49.23066666666668,0.07600000000000001,0.10966666666666666,67.96333333333332,0.007166666666666666,0.028833333333333332,0.4760000000000001,0.009166666666666667,0.09583333333333334,0.10200000000000002,0.06749999999999999,0.01333333333333333,0.3726666666666667
91,76,2010-03-28,12,2,2009-2010,Brasília,Londrina,1,0.4673333333333333,0.11699999999999999,0.2633333333333333,0.087,0.16933333333333334,0.05033333333333334,0.119,0.08800000000000001,0.05766666666666668,1.6673333333333333,0.039000000000000014,0.11533333333333333,33.23533333333334,0.13166666666666665,0.21466666666666664,61.77933333333335,0.087,0.11066666666666666,77.34466666666667,0.011000000000000001,0.04133333333333334,0.828,0.016,0.09066666666666667,0.204,0.05766666666666668,0.009333333333333334,0.5413333333333334,0.38633333333333336,0.128,0.1746666666666667,0.08366666666666665,0.14500000000000005,0.04733333333333334,0.09766666666666667,0.06233333333333334,0.06799999999999999,1.1106666666666665,0.04266666666666667,0.13333333333333336,31.901999999999997,0.08733333333333335,0.17733333333333334,49.471999999999994,0.08366666666666665,0.11266666666666668,74.93599999999999,0.003666666666666666,0.033666666666666664,0.538,0.010000000000000002,0.10366666666666666,0.10600000000000002,0.06799999999999999,0.008333333333333333,0.35966666666666663
96,70,2010-04-02,13,2,2009-2010,Araraquara,Sesi Franca,1,0.41166666666666674,0.136,0.19866666666666666,0.077,0.15266666666666667,0.04200000000000001,0.11066666666666669,0.073,0.07166666666666667,1.0673333333333332,0.045333333333333344,0.11433333333333334,39.914,0.09933333333333333,0.18666666666666665,52.628,0.077,0.10266666666666666,74.14933333333333,0.009666666666666667,0.03866666666666667,0.5653333333333334,0.010333333333333333,0.11533333333333336,0.09333333333333334,0.07166666666666667,0.012000000000000004,0.4326666666666667,0.43366666666666664,0.137,0.20533333333333337,0.09133333333333335,0.1443333333333333,0.03433333333333334,0.11,0.06866666666666667,0.056333333333333346,1.3799999999999997,0.04566666666666667,0.11466666666666665,39.926,0.10266666666666668,0.191,54.15866666666666,0.09133333333333335,0.12000000000000001,76.24733333333333,0.004333333333333333,0.045666666666666675,0.8953333333333334,0.012333333333333337,0.10233333333333333,0.13266666666666668,0.056333333333333346,0.012666666666666665,0.46233333333333343
91,71,2010-04-02,13,2,2009-2010,Flamengo,Minas,1,0.48266666666666663,0.18000000000000002,0.22533333333333336,0.07733333333333332,0.16066666666666668,0.036333333333333336,0.12433333333333334,0.07633333333333334,0.06066666666666667,1.4066666666666667,0.060000000000000005,0.13533333333333336,44.44200000000001,0.11266666666666668,0.18666666666666665,60.324,0.07733333333333332,0.10499999999999998,74.07333333333332,0.012666666666666665,0.04933333333333333,0.9246666666666667,0.010000000000000002,0.101,0.10533333333333335,0.06066666666666667,0.010666666666666668,0.5413333333333334,0.44333333333333336,0.123,0.24399999999999997,0.07633333333333332,0.16633333333333333,0.04766666666666667,0.11866666666666667,0.10366666666666667,0.07133333333333333,1.5040000000000002,0.041,0.10266666666666667,40.28466666666667,0.12199999999999998,0.218,55.67466666666667,0.07633333333333332,0.09566666666666669,77.61533333333333,0.005333333333333332,0.033666666666666664,0.4773333333333334,0.014333333333333335,0.10866666666666669,0.14733333333333337,0.07133333333333333,0.012666666666666666,0.513
72,84,2010-04-02,13,2,2009-2010,Coop/São José Basketball,Brasília,0,0.4180000000000001,0.15899999999999997,0.18733333333333332,0.07166666666666667,0.15200000000000002,0.04900000000000001,0.10300000000000002,0.09066666666666667,0.06433333333333335,1.4506666666666668,0.05300000000000001,0.14066666666666666,37.60933333333334,0.09366666666666666,0.16566666666666666,56.85133333333333,0.07166666666666667,0.10233333333333336,70.338,0.007666666666666667,0.034,0.5706666666666668,0.009666666666666667,0.10333333333333332,0.09666666666666668,0.06433333333333335,0.006333333333333333,0.44966666666666666,0.4673333333333333,0.114,0.26666666666666666,0.08666666666666667,0.17099999999999999,0.049000000000000016,0.12200000000000001,0.09166666666666666,0.05933333333333334,1.6846666666666665,0.03800000000000001,0.11333333333333333,32.940666666666665,0.13333333333333333,0.21666666666666667,61.94933333333334,0.08666666666666667,0.11066666666666668,76.9,0.011333333333333334,0.043000000000000003,0.8366666666666667,0.017666666666666667,0.09100000000000001,0.22466666666666663,0.05933333333333334,0.009666666666666667,0.5486666666666667
63,71,2010-04-02,13,2,2009-2010,Joinville,Saldanha,0,0.39433333333333337,0.131,0.18066666666666667,0.08266666666666668,0.1585,0.04416666666666668,0.11433333333333333,0.06199999999999999,0.06816666666666667,0.9686666666666668,0.04366666666666667,0.12383333333333331,35.31333333333334,0.09033333333333333,0.1845,49.153333333333336,0.08266666666666668,0.11866666666666668,67.67533333333333,0.007499999999999999,0.02983333333333333,0.48200000000000004,0.008833333333333334,0.09716666666666667,0.09533333333333334,0.06816666666666667,0.013000000000000001,0.375,0.35866666666666663,0.069,0.2353333333333333,0.054333333333333345,0.14900000000000002,0.045333333333333344,0.10366666666666667,0.04433333333333334,0.05933333333333335,0.7926666666666666,0.023000000000000007,0.078,30.572,0.11766666666666666,0.23800000000000004,49.32133333333333,0.054333333333333345,0.09533333333333334,57.01066666666667,0.009333333333333334,0.046000000000000006,0.8593333333333334,0.010333333333333335,0.09599999999999999,0.11133333333333335,0.05933333333333335,0.016666666666666663,0.33266666666666667
95,86,2010-04-02,13,2,2009-2010,Paulistano,Bauru Basket,1,0.4153333333333333,0.12199999999999998,0.2146666666666667,0.07866666666666668,0.15366666666666667,0.052000000000000005,0.10166666666666667,0.07,0.073,1.0159999999999998,0.04066666666666667,0.12133333333333333,33.96666666666667,0.10733333333333335,0.20199999999999999,53.41733333333333,0.07866666666666668,0.11133333333333333,71.13733333333333,0.007666666666666667,0.03866666666666667,0.5353333333333334,0.008333333333333333,0.10766666666666667,0.07933333333333334,0.073,0.013666666666666667,0.405,0.44,0.147,0.21399999999999997,0.079,0.145,0.04600000000000001,0.09899999999999999,0.067,0.04866666666666668,1.4133333333333336,0.04900000000000001,0.10833333333333332,45.67333333333333,0.10699999999999998,0.20266666666666666,53.27866666666667,0.079,0.10633333333333332,74.47066666666666,0.007333333333333333,0.03200000000000001,0.7126666666666668,0.008666666666666666,0.08499999999999999,0.10333333333333333,0.04866666666666668,0.010333333333333333,0.46166666666666667
81,73,2010-04-02,13,2,2009-2010,Londrina,Espírito Santo,1,0.38433333333333336,0.129,0.17400000000000002,0.08133333333333333,0.14433333333333334,0.04633333333333334,0.09800000000000002,0.06199999999999999,0.07133333333333332,1.0799999999999998,0.04300000000000001,0.13333333333333333,32.205333333333336,0.08700000000000001,0.18033333333333335,48.472,0.08133333333333333,0.10800000000000001,75.37933333333334,0.003666666666666666,0.034,0.5233333333333333,0.010333333333333333,0.104,0.10866666666666669,0.07133333333333332,0.009333333333333332,0.3533333333333334,0.37100000000000005,0.10899999999999999,0.18533333333333332,0.07666666666666666,0.151,0.05000000000000002,0.10099999999999999,0.04666666666666667,0.06833333333333332,0.7113333333333334,0.036333333333333336,0.10833333333333336,33.498000000000005,0.09266666666666666,0.183,50.95,0.07666666666666666,0.11833333333333335,65.34733333333334,0.008666666666666666,0.03566666666666667,0.5753333333333334,0.011000000000000003,0.1,0.11066666666666668,0.06833333333333332,0.019666666666666662,0.343
83,80,2010-04-02,13,2,2009-2010,Pinheiros,Assis,1,0.4383333333333333,0.12699999999999997,0.21533333333333332,0.096,0.148,0.043666666666666666,0.10433333333333336,0.07200000000000001,0.06566666666666668,1.1300000000000001,0.04233333333333334,0.11433333333333336,37.63199999999999,0.10766666666666666,0.19866666666666666,54.01866666666667,0.096,0.11800000000000002,80.78800000000001,0.010333333333333335,0.03266666666666666,0.516,0.01733333333333333,0.09766666666666667,0.19266666666666668,0.06566666666666668,0.013000000000000001,0.45766666666666667,0.38933333333333325,0.137,0.18400000000000002,0.06833333333333334,0.15766666666666668,0.048000000000000015,0.10966666666666666,0.06333333333333332,0.05200000000000002,1.3706666666666663,0.04566666666666666,0.13166666666666665,35.49866666666666,0.09200000000000001,0.18,51.196000000000005,0.06833333333333334,0.09533333333333335,71.76933333333334,0.007666666666666667,0.03266666666666667,0.6986666666666667,0.009000000000000001,0.09233333333333334,0.09800000000000002,0.05200000000000002,0.013333333333333332,0.399
96,87,2010-04-04,14,2,2009-2010,Pinheiros,Bauru Basket,1,0.43499999999999994,0.126,0.21600000000000003,0.093,0.14766666666666667,0.044333333333333336,0.10333333333333336,0.07166666666666667,0.06733333333333333,1.1066666666666667,0.04200000000000001,0.11533333333333334,36.754666666666665,0.10800000000000001,0.19833333333333333,54.30999999999999,0.093,0.11533333333333336,80.07600000000001,0.009666666666666667,0.033,0.5159999999999999,0.01633333333333333,0.09833333333333336,0.16933333333333334,0.06733333333333333,0.014,0.45033333333333336,0.4423333333333333,0.147,0.21533333333333332,0.08000000000000002,0.14433333333333334,0.04766666666666667,0.09666666666666665,0.06966666666666668,0.05100000000000001,1.412,0.049000000000000016,0.10966666666666666,45.00266666666667,0.10766666666666666,0.19933333333333333,54.32866666666666,0.08000000000000002,0.108,74.27,0.007333333333333333,0.03266666666666667,0.6986666666666668,0.008,0.08533333333333333,0.09266666666666667,0.05100000000000001,0.010666666666666666,0.4656666666666666
85,74,2010-04-04,14,2,2009-2010,Coop/São José Basketball,Minas,1,0.41200000000000003,0.153,0.18800000000000003,0.071,0.15,0.051333333333333335,0.09866666666666668,0.09466666666666668,0.06666666666666668,1.4746666666666668,0.05100000000000001,0.14133333333333334,36.236666666666665,0.09400000000000001,0.16766666666666669,56.29066666666666,0.071,0.09900000000000002,72.012,0.007666666666666667,0.03366666666666667,0.5373333333333333,0.009666666666666667,0.10600000000000001,0.09200000000000003,0.06666666666666668,0.007333333333333334,0.44133333333333336,0.4366666666666667,0.116,0.24666666666666665,0.074,0.165,0.047333333333333345,0.11766666666666664,0.10300000000000001,0.07066666666666667,1.5073333333333332,0.03866666666666667,0.09866666666666667,38.418000000000006,0.12333333333333332,0.21766666666666665,56.33133333333333,0.074,0.096,75.42933333333333,0.005333333333333332,0.03233333333333334,0.4626666666666666,0.014000000000000002,0.10866666666666668,0.14333333333333337,0.07066666666666667,0.012666666666666666,0.504
81,87,2010-04-04,14,2,2009-2010,Paulistano,Assis,0,0.4226666666666666,0.13100000000000003,0.21466666666666664,0.07700000000000001,0.15366666666666667,0.05233333333333334,0.10133333333333334,0.07433333333333333,0.07266666666666666,1.0986666666666667,0.043666666666666666,0.12333333333333332,36.315333333333335,0.10733333333333332,0.20099999999999996,53.68066666666667,0.07700000000000001,0.10966666666666665,69.94666666666667,0.007666666666666666,0.04100000000000001,0.5786666666666667,0.008666666666666665,0.109,0.082,0.07266666666666666,0.012333333333333335,0.42166666666666675,0.3853333333333333,0.13499999999999998,0.18800000000000003,0.062333333333333345,0.15600000000000003,0.05000000000000001,0.106,0.064,0.05400000000000002,1.3406666666666667,0.045000000000000005,0.1313333333333333,35.152,0.09400000000000001,0.184,50.982,0.062333333333333345,0.08900000000000001,69.97866666666667,0.008333333333333333,0.03633333333333334,0.744,0.008666666666666668,0.09100000000000001,0.09600000000000002,0.05400000000000002,0.014,0.39333333333333337
99,83,2010-04-04,14,2,2009-2010,Londrina,Saldanha,1,0.3866666666666667,0.132,0.16733333333333336,0.08733333333333333,0.14100000000000001,0.04466666666666667,0.09633333333333335,0.06366666666666668,0.07066666666666666,1.1186666666666665,0.044000000000000004,0.133,33.14733333333333,0.08366666666666668,0.175,48.25266666666667,0.08733333333333333,0.11533333333333334,76.22933333333334,0.003666666666666666,0.03666666666666667,0.5726666666666667,0.010666666666666666,0.107,0.10666666666666667,0.07066666666666666,0.009333333333333334,0.35966666666666675,0.35400000000000004,0.069,0.22933333333333333,0.05566666666666666,0.15533333333333338,0.04900000000000001,0.10633333333333335,0.042333333333333334,0.05800000000000002,0.7733333333333332,0.023000000000000007,0.07666666666666667,31.019999999999996,0.11466666666666667,0.23966666666666675,47.721333333333334,0.05566666666666666,0.09533333333333334,58.34400000000001,0.009666666666666667,0.045000000000000005,0.8793333333333334,0.011333333333333336,0.09799999999999999,0.12266666666666669,0.05800000000000002,0.01733333333333333,0.3316666666666667
73,65,2010-04-04,14,2,2009-2010,Joinville,Espírito Santo,1,0.3853333333333334,0.13099999999999998,0.17600000000000002,0.07833333333333332,0.1581666666666667,0.04583333333333335,0.11233333333333334,0.05866666666666667,0.06783333333333334,0.9066666666666666,0.04366666666666667,0.12616666666666665,34.812,0.08800000000000001,0.18283333333333335,48.354000000000006,0.07833333333333332,0.11466666666666668,66.18733333333333,0.006833333333333334,0.03016666666666667,0.4926666666666667,0.0095,0.09583333333333334,0.10266666666666667,0.06783333333333334,0.011333333333333332,0.3603333333333333,0.3703333333333333,0.10600000000000001,0.18533333333333332,0.07899999999999999,0.15399999999999997,0.053333333333333344,0.10066666666666665,0.048,0.06799999999999999,0.7373333333333334,0.035333333333333335,0.10733333333333335,32.90266666666667,0.09266666666666666,0.18233333333333332,51.11533333333333,0.07899999999999999,0.12233333333333336,65.28933333333333,0.010333333333333333,0.035333333333333335,0.574,0.010000000000000002,0.10266666666666667,0.10066666666666667,0.06799999999999999,0.019999999999999997,0.3446666666666667
90,83,2010-04-04,14,2,2009-2010,Brasília,Flamengo,1,0.46266666666666667,0.12000000000000001,0.26133333333333336,0.08133333333333333,0.1713333333333333,0.05133333333333335,0.12000000000000001,0.089,0.061000000000000006,1.6206666666666665,0.04000000000000001,0.11566666666666665,33.81733333333333,0.13066666666666668,0.21266666666666667,61.71866666666667,0.08133333333333333,0.10633333333333335,75.67599999999999,0.011333333333333334,0.040999999999999995,0.7946666666666666,0.017666666666666667,0.09000000000000001,0.2253333333333333,0.061000000000000006,0.009333333333333334,0.538,0.4773333333333333,0.18500000000000003,0.21933333333333332,0.073,0.15966666666666665,0.035333333333333335,0.12433333333333334,0.07533333333333332,0.05766666666666667,1.4800000000000002,0.06166666666666667,0.13933333333333336,43.92333333333334,0.10966666666666666,0.18433333333333332,59.46066666666666,0.073,0.10099999999999998,72.32999999999998,0.013333333333333332,0.048999999999999995,0.9600000000000001,0.009000000000000001,0.099,0.09666666666666669,0.05766666666666667,0.010666666666666668,0.5323333333333333
71,104,2011-11-19,1,1,2011-2012,Tijuca,Pinheiros,0,0.0,0.0,0.0,0.0,0.0,0.0,0.0,0.0,0.0,0.0,0.0,0.0,0.0,0.0,0.0,0.0,0.0,0.0,0.0,0.0,0.0,0.0,0.0,0.0,0.0,0.0,0.0,0.0,0.0,0.0,0.0,0.0,0.0,0.0,0.0,0.0,0.0,0.0,0.0,0.0,0.0,0.0,0.0,0.0,0.0,0.0,0.0,0.0,0.0,0.0,0.0,0.0,0.0,0.0,0.0,0.0
88,78,2011-11-19,1,1,2011-2012,Flamengo,Paulistano,1,0.0,0.0,0.0,0.0,0.0,0.0,0.0,0.0,0.0,0.0,0.0,0.0,0.0,0.0,0.0,0.0,0.0,0.0,0.0,0.0,0.0,0.0,0.0,0.0,0.0,0.0,0.0,0.0,0.0,0.0,0.0,0.0,0.0,0.0,0.0,0.0,0.0,0.0,0.0,0.0,0.0,0.0,0.0,0.0,0.0,0.0,0.0,0.0,0.0,0.0,0.0,0.0,0.0,0.0,0.0,0.0
102,69,2011-11-19,1,1,2011-2012,Uberlândia,Araraquara,1,0.0,0.0,0.0,0.0,0.0,0.0,0.0,0.0,0.0,0.0,0.0,0.0,0.0,0.0,0.0,0.0,0.0,0.0,0.0,0.0,0.0,0.0,0.0,0.0,0.0,0.0,0.0,0.0,0.0,0.0,0.0,0.0,0.0,0.0,0.0,0.0,0.0,0.0,0.0,0.0,0.0,0.0,0.0,0.0,0.0,0.0,0.0,0.0,0.0,0.0,0.0,0.0,0.0,0.0,0.0,0.0
70,82,2011-11-21,2,1,2011-2012,Joinville,Brasília,0,0.0,0.0,0.0,0.0,0.0,0.0,0.0,0.0,0.0,0.0,0.0,0.0,0.0,0.0,0.0,0.0,0.0,0.0,0.0,0.0,0.0,0.0,0.0,0.0,0.0,0.0,0.0,0.0,0.0,0.0,0.0,0.0,0.0,0.0,0.0,0.0,0.0,0.0,0.0,0.0,0.0,0.0,0.0,0.0,0.0,0.0,0.0,0.0,0.0,0.0,0.0,0.0,0.0,0.0,0.0,0.0
87,81,2011-11-21,2,1,2011-2012,Sesi Franca,Araraquara,1,0.0,0.0,0.0,0.0,0.0,0.0,0.0,0.0,0.0,0.0,0.0,0.0,0.0,0.0,0.0,0.0,0.0,0.0,0.0,0.0,0.0,0.0,0.0,0.0,0.0,0.0,0.0,0.0,0.35007610350076107,0.076103500761035,0.23338406900050737,0.04058853373921867,0.12683916793505834,0.05073566717402334,0.076103500761035,0.04566210045662101,0.055809233891425676,0.82,0.02536783358701167,0.10654490106544902,23.81,0.11669203450025369,0.24860476915271437,46.94,0.04058853373921867,0.05073566717402334,80.0,0.010147133434804667,0.035514967021816335,0.64,0.010147133434804667,0.06088280060882801,0.17,0.055809233891425676,0.020294266869609334,0.289193302891933
68,65,2011-11-21,2,1,2011-2012,Coop/São José Basketball,Minas,1,0.0,0.0,0.0,0.0,0.0,0.0,0.0,0.0,0.0,0.0,0.0,0.0,0.0,0.0,0.0,0.0,0.0,0.0,0.0,0.0,0.0,0.0,0.0,0.0,0.0,0.0,0.0,0.0,0.0,0.0,0.0,0.0,0.0,0.0,0.0,0.0,0.0,0.0,0.0,0.0,0.0,0.0,0.0,0.0,0.0,0.0,0.0,0.0,0.0,0.0,0.0,0.0,0.0,0.0,0.0,0.0
87,82,2011-11-21,2,1,2011-2012,Uberlândia,Limeira,1,0.51,0.15,0.32,0.04,0.17,0.02,0.15,0.115,0.065,1.77,0.05,0.125,40.0,0.16,0.2,80.0,0.04,0.06,66.67,0.03,0.04,0.62,0.025,0.05,0.5,0.065,0.015,0.66,0.0,0.0,0.0,0.0,0.0,0.0,0.0,0.0,0.0,0.0,0.0,0.0,0.0,0.0,0.0,0.0,0.0,0.0,0.0,0.0,0.0,0.0,0.0,0.0,0.0,0.0,0.0,0.0
63,81,2011-11-21,2,1,2011-2012,Tijuca,Paulistano,0,0.355,0.09,0.19,0.075,0.07,0.02,0.05,0.06,0.095,0.63,0.03,0.075,40.0,0.095,0.175,54.29,0.075,0.11,68.18,0.0,0.01,0.11,0.01,0.09,0.11,0.095,0.03,0.25,0.39068369646882045,0.09015777610818933,0.25043826696719257,0.050087653393438514,0.13022789882294014,0.045078888054094664,0.08514901076884547,0.040070122714750814,0.050087653393438514,0.8,0.03005259203606311,0.11019283746556474,27.27,0.12521913348359628,0.21036814425244177,59.52,0.050087653393438514,0.06511394941147007,76.92,0.005008765339343852,0.03005259203606311,0.6,0.010017530678687703,0.11019283746556474,0.09,0.050087653393438514,0.015026296018031555,0.370648635111445
91,77,2011-11-21,2,1,2011-2012,Bauru Basket,Espírito Santo,1,0.0,0.0,0.0,0.0,0.0,0.0,0.0,0.0,0.0,0.0,0.0,0.0,0.0,0.0,0.0,0.0,0.0,0.0,0.0,0.0,0.0,0.0,0.0,0.0,0.0,0.0,0.0,0.0,0.0,0.0,0.0,0.0,0.0,0.0,0.0,0.0,0.0,0.0,0.0,0.0,0.0,0.0,0.0,0.0,0.0,0.0,0.0,0.0,0.0,0.0,0.0,0.0,0.0,0.0,0.0,0.0
84,89,2011-11-21,2,1,2011-2012,Flamengo,Pinheiros,0,0.44776878848013024,0.12211876049458098,0.2137078308655167,0.11194219712003256,0.16282501399277463,0.04070625349819366,0.12211876049458098,0.07123594362183891,0.0661476619345647,1.08,0.04070625349819366,0.08650078868366153,47.06,0.10685391543275835,0.17808985905459726,60.0,0.11194219712003256,0.14247188724367782,78.57,0.010176563374548414,0.02035312674909683,0.31,0.0,0.08141250699638732,0.0,0.0661476619345647,0.010176563374548414,0.4884750419783239,0.52,0.165,0.29,0.065,0.14,0.045,0.095,0.095,0.06,1.58,0.055,0.115,47.83,0.145,0.225,64.44,0.065,0.07,92.86,0.025,0.06,1.0,0.02,0.105,0.19,0.06,0.03,0.63
62,81,2011-11-24,3,1,2011-2012,L. Sorocabana,Coop/São José Basketball,0,0.0,0.0,0.0,0.0,0.0,0.0,0.0,0.0,0.0,0.0,0.0,0.0,0.0,0.0,0.0,0.0,0.0,0.0,0.0,0.0,0.0,0.0,0.0,0.0,0.0,0.0,0.0,0.0,0.34,0.075,0.18,0.085,0.115,0.045,0.07,0.065,0.065,1.0,0.025,0.105,23.81,0.09,0.18,50.0,0.085,0.09,94.44,0.0,0.065,1.0,0.01,0.075,0.13,0.065,0.01,0.355
75,73,2011-11-24,3,1,2011-2012,Espírito Santo,Araraquara,1,0.385,0.135,0.18,0.07,0.14,0.045,0.095,0.045,0.055,0.82,0.045,0.12,37.5,0.09,0.21,42.86,0.07,0.09,77.78,0.0,0.03,0.55,0.005,0.06,0.08,0.055,0.03,0.335,0.3775380517503806,0.1130517503805175,0.2166920345002537,0.04779426686960933,0.14341958396752919,0.04536783358701167,0.0980517503805175,0.06033105022831051,0.05540461694571284,1.09,0.037683916793505835,0.1132724505327245,32.74,0.10834601725012685,0.22930238457635718,47.28,0.04779426686960933,0.06286783358701167,76.66499999999999,0.0050735667174023336,0.03525748351090817,0.64,0.017573566717402334,0.090441400304414,0.19,0.05540461694571284,0.012647133434804668,0.3670966514459665
70,83,2011-11-24,3,1,2011-2012,Minas,Flamengo,0,0.325,0.045,0.22,0.06,0.155,0.03,0.125,0.05,0.085,0.59,0.015,0.065,23.08,0.11,0.18,61.11,0.06,0.08,75.0,0.0,0.035,0.41,0.01,0.08,0.13,0.085,0.01,0.35,0.41117536413973066,0.12794901235431388,0.2227959444182656,0.060430407367151176,0.1616800655248154,0.03819036197763641,0.123489703547179,0.07798140547870094,0.0732076102314964,1.07,0.042649670784771304,0.09453244562388205,45.269999999999996,0.1113979722091328,0.1826904144771314,60.95,0.060430407367151176,0.0801545612361087,64.285,0.011777244897976548,0.023554489795953096,0.32,0.0,0.08752899597311004,0.0,0.0732076102314964,0.014006899301543994,0.45828434373163685
109,78,2011-11-24,3,1,2011-2012,Brasília,Tijuca,1,0.45497419963380126,0.09987238528546857,0.26632636076124955,0.08877545358708318,0.12206624868223936,0.04438772679354159,0.07767852188869778,0.04993619264273429,0.06103312434111968,0.82,0.03329079509515619,0.11651778283304667,28.57,0.13316318038062477,0.17200244132497367,77.42,0.08877545358708318,0.11096931698385397,80.0,0.0,0.07213005603950508,1.18,0.011096931698385397,0.12206624868223936,0.09,0.06103312434111968,0.016645397547578097,0.5049103922765356,0.33499999999999996,0.0975,0.16,0.0775,0.0975,0.025,0.07250000000000001,0.045,0.09,0.49,0.0325,0.0975,34.585,0.08,0.16499999999999998,48.114999999999995,0.0775,0.1,78.535,0.005,0.022500000000000003,0.26,0.015,0.08249999999999999,0.19,0.09,0.017499999999999998,0.2525
81,90,2011-11-24,3,1,2011-2012,Pinheiros,Uberlândia,0,0.4577777777777778,0.14250000000000002,0.25166666666666665,0.06361111111111112,0.13222222222222224,0.03805555555555555,0.09416666666666668,0.08083333333333334,0.05,1.625,0.0475,0.10416666666666667,45.345,0.12583333333333332,0.21472222222222223,58.305,0.06361111111111112,0.07500000000000001,85.32,0.021388888888888888,0.04777777777777778,0.9450000000000001,0.012222222222222223,0.07694444444444444,0.14,0.05,0.017222222222222222,0.5238888888888888,0.47250000000000003,0.14250000000000002,0.28,0.05,0.1575,0.0175,0.14,0.11,0.0675,1.635,0.0475,0.1225,38.75,0.14,0.185,75.295,0.05,0.0675,73.33500000000001,0.02,0.04,0.595,0.0275,0.065,0.44,0.0675,0.0125,0.6025
85,70,2011-11-24,3,1,2011-2012,Bauru Basket,Joinville,1,0.455,0.165,0.26,0.03,0.18,0.03,0.15,0.105,0.075,1.4,0.055,0.135,40.74,0.13,0.185,70.27,0.03,0.04,75.0,0.03,0.02,0.27,0.02,0.1,0.2,0.075,0.005,0.56,0.35392860754373545,0.06067347557892608,0.20224491859642027,0.09101021336838912,0.1466275659824047,0.05561735261401557,0.09101021336838912,0.05056122964910507,0.08595409040347861,0.59,0.020224491859642025,0.09606633633329963,21.05,0.10112245929821014,0.22246941045606228,45.45,0.09101021336838912,0.13651532005258368,66.67,0.01516836889473152,0.04550510668419456,0.53,0.0,0.10617858226312064,0.0,0.08595409040347861,0.010112245929821012,0.26797451714025683
110,72,2011-11-26,4,1,2011-2012,Flamengo,Brasília,1,0.41245024275982045,0.1252993415695426,0.21853062961217706,0.06862027157810079,0.1544533770165436,0.033793574651757606,0.120659802364786,0.07865427031913397,0.07880507348766426,1.01,0.04176644718984754,0.09302163041592137,44.99333333333333,0.10926531480608853,0.18679360965142097,58.583333333333336,0.06862027157810079,0.08510304082407245,72.67999999999999,0.007851496598651033,0.03570299319730206,0.4366666666666667,0.005,0.0816859973154067,0.06999999999999999,0.07880507348766426,0.019337932867695997,0.4621895624877579,0.49998709981690065,0.1324361926427343,0.2931631803806248,0.07438772679354158,0.1435331243411197,0.042193863396770795,0.10133926094434889,0.08246809632136715,0.07301656217055985,1.085,0.0441453975475781,0.12825889141652336,33.93,0.1465815901903124,0.18350122066248684,79.735,0.07438772679354158,0.090484658491927,82.85499999999999,0.0025,0.06606502801975253,0.945,0.0155484658491927,0.11603312434111968,0.135,0.07301656217055985,0.01582269877378905,0.5974551961382677
77,63,2011-11-26,4,1,2011-2012,L. Sorocabana,Joinville,1,0.33151534595230453,0.09624639076034648,0.19249278152069296,0.0427761736712651,0.1283285210137953,0.05347021708908138,0.07485830392471393,0.02138808683563255,0.04812319538017324,0.44,0.032082130253448825,0.0855523473425302,37.5,0.09624639076034648,0.155063629558336,62.07,0.0427761736712651,0.06416426050689765,66.67,0.0,0.02673510854454069,0.56,0.010694043417816275,0.07485830392471393,0.14,0.04812319538017324,0.0053470217089081375,0.3368623676612127,0.3519643037718677,0.07533673778946304,0.21112245929821014,0.06550510668419456,0.10581378299120235,0.030308676307007783,0.07550510668419455,0.060280614824552534,0.0804770452017393,0.76,0.02511224592982101,0.0955331681666498,26.314999999999998,0.10556122964910507,0.18623470522803115,59.39,0.06550510668419456,0.08825766002629185,83.33500000000001,0.01008418444736576,0.04025255334209728,0.5,0.0,0.09558929113156032,0.0,0.0804770452017393,0.012556122964910505,0.3039872585701284
84,78,2011-11-26,4,1,2011-2012,Bauru Basket,Coop/São José Basketball,1,0.44,0.14250000000000002,0.25,0.0475,0.16249999999999998,0.0525,0.11,0.0875,0.0625,1.4,0.0475,0.11750000000000001,40.370000000000005,0.125,0.1975,63.705,0.0475,0.06,78.125,0.025,0.04,0.735,0.0175,0.09,0.195,0.0625,0.01,0.53,0.37250000000000005,0.1425,0.16,0.07,0.14250000000000002,0.0325,0.11,0.08,0.07500000000000001,1.06,0.0475,0.1225,36.905,0.08,0.16249999999999998,49.14,0.07,0.0775,89.53,0.0,0.05,0.705,0.02,0.07250000000000001,0.28,0.07500000000000001,0.01,0.425
62,73,2011-11-26,4,1,2011-2012,Minas,Tijuca,0,0.3377014817039595,0.05253453972067878,0.24014967212294136,0.04501726986033939,0.1651007408519798,0.057548931270961605,0.10755180958101818,0.04502302648045252,0.0775402963407919,0.58,0.017511513240226262,0.0825575662011313,21.54,0.12007483606147068,0.23016118536316763,53.769999999999996,0.04501726986033939,0.06002302648045252,75.0,0.0,0.037523026480452526,0.49,0.017514391550282823,0.07754317465084848,0.23,0.0775402963407919,0.005,0.33518421184362013,0.35333333333333333,0.105,0.16333333333333333,0.085,0.10166666666666667,0.03,0.07166666666666667,0.049999999999999996,0.09000000000000001,0.5499999999999999,0.035,0.09999999999999999,35.75666666666667,0.08166666666666667,0.17833333333333332,45.89666666666667,0.085,0.10833333333333334,79.02333333333333,0.006666666666666667,0.03333333333333333,0.37666666666666665,0.013333333333333334,0.07833333333333332,0.17333333333333334,0.09000000000000001,0.015,0.27666666666666667
94,81,2011-11-26,4,1,2011-2012,Paulistano,Uberlândia,1,0.39784184823441027,0.08257888805409466,0.25521913348359626,0.06004382669671926,0.14011394941147007,0.04753944402704734,0.09257450538442275,0.03253506135737541,0.055043826696719256,0.61,0.027526296018031554,0.10009641873278237,27.525,0.12760956674179813,0.21768407212622087,58.650000000000006,0.06004382669671926,0.07505697470573504,79.63499999999999,0.010004382669671925,0.037526296018031556,0.675,0.007508765339343852,0.10509641873278237,0.07,0.055043826696719256,0.015013148009015778,0.38282431755572255,0.465,0.14,0.26333333333333336,0.06166666666666667,0.15,0.018333333333333337,0.13166666666666668,0.09166666666666667,0.06166666666666667,1.4566666666666668,0.04666666666666667,0.11666666666666665,40.12,0.13166666666666668,0.19833333333333333,67.23333333333333,0.06166666666666667,0.07666666666666667,78.71333333333334,0.016666666666666666,0.04,0.6633333333333333,0.02,0.07333333333333333,0.3133333333333333,0.06166666666666667,0.013333333333333334,0.5533333333333333
102,69,2011-11-26,4,1,2011-2012,Pinheiros,Sesi Franca,1,0.4401851851851852,0.14,0.23444444444444446,0.06574074074074075,0.14481481481481484,0.04037037037037037,0.10444444444444445,0.0788888888888889,0.05833333333333333,1.4166666666666667,0.04666666666666667,0.10777777777777779,43.27333333333333,0.11722222222222223,0.2114814814814815,55.129999999999995,0.06574074074074075,0.08166666666666668,81.44,0.02259259259259259,0.041851851851851855,0.7633333333333333,0.01314814814814815,0.08462962962962962,0.14333333333333334,0.05833333333333333,0.01814814814814815,0.4892592592592592,0.435,0.12,0.18,0.135,0.19,0.05,0.14,0.07,0.05,1.4,0.04,0.085,47.06,0.09,0.21,42.86,0.135,0.165,81.82,0.005,0.04,0.8,0.005,0.09,0.06,0.05,0.01,0.495
51,99,2011-11-26,4,1,2011-2012,Espírito Santo,Limeira,0,0.3801219542702757,0.14254878170811028,0.17505528593585828,0.0625178866263071,0.13504227748036224,0.042513008455496076,0.09252926902486616,0.057522764797118126,0.07002764296792915,0.82,0.04751626056937009,0.12504227748036223,37.980000000000004,0.08752764296792914,0.18255040776504727,48.85,0.0625178866263071,0.08502601691099215,73.265,0.002501626056937009,0.042517886626307094,0.6000000000000001,0.005001626056937009,0.08003252113874018,0.065,0.07002764296792915,0.022504878170811028,0.3551219542702757,0.41,0.195,0.16,0.055,0.13,0.035,0.095,0.07,0.05,1.4,0.065,0.115,56.52,0.08,0.22,36.36,0.055,0.07,78.57,0.0,0.04,0.8,0.01,0.08,0.13,0.05,0.015,0.405
82,71,2011-11-28,3,1,2011-2012,Paulistano,Sesi Franca,1,0.4221063514005867,0.09009990590979265,0.2669434320688886,0.06506301342190536,0.15182148939719595,0.050051079475699416,0.10177040992149654,0.04171707740419096,0.05839184067202636,0.7133333333333334,0.03003330196993088,0.10177825969558445,29.459999999999997,0.1334717160344443,0.22523086074791,59.24000000000001,0.06506301342190536,0.08174745759434056,79.40666666666665,0.01000742786299362,0.03336212922005188,0.5766666666666667,0.010012602684381073,0.11345619157028197,0.08666666666666667,0.05839184067202636,0.011677685047616687,0.42043926282282573,0.39,0.08249999999999999,0.195,0.1125,0.1925,0.060000000000000005,0.1325,0.07250000000000001,0.0875,1.0,0.0275,0.07500000000000001,35.07,0.0975,0.23249999999999998,42.019999999999996,0.1125,0.14250000000000002,78.41,0.005,0.037500000000000006,0.54,0.005,0.0975,0.055,0.0875,0.01,0.39749999999999996
85,78,2011-12-01,5,1,2011-2012,Tijuca,L. Sorocabana,1,0.35625,0.09,0.1725,0.09375,0.12,0.03875,0.08125,0.05125,0.08375,0.625,0.030000000000000002,0.095,31.505000000000003,0.08625,0.18499999999999997,46.6175,0.09375,0.12,78.6225,0.00625,0.03375,0.4175,0.0125,0.08625,0.1525,0.08375,0.015,0.30000000000000004,0.3582576729761523,0.10062319538017324,0.1812463907603465,0.07638808683563256,0.15166426050689763,0.06673510854454069,0.08492915196235697,0.030694043417816275,0.06906159769008662,0.44,0.03354106512672442,0.0877761736712651,38.195,0.09062319538017324,0.165031814779168,55.32,0.07638808683563256,0.11208213025344882,67.71000000000001,0.0025,0.03836755427227034,0.56,0.010347021708908138,0.08742915196235697,0.12000000000000001,0.06906159769008662,0.010173510854454068,0.35593118383060635
77,89,2011-12-01,5,1,2011-2012,Sesi Franca,Minas,0,0.37833333333333335,0.08999999999999998,0.19333333333333336,0.09500000000000001,0.17833333333333334,0.055,0.12333333333333334,0.07833333333333334,0.08333333333333333,1.0666666666666667,0.03,0.07500000000000001,38.93666666666667,0.09666666666666668,0.23166666666666666,41.779999999999994,0.09500000000000001,0.12000000000000001,78.94,0.005,0.03166666666666667,0.45,0.005,0.105,0.049999999999999996,0.08333333333333333,0.011666666666666667,0.3833333333333333,0.32846765446930637,0.06502302648045251,0.21343311474862758,0.050011513240226256,0.17506716056798655,0.06503262084730774,0.11003453972067878,0.05001535098696835,0.07169353089386127,0.7200000000000001,0.02167434216015084,0.08670504413408753,24.886666666666667,0.10671655737431379,0.22344079024211175,48.54666666666666,0.050011513240226256,0.07501535098696833,69.04666666666667,0.0033333333333333335,0.03668201765363502,0.52,0.01834292770018855,0.09669544976723232,0.20333333333333334,0.07169353089386127,0.006666666666666667,0.3301228078957468
87,47,2011-12-01,5,1,2011-2012,Coop/São José Basketball,Espírito Santo,1,0.3785155884905535,0.1400630883236531,0.1700887909740303,0.06836370919287003,0.14507009813739236,0.03334968956539155,0.11172040857200079,0.07336137258829027,0.07169704252620336,1.0133333333333334,0.04668769610788437,0.12172274517658055,37.10333333333333,0.08504439548701515,0.1634104412844649,51.95333333333334,0.06836370919287003,0.08170872554910208,83.76,0.0016690032712464115,0.03667133987582616,0.5199999999999999,0.020009346418318977,0.07670638894452234,0.26666666666666666,0.07169704252620336,0.015011683022898724,0.41518459176179984,0.3384146361801838,0.14003252113874018,0.14337019062390552,0.05501192441753807,0.13336151832024148,0.04167533897033072,0.09168617934991079,0.05001517653141208,0.07335176197861944,0.6933333333333334,0.04667750704624673,0.12336151832024149,37.82,0.07168509531195276,0.1800336051766982,40.18666666666667,0.05501192441753807,0.07668401127399477,71.06666666666666,0.0016677507046246728,0.040011924417538064,0.5466666666666667,0.006667750704624674,0.08002168075916012,0.08666666666666667,0.07335176197861944,0.020003252113874017,0.2884146361801838
84,73,2011-12-01,5,1,2011-2012,Uberlândia,Brasília,1,0.4748004201680672,0.11900560224089637,0.2753089013383131,0.08048591658885776,0.14829209461562404,0.02153089013383131,0.12676120448179273,0.09053649237472768,0.06336795829442889,1.4100000000000001,0.03966853408029879,0.11084267040149393,35.09,0.13765445066915655,0.2218903672580143,63.7225,0.08048591658885776,0.09329209461562403,82.9475,0.01872471210706505,0.044005602240896356,0.7025,0.018112356053532522,0.08456738250855898,0.2625,0.06336795829442889,0.01,0.5441627762215998,0.4533247332112671,0.13829079509515618,0.25544212025374985,0.059591817862361056,0.13235541622741312,0.033129242264513865,0.09922617396289928,0.07497873088091143,0.0720110414470399,1.01,0.04609693169838539,0.12717259427768224,35.95333333333333,0.12772106012687492,0.18900081377499123,68.15666666666667,0.059591817862361056,0.07198977232795133,83.80666666666666,0.0033333333333333335,0.05237668534650169,0.75,0.012032310566128466,0.09735541622741312,0.11666666666666668,0.0720110414470399,0.0155484658491927,0.49830346409217846
83,106,2011-12-01,5,1,2011-2012,Araraquara,Pinheiros,0,0.3733587011669204,0.08536783358701167,0.23446135633350249,0.053529511246406224,0.12894638931168612,0.03524522239134111,0.09370116692034501,0.04688736681887367,0.05693641129714189,0.8366666666666668,0.02845594452900389,0.09384830035514967,27.886666666666667,0.11723067816675124,0.22620158971757146,51.973333333333336,0.053529511246406224,0.07191188905800779,75.18333333333332,0.005049044478268223,0.026838322340605444,0.48333333333333334,0.015049044478268223,0.09529426686960933,0.16,0.05693641129714189,0.01343142228986978,0.34139776763064433,0.4576388888888889,0.15000000000000002,0.24333333333333335,0.06430555555555556,0.14236111111111113,0.03652777777777778,0.10583333333333333,0.09041666666666667,0.06125,1.51,0.05,0.11208333333333334,44.455,0.12166666666666667,0.2073611111111111,58.655,0.06430555555555556,0.08625000000000001,76.08,0.025694444444444443,0.05263888888888889,0.875,0.01611111111111111,0.09097222222222222,0.165,0.06125,0.017361111111111112,0.5281944444444444
81,66,2011-12-01,5,1,2011-2012,Flamengo,Bauru Basket,1,0.44822657095875423,0.16215632435897512,0.2219787802899409,0.06409146630983821,0.15245619437856933,0.025345180988818203,0.12711101338975112,0.08929373304238078,0.07046744147938457,1.425,0.05405210811965838,0.1076450106907289,48.745,0.11098939014497045,0.18428712643048492,60.364999999999995,0.06409146630983821,0.07771616950694324,77.2375,0.007151248711614537,0.03814088126161291,0.5775,0.006275252525252526,0.0789412656633227,0.0875,0.07046744147938457,0.018291328438650785,0.5234098486334952,0.43333333333333335,0.125,0.25333333333333335,0.055,0.17166666666666663,0.065,0.10666666666666667,0.08333333333333333,0.04666666666666667,2.6,0.041666666666666664,0.10666666666666667,38.67666666666667,0.12666666666666668,0.22666666666666666,57.673333333333325,0.055,0.07333333333333333,75.41666666666667,0.021666666666666667,0.03833333333333334,1.2666666666666666,0.013333333333333334,0.09499999999999999,0.14666666666666667,0.04666666666666667,0.008333333333333333,0.51
86,70,2011-12-01,5,1,2011-2012,Limeira,Paulistano,1,0.4525,0.1875,0.20500000000000002,0.06,0.1575,0.030000000000000002,0.1275,0.0575,0.052500000000000005,1.1099999999999999,0.0625,0.1225,51.335,0.10250000000000001,0.20500000000000002,51.075,0.06,0.0675,89.285,0.0075,0.045,0.855,0.0125,0.065,0.215,0.052500000000000005,0.0225,0.5025,0.41907976355044,0.07882492943234448,0.26520757405166645,0.07504726006642902,0.15386611704789696,0.04753830960677456,0.1063278074411224,0.05253780805314322,0.05379388050401977,1.0675,0.02627497647744816,0.09383369477168833,27.4525,0.13260378702583323,0.22517314556093249,58.87500000000001,0.07504726006642902,0.09381059319575542,79.74749999999999,0.007505570897245215,0.03502159691503891,0.6825,0.012509452013285804,0.11134214367771147,0.1125,0.05379388050401977,0.008758263785712515,0.4403294471171193
66,72,2011-12-03,6,1,2011-2012,Tijuca,Bauru Basket,0,0.37,0.087,0.192,0.091,0.124,0.038,0.086,0.055999999999999994,0.08,0.73,0.029000000000000005,0.097,29.966,0.096,0.186,51.504,0.091,0.11699999999999999,78.136,0.007000000000000001,0.033,0.426,0.012,0.09,0.142,0.08,0.013000000000000001,0.33100000000000007,0.40750000000000003,0.12,0.23,0.0575,0.16124999999999998,0.06125,0.1,0.07,0.04625,2.1175,0.04,0.11125,36.0075,0.115,0.21749999999999997,53.7825,0.0575,0.07875,73.6675,0.01625,0.036250000000000004,1.1175,0.01,0.0875,0.11,0.04625,0.00625,0.44375
86,73,2011-12-03,6,1,2011-2012,Uberlândia,Minas,1,0.463996024157296,0.1252600846580179,0.2543101376513247,0.08442580184795341,0.14568371827126997,0.026241392966655293,0.11944232530461467,0.09046255561896263,0.056705487208603265,1.7280000000000002,0.04175336155267263,0.11472232547112252,35.764,0.12715506882566235,0.22059199124667592,58.88399999999999,0.08442580184795341,0.09968001141358322,82.358,0.01898718340102548,0.04522301608115069,0.8960000000000001,0.0174954451293561,0.08769097458371439,0.24,0.056705487208603265,0.00900185342884336,0.5244951761443388,0.3576007408519798,0.08626726986033939,0.22007483606147069,0.05125863493016969,0.16880037042598992,0.06252446563548081,0.10627590479050908,0.056261513240226255,0.07002014817039595,0.8275,0.02875575662011313,0.08877878310056564,31.822499999999998,0.11003741803073534,0.2238305926815838,49.74249999999999,0.05125863493016969,0.07126151324022625,74.7025,0.0025,0.043761513240226264,0.64,0.022507195775141414,0.10252158732542424,0.22499999999999998,0.07002014817039595,0.00875,0.3850921059218101
95,104,2011-12-03,6,1,2011-2012,Sesi Franca,Brasília,0,0.38,0.08625,0.195,0.09875,0.165,0.04875,0.11624999999999999,0.0775,0.08375,1.02,0.028749999999999998,0.07250000000000001,38.8175,0.0975,0.22874999999999998,42.6975,0.09875,0.12625,78.17,0.005,0.0325,0.44,0.005,0.0975,0.055,0.08375,0.01,0.37374999999999997,0.4312435499084503,0.12246809632136714,0.2415815901903124,0.06719386339677079,0.13426656217055985,0.0323469316983854,0.10191963047217445,0.07373404816068357,0.06900828108527993,1.0499999999999998,0.040822698773789044,0.11787944570826167,33.91,0.1207907950951562,0.18800061033124343,64.63,0.06719386339677079,0.0777423292459635,86.53999999999999,0.00375,0.04428251400987626,0.645,0.014024232924596348,0.10301656217055984,0.13,0.06900828108527993,0.015411349386894525,0.4737275980691339
90,107,2011-12-03,6,1,2011-2012,Araraquara,Paulistano,0,0.3837690258751903,0.09027587519025874,0.23084601725012685,0.06264713343480466,0.12045979198376458,0.027683916793505837,0.09277587519025876,0.05391552511415525,0.05645230847285641,0.9675,0.030091958396752917,0.09163622526636225,31.21,0.11542300862506343,0.2221511922881786,52.075,0.06264713343480466,0.08018391679350584,77.815,0.003786783358701167,0.032628741755454084,0.59,0.011286783358701168,0.107720700152207,0.12,0.05645230847285641,0.012573566717402335,0.35979832572298326,0.405263810840352,0.07505994354587558,0.2581660592413332,0.07203780805314322,0.15509289363831757,0.04303064768541965,0.11206224595289793,0.05003024644251457,0.06603510440321582,0.9239999999999998,0.02501998118195853,0.08606695581735066,29.234,0.1290830296206666,0.220138516448746,58.6,0.07203780805314322,0.09104847455660434,78.79799999999999,0.0070044567177961715,0.03501727753203113,0.606,0.012007561610628643,0.11307371494216918,0.10600000000000001,0.06603510440321582,0.009006611028570012,0.4202635576936954
93,55,2011-12-03,6,1,2011-2012,Flamengo,L. Sorocabana,1,0.4395812567670034,0.1327250594871801,0.24758302423195272,0.05927317304787057,0.15596495550285547,0.027276144791054564,0.12868881071180088,0.08543498643390462,0.06537395318350765,1.452,0.044241686495726705,0.09311600855258313,41.854,0.12379151211597636,0.20142970114438796,61.254,0.05927317304787057,0.07317293560555459,76.336,0.00772099896929163,0.03551270500929033,0.5740000000000001,0.006020202020202021,0.07915301253065817,0.08199999999999999,0.06537395318350765,0.01663306275092063,0.5167278789067961,0.36883844865076815,0.11708213025344882,0.18083092717356433,0.07092539122375503,0.15944284033793174,0.0661567390296938,0.09328610130823799,0.040462695611877514,0.06770773179339108,0.6,0.03902737675114961,0.09685078244751007,39.95666666666667,0.09041546358678217,0.17335454318611201,52.669999999999995,0.07092539122375503,0.10472142016896586,67.36333333333334,0.0033333333333333335,0.0405783695148469,0.6033333333333334,0.006898014472605425,0.09495276797490465,0.08,0.06770773179339108,0.015115673902969381,0.37395412255373756
76,72,2011-12-03,6,1,2011-2012,Joinville,Espírito Santo,1,0.34031388010058294,0.08041620926516711,0.1910678352080152,0.06882983562740061,0.10744350993422112,0.030269690006513552,0.07717381992770755,0.05360561761882395,0.09893893957611383,0.6066666666666667,0.026805403088389034,0.09220317854965134,29.30666666666666,0.0955339176040076,0.17447599916122924,56.26,0.06882983562740061,0.09070747505669326,81.87333333333333,0.010077424898857738,0.038576258996880164,0.42,0.003354635267280565,0.11069108782963481,0.023333333333333334,0.09893893957611383,0.023466607346036214,0.2781374658938984,0.31256097713513786,0.12752439085405515,0.13502764296792916,0.05000894331315355,0.13377113874018112,0.04000650422774804,0.09376463451243308,0.047511382398559066,0.07751382148396457,0.63,0.042508130284685045,0.12002113874018111,35.182500000000005,0.06751382148396458,0.18002520388252363,37.78,0.05000894331315355,0.06751300845549607,75.175,0.0012508130284685046,0.03875894331315355,0.5075000000000001,0.006250813028468505,0.08501626056937009,0.0775,0.07751382148396457,0.015002439085405514,0.25381097713513784
91,80,2011-12-08,7,1,2011-2012,L. Sorocabana,Uberlândia,1,0.3453788364880761,0.10656159769008662,0.16812319538017326,0.07069404341781628,0.1545821302534488,0.06211755427227035,0.09246457598117849,0.03409702170890813,0.06703079884504332,0.5075000000000001,0.03552053256336221,0.10263808683563255,35.175,0.08406159769008663,0.17001590738958403,49.66,0.07069404341781628,0.0985410651267244,72.39750000000001,0.0025,0.03668377713613517,0.5475,0.005173510854454069,0.0962145759811785,0.060000000000000005,0.06703079884504332,0.013836755427227036,0.32796559191530317,0.45833002013108004,0.1268834038816816,0.2519251147094373,0.07952150153996117,0.14473643189272498,0.027701160805546077,0.11703527108717889,0.09621879634913551,0.05725457267383605,1.7866666666666668,0.04229446796056052,0.11226860455926875,37.303333333333335,0.12596255735471865,0.21715999270556327,59.06999999999999,0.07952150153996117,0.09556667617798602,80.85333333333334,0.024155986167521237,0.04268584673429224,0.8300000000000001,0.015412870941130084,0.08640914548642865,0.21,0.05725457267383605,0.008334877857369466,0.522912646786949
92,82,2011-12-08,7,1,2011-2012,Bauru Basket,Sesi Franca,1,0.398,0.12,0.21800000000000003,0.06000000000000001,0.15899999999999997,0.056999999999999995,0.10200000000000001,0.06300000000000001,0.051000000000000004,1.794,0.04,0.10700000000000001,37.694,0.10900000000000001,0.21199999999999997,51.974000000000004,0.06000000000000001,0.083,72.934,0.015,0.034,0.966,0.009,0.08199999999999999,0.10400000000000001,0.051000000000000004,0.008,0.41899999999999993,0.399,0.10499999999999998,0.202,0.092,0.157,0.047,0.10999999999999999,0.079,0.081,1.058,0.034999999999999996,0.08600000000000001,39.626,0.101,0.22799999999999998,44.379999999999995,0.092,0.11400000000000002,82.536,0.004,0.034999999999999996,0.48,0.005,0.10200000000000001,0.052000000000000005,0.081,0.01,0.39399999999999996
54,86,2011-12-08,7,1,2011-2012,Espírito Santo,Pinheiros,0,0.3140487817081103,0.1206861793499108,0.1329110032632322,0.06045159909496729,0.13723913321436712,0.04444964782664288,0.09278948538772425,0.03800910591884725,0.07623327940939388,0.504,0.04022872644997026,0.11290579988103377,35.514,0.0664555016316161,0.17513127421713,38.224000000000004,0.06045159909496729,0.07889929565328575,76.568,0.0010006504227748037,0.035451599094967284,0.4680000000000001,0.00855620597833036,0.09112411956660718,0.092,0.07623327940939388,0.013779729046102187,0.2572710039303325,0.4721217121712171,0.14700270027002701,0.24667186718671869,0.07844714471447145,0.1518926892689269,0.03922322232223222,0.11266946694669469,0.08833493349334934,0.06500160016001601,1.408,0.049000900090009,0.10966866686668668,44.564,0.12333593359335934,0.20889318931893192,59.01800000000001,0.07844714471447145,0.10200330033003299,77.228,0.022555755575557553,0.05111201120112011,0.812,0.015889188918891888,0.08977947794779477,0.168,0.06500160016001601,0.01488898889888989,0.5445677567756776
108,91,2011-12-08,7,1,2011-2012,Coop/São José Basketball,Tijuca,1,0.39367972518921746,0.1353350497106853,0.18309410458842276,0.07525057089010936,0.1504482071214693,0.03510817833002548,0.11534002879144381,0.08530876290916319,0.07017863752312299,1.2225000000000001,0.0451116832368951,0.11905581456138543,36.917500000000004,0.09154705229421138,0.1717753978487601,53.0675,0.07525057089010936,0.09283126652426976,81.82,0.0037757302424302657,0.04517134942983782,0.6599999999999999,0.02005496539173015,0.07645962512585767,0.2675,0.07017863752312299,0.012520751161671772,0.4527312000050955,0.3633663531452205,0.08750900540324195,0.19335334534053764,0.08250400240144086,0.12918217597225,0.04000500300180108,0.08917717297044893,0.058340337535854846,0.07583883663531453,0.82,0.02916966846774732,0.09834383963711561,29.733333333333334,0.09667667267026882,0.19085484624107796,50.67166666666666,0.08250400240144086,0.10583833633513441,78.44666666666667,0.006667166966846775,0.030001500900540323,0.39999999999999997,0.012501500900540327,0.08834133813621504,0.15,0.07583883663531453,0.011667166966846776,0.3308663531452205
97,79,2011-12-08,7,1,2011-2012,Brasília,Araraquara,1,0.4489948399267602,0.12197447705709372,0.24926527215224992,0.07775509071741663,0.1414132497364479,0.03387754535870832,0.10753570437773956,0.07898723852854686,0.07520662486822394,1.0399999999999998,0.040658159019031234,0.11230355656660933,36.016,0.12463263607612496,0.19540048826499473,64.148,0.07775509071741663,0.0881938633967708,87.69399999999999,0.004,0.04242601120790101,0.5860000000000001,0.013219386339677078,0.10241324973644787,0.124,0.07520662486822394,0.01832907950951562,0.49698207845530706,0.3970152207001522,0.09922070015220699,0.2286768138001015,0.06911770674784372,0.11736783358701167,0.029147133434804674,0.08822070015220701,0.062132420091324206,0.06316184677828514,0.986,0.03307356671740234,0.0953089802130898,33.15,0.11433840690005075,0.22072095383054288,51.89200000000001,0.06911770674784372,0.09014713343480467,76.868,0.0050294266869609335,0.03610299340436327,0.584,0.009029426686960934,0.1061765601217656,0.096,0.06316184677828514,0.015058853373921868,0.3688386605783866
65,88,2011-12-08,7,1,2011-2012,Joinville,Flamengo,0,0.3403494180492759,0.083830501257436,0.18361803807782973,0.07290087871401012,0.11418026717718109,0.03390147908039025,0.08027878809679084,0.052523345947173554,0.08428349510003995,0.76,0.027943500419145333,0.08931096474814766,31.702499999999997,0.09180901903891486,0.1801335303031443,52.4225,0.07290087871401012,0.1016282410190352,77.2375,0.008677989831693812,0.04013140582316521,0.5925,0.004755818765561441,0.11213626596853933,0.037500000000000006,0.08428349510003995,0.019839797824628178,0.2892374227640604,0.4438177139725028,0.13310421623931676,0.24965252019329395,0.06106097753989214,0.1583041295857129,0.027730120659212137,0.13057400892650076,0.09202915536158718,0.06114496098625637,1.7316666666666667,0.04436807207977225,0.09509667379381927,42.02166666666667,0.12482626009664698,0.19952475095365663,62.44833333333333,0.06106097753989214,0.0768107796712955,75.89333333333333,0.008100832474409693,0.03959392084107528,0.7283333333333334,0.006683501683501684,0.07846084377554847,0.09000000000000001,0.06114496098625637,0.014694218959100523,0.5381065657556634
96,93,2011-12-08,7,1,2011-2012,Minas,Limeira,1,0.3590805926815838,0.0870138158882715,0.22205986884917656,0.050006907944135745,0.15604029634079192,0.05401957250838465,0.10202072383240726,0.060009210592181006,0.06601611853631675,0.9620000000000001,0.029004605296090502,0.0910230264804525,31.458,0.11102993442458828,0.21906447414526706,51.294,0.050006907944135745,0.069009210592181,74.762,0.003,0.04300921059218101,0.672,0.019005756620113133,0.0990172698603394,0.192,0.06601611853631675,0.01,0.38207368473744807,0.445,0.17500000000000002,0.19333333333333336,0.07666666666666666,0.13333333333333333,0.025000000000000005,0.10833333333333334,0.065,0.04833333333333334,1.4066666666666665,0.05833333333333333,0.12333333333333334,47.55666666666667,0.09666666666666668,0.19166666666666668,51.223333333333336,0.07666666666666666,0.09333333333333334,84.81,0.008333333333333333,0.065,1.4466666666666665,0.011666666666666667,0.08,0.17333333333333334,0.04833333333333334,0.016666666666666666,0.49499999999999994
78,81,2011-12-10,8,1,2011-2012,Espírito Santo,Paulistano,0,0.30670731809009194,0.10557181612492567,0.13575916938602686,0.0653763325791394,0.13436594434530594,0.04204137318886906,0.09232457115643687,0.03584092159903938,0.08352773284116156,0.455,0.03519060537497522,0.10408816656752813,32.373333333333335,0.06787958469301343,0.17010939518094167,40.473333333333336,0.0653763325791394,0.08658274637773812,75.80666666666666,0.0016672086856456697,0.038709665912472734,0.46666666666666673,0.007130171648608633,0.09843676630550598,0.07666666666666666,0.08352773284116156,0.01648310753841849,0.2468925032752771,0.42772808611264884,0.08778590914527638,0.26224550092315374,0.07769667604421872,0.15700362984134938,0.04174726284893839,0.11525636699241099,0.05683344574965684,0.07605921716132989,0.8899999999999998,0.029261969715092123,0.08854643397471225,32.695,0.13112275046157687,0.2170967052944617,60.5,0.07769667604421872,0.09606249374947433,80.24833333333332,0.007519444344188813,0.035069454387781286,0.5516666666666666,0.012529896961228542,0.11441686073744502,0.11,0.07605921716132989,0.01591749458726836,0.44948105909357433
84,86,2011-12-10,8,1,2011-2012,Bauru Basket,Uberlândia,0,0.4083333333333334,0.1175,0.22666666666666668,0.06416666666666668,0.16,0.059166666666666666,0.10083333333333333,0.07,0.049999999999999996,1.8833333333333335,0.03916666666666667,0.10583333333333333,37.245,0.11333333333333334,0.21583333333333332,52.88666666666666,0.06416666666666668,0.08750000000000001,73.65666666666667,0.013333333333333334,0.03833333333333334,1.0266666666666666,0.010833333333333334,0.085,0.12,0.049999999999999996,0.009166666666666667,0.445,0.4499971601123543,0.11947148904144135,0.2559358126080891,0.07458985846282386,0.14191694162233567,0.02802956640475378,0.1138873752175819,0.091758968299259,0.05693249086328805,1.7,0.03982382968048045,0.11194451819365893,35.221428571428575,0.12796790630404456,0.21899427946191136,59.32714285714285,0.07458985846282386,0.08977143672398802,80.99142857142859,0.02570513100073249,0.04015929720082192,0.7757142857142858,0.0153538893781115,0.0904935532740817,0.1985714285714286,0.05693249086328805,0.010001323877745258,0.5039251258173849
70,80,2011-12-10,8,1,2011-2012,L. Sorocabana,Sesi Franca,0,0.3674945713449854,0.11831872398832544,0.17257852423679718,0.07659732311986281,0.1547309412004542,0.05370246109493824,0.10102848010551599,0.03429234830208992,0.06665199652668101,0.514,0.039439574662775145,0.10415676669267679,38.14,0.08628926211839859,0.17709900710216725,48.995999999999995,0.07659732311986281,0.10388546258339175,73.918,0.004004208838560978,0.034357543805310586,0.514,0.004138808683563255,0.09801585358983307,0.048,0.06665199652668101,0.013073613180342608,0.3455471403325231,0.4008333333333334,0.09999999999999998,0.20666666666666667,0.09416666666666668,0.1475,0.045000000000000005,0.1025,0.0775,0.07666666666666667,1.0933333333333335,0.03333333333333333,0.08416666666666667,38.57666666666666,0.10333333333333333,0.2225,46.81166666666667,0.09416666666666668,0.11750000000000001,81.74333333333334,0.0033333333333333335,0.03333333333333333,0.47500000000000003,0.005,0.10166666666666667,0.051666666666666666,0.07666666666666667,0.008333333333333333,0.3941666666666666
83,72,2011-12-10,8,1,2011-2012,Minas,Araraquara,1,0.3704240385805931,0.08363498376302937,0.2191618669775767,0.06762718783998706,0.15376365073263992,0.05169039273733574,0.10207325799530416,0.058906451911726665,0.06465377323336,0.9550000000000001,0.02787832792100979,0.08920068669440749,30.845,0.10958093348878835,0.21295788121671774,52.095,0.06762718783998706,0.09087808706189353,75.265,0.0039831294030404155,0.043998220543539794,0.7016666666666667,0.018804389322841775,0.10253663849132844,0.18499999999999997,0.06465377323336,0.008333333333333333,0.3932927721347477,0.3966793505834602,0.10768391679350582,0.22223067816675124,0.0667647556232031,0.11613986132250971,0.027622611195670558,0.08851725012683918,0.06177701674277017,0.06763487231523761,0.9333333333333332,0.035894638931168614,0.09442415017757483,36.885,0.11111533908337562,0.22393412819211908,49.84,0.0667647556232031,0.09012261119567055,74.24166666666666,0.005024522239134111,0.03591916117030273,0.5516666666666666,0.0075245222391341115,0.10681380010147133,0.08,0.06763487231523761,0.015882377811601556,0.35569888381532216
98,101,2011-12-10,8,1,2011-2012,Coop/São José Basketball,Flamengo,0,0.4238147478933095,0.1475825558975805,0.18276560625138338,0.09346658574434555,0.15060050118104643,0.036151058793052644,0.11444944238799375,0.09848894581120152,0.06521549066365968,1.6440000000000001,0.0491941852991935,0.12649465164910834,37.922000000000004,0.09138280312569169,0.16967838279513708,53.70399999999999,0.09346658574434555,0.11257146483231903,82.824,0.005036713226202277,0.04420159567290251,0.706,0.020076230377900246,0.08435318397165388,0.248,0.06521549066365968,0.01102466544546645,0.49726560516536666,0.44327232626214524,0.13551789963370006,0.24255930302282339,0.06519512360562184,0.1578321110734682,0.028054389136467545,0.12977772193700063,0.09316784745278901,0.05812425227393403,1.8414285714285714,0.04517263321123336,0.09508286325184509,43.537142857142854,0.12127965151141169,0.19673550081741994,61.464285714285715,0.06519512360562184,0.08226638257539613,76.23142857142857,0.007657856406636879,0.03608050357806452,0.6785714285714286,0.006443001443001443,0.08582358037904154,0.08285714285714287,0.05812425227393403,0.014023616250657591,0.5362341992191401
74,72,2011-12-10,8,1,2011-2012,Joinville,Tijuca,1,0.33890520069608326,0.09781470850902382,0.1694446559645188,0.0716458362225406,0.1128694289938974,0.035321265265132205,0.07754816372876519,0.04816873825835385,0.07460186783074947,0.78,0.03260490283634128,0.09297398705067064,34.885999999999996,0.0847223279822594,0.17690715224579548,48.814,0.0716458362225406,0.10487782856758568,73.094,0.00796740211545755,0.03723017590904467,0.616,0.0048296652625516535,0.11533426902739399,0.038000000000000006,0.07460186783074947,0.018946869010010046,0.28161544046627085,0.3764568741244747,0.08786486177420738,0.20287429600617513,0.08571771634409217,0.13287043654764288,0.04357571685868664,0.08929471968895622,0.06143457503073273,0.07357614568741244,0.8928571428571429,0.029288287258069128,0.09643757683181338,30.527142857142856,0.10143714800308756,0.20001843963520965,50.715714285714284,0.08571771634409217,0.10929000257297236,78.77857142857144,0.007857571685868665,0.02857271505760599,0.39,0.011429857914748851,0.09357828983104147,0.13428571428571429,0.07357614568741244,0.010714714543011523,0.3478854455530462
82,76,2011-12-10,8,1,2011-2012,Brasília,Limeira,1,0.4549956999389668,0.11664539754757809,0.25605439346020825,0.08229590893118052,0.15534437478037325,0.03989795446559027,0.11544642031478297,0.08165603210712237,0.07433885405685328,1.0933333333333333,0.03888179918252603,0.11525296380550777,33.85999999999999,0.12802719673010413,0.2011670735541623,63.96333333333334,0.08229590893118052,0.094328219497309,87.07833333333333,0.0075,0.04202167600658418,0.5833333333333334,0.014349488616397565,0.09867770811370656,0.145,0.07433885405685328,0.01777423292459635,0.5124850653794225,0.4370833333333333,0.17458333333333334,0.17611111111111113,0.08638888888888888,0.13111111111111112,0.02430555555555556,0.10680555555555556,0.06763888888888889,0.050694444444444445,1.3824999999999998,0.05819444444444444,0.12361111111111112,47.275000000000006,0.08805555555555557,0.1815277777777778,48.712500000000006,0.08638888888888888,0.10555555555555557,83.92,0.007361111111111112,0.05319444444444445,1.1624999999999999,0.010972222222222223,0.09222222222222222,0.14750000000000002,0.050694444444444445,0.014722222222222222,0.47124999999999995
73,77,2011-12-12,6,1,2011-2012,Limeira,Pinheiros,0,0.4256666666666667,0.1756666666666667,0.16688888888888892,0.08311111111111111,0.1348888888888889,0.02944444444444445,0.10544444444444445,0.0621111111111111,0.05555555555555556,1.212,0.05855555555555555,0.12788888888888889,46.096000000000004,0.08344444444444446,0.17922222222222223,46.61800000000001,0.08311111111111111,0.10344444444444445,81.872,0.00588888888888889,0.04955555555555556,1.0239999999999998,0.01177777777777778,0.09777777777777777,0.14400000000000002,0.05555555555555556,0.012777777777777777,0.44299999999999995,0.46510142680934763,0.14250225022502253,0.23222655598893224,0.09037262059539287,0.1465772410574391,0.03685268526852685,0.10972455578891223,0.08194577791112445,0.06416800013334667,1.3116666666666668,0.0475007500750075,0.10972388905557223,43.196666666666665,0.11611327799446612,0.1965776577657766,59.05833333333334,0.09037262059539287,0.11416941694169418,78.64166666666667,0.02046312964629796,0.0575933426676001,0.9266666666666667,0.01574099076574324,0.09398289828982898,0.16166666666666668,0.06416800013334667,0.016574157415741576,0.5363064639797314
87,78,2011-12-13,1,1,2011-2012,Coop/São José Basketball,Brasília,1,0.4350913604560594,0.14806068892501484,0.1907533512476005,0.0962773202834441,0.15224732503970517,0.03681260917475216,0.115434715864953,0.10046262033915739,0.0660480142023309,1.6316666666666668,0.04935356297500495,0.12380070853741308,39.17666666666667,0.09537667562380026,0.1773398091330255,53.66833333333333,0.0962773202834441,0.11386973456855741,84.29833333333333,0.004197261021835231,0.041013867340257276,0.6483333333333333,0.020073555405187685,0.08701113709439896,0.24,0.0660480142023309,0.011694743772258485,0.5088380210212894,0.44856774280482875,0.11283891218363837,0.24518948010874994,0.09053935051244046,0.15815232124031992,0.04062681811336309,0.11752550312695684,0.07927659894896204,0.0737190177630171,1.0699999999999998,0.037612970727879454,0.11307396897614952,33.308571428571426,0.12259474005437497,0.19814320590356768,61.96857142857143,0.09053935051244046,0.10299561671197914,87.54142857142857,0.007142857142857143,0.042447150862786436,0.5914285714285714,0.01515670452834077,0.10029517838317704,0.15,0.0737190177630171,0.0173779139353683,0.5064157703252193
81,70,2011-12-13,1,1,2011-2012,Joinville,Minas,1,0.3455652425078461,0.09431176558972683,0.1787491049004617,0.07250437201765748,0.12136347562584494,0.03882069395345084,0.08254278167239408,0.04696701974802748,0.06984792829161542,0.7983333333333333,0.03143725519657561,0.09795753614042337,32.54333333333333,0.08937455245023085,0.184114551234934,49.205000000000005,0.07250437201765748,0.10190430010504486,75.61833333333333,0.007492802329472868,0.03699825055701159,0.6433333333333334,0.005731322185309531,0.11403120275458477,0.04833333333333334,0.06984792829161542,0.017495658641524855,0.2961171745164859,0.3767920330690798,0.08668712893973947,0.22642445740935147,0.0636804467199889,0.15322598634226278,0.05002033663200206,0.10320564971026071,0.06120553021005143,0.061846091342879994,1.0571428571428572,0.02889570964657982,0.08931487430949213,31.994285714285713,0.11321222870467573,0.21539246961432948,53.03857142857142,0.0636804467199889,0.08432407462448017,77.21142857142857,0.0041283966311774995,0.039855617608748395,0.6485714285714286,0.01683233370529295,0.10003140442113866,0.16714285714285712,0.061846091342879994,0.009285714285714286,0.40282237611549804
70,68,2011-12-15,9,1,2011-2012,Pinheiros,Brasília,1,0.45372720188164,0.14145463750737672,0.21764600561611677,0.09462655875814652,0.14566266648120202,0.037309453455626265,0.10835321302557577,0.08168211323188461,0.06286811954930518,1.3314285714285714,0.04715154583579223,0.1090678212287526,43.14857142857143,0.10882300280805839,0.19209606496140408,56.24857142857143,0.09462655875814652,0.11716935183595242,80.10571428571428,0.018255005100009374,0.05508715979768906,0.8985714285714287,0.017068176243692668,0.09343000436285358,0.17857142857142858,0.06286811954930518,0.01706713939765155,0.5226270674626912,0.44124677495422515,0.10998404816068356,0.2420407950951562,0.0892219316983854,0.15775828108527992,0.0430484658491927,0.11470981523608723,0.07374202408034179,0.07200414054263996,1.0087499999999998,0.036661349386894526,0.11456472285413083,32.144999999999996,0.1210203975475781,0.2027503051656217,60.073750000000004,0.0892219316983854,0.10074616462298175,88.36375,0.0062499999999999995,0.04026625700493813,0.57,0.013262116462298175,0.10463328108527992,0.13125,0.07200414054263996,0.01645567469344726,0.4831137990345669
76,64,2011-12-15,9,1,2011-2012,Tijuca,Espírito Santo,1,0.37439976485891535,0.08250675405243146,0.20626500900540323,0.08562800180108064,0.1318866319791875,0.04062875225135081,0.0912578797278367,0.05875525315189113,0.0731291274764859,0.8525,0.02750225135081049,0.09188287972783671,29.83625,0.10313250450270162,0.20126613468080845,51.22125,0.08562800180108064,0.10875375225135081,79.05000000000001,0.006875375225135081,0.02937612567540524,0.40375,0.010626125675405246,0.09375600360216128,0.12375,0.0731291274764859,0.011250375225135082,0.3462747648589154,0.3186062726486502,0.10977584239279344,0.14207928804516587,0.06675114221069092,0.13159938086740508,0.04032117701903063,0.09127820384837446,0.042149361370605175,0.07945234243528135,0.5971428571428571,0.036591947464264474,0.10564699991502412,33.33857142857143,0.07103964402258293,0.17009376729794998,42.25428571428571,0.06675114221069092,0.0884994968952041,75.69142857142856,0.0021433217305534312,0.03889399935354806,0.5042857142857143,0.008254432841664543,0.10366008540471941,0.08142857142857142,0.07945234243528135,0.014842663604358706,0.27019357423595175
91,87,2011-12-15,9,1,2011-2012,Sesi Franca,Joinville,1,0.40071428571428575,0.09857142857142855,0.21142857142857144,0.09071428571428572,0.14285714285714285,0.04071428571428572,0.10214285714285713,0.07142857142857142,0.07785714285714286,0.9957142857142858,0.032857142857142856,0.08285714285714285,38.779999999999994,0.10571428571428572,0.215,50.20857142857143,0.09071428571428572,0.1142857142857143,80.59142857142858,0.005714285714285714,0.03071428571428571,0.4328571428571429,0.0064285714285714285,0.105,0.06142857142857143,0.07785714285714286,0.011428571428571429,0.3914285714285714,0.3549012375484692,0.09605781206392171,0.17930349993323433,0.07953992555131309,0.1272169308703903,0.0412468193070395,0.08597011156335077,0.05040354939441316,0.06566742647630115,0.9342857142857143,0.032019270687973896,0.09700859312963932,33.449999999999996,0.08965174996661716,0.18535189734793972,48.94285714285714,0.07953992555131309,0.10836347244625366,76.63857142857144,0.008596567117284721,0.034611673019182485,0.6228571428571429,0.004912561873122455,0.11658379531097988,0.04142857142857143,0.06566742647630115,0.015721000542457297,0.31686550951134784
88,83,2011-12-15,9,1,2011-2012,Paulistano,Minas,1,0.42816440552082735,0.08436215116092258,0.25669165956153167,0.08711059479837312,0.15356846940413274,0.04034191124586146,0.11322655815827128,0.054032682342367744,0.07658997243378272,0.8299999999999998,0.028120717053640856,0.0872933011309676,31.83428571428572,0.12834582978076584,0.21267439160856233,60.42857142857143,0.08711059479837312,0.10893078171285885,79.80428571428571,0.007964752372514216,0.03689734696682679,0.5585714285714285,0.013019183225867315,0.11478625291311471,0.1142857142857143,0.07658997243378272,0.016682595515506205,0.4437707822066302,0.37344302893544484,0.08147623782227204,0.22437140023318253,0.0675953908799903,0.14719773804947994,0.0481427945530018,0.09905494349647812,0.058554838933795,0.060990329925019994,1.01625,0.027158745940757345,0.0875255150208056,30.494999999999997,0.11218570011659126,0.2122184109125383,53.31625,0.0675953908799903,0.09003356529642015,76.69500000000001,0.0036123470522803117,0.03674866540765485,0.6012500000000001,0.015353291992131332,0.10252747886849632,0.15125,0.060990329925019994,0.01125,0.38746957910106083
97,94,2011-12-15,9,1,2011-2012,Uberlândia,Coop/São José Basketball,1,0.44749751509831004,0.1251625529112612,0.24519383603207795,0.07714112615497087,0.1404273239195437,0.027650870604159557,0.11277645331538416,0.08778909726185163,0.05544092950537704,1.65375,0.041720850970420394,0.11232645341945156,36.7975,0.12259691801603897,0.21599499452917245,57.36,0.07714112615497087,0.09292500713348952,81.19375000000001,0.024366989625640927,0.03888938505071918,0.7625000000000001,0.013434653205847562,0.09230685911482149,0.17375000000000002,0.05544092950537704,0.0100011583930271,0.49280948509021183,0.4350783089623366,0.1461948762214413,0.19064572964080043,0.09823770310009494,0.1626405643197473,0.04298223643550186,0.11965832788424544,0.09968224600499205,0.06661258360199793,1.592857142857143,0.048731625407147094,0.12611489303206835,38.17142857142857,0.09532286482040021,0.17914840782830757,53.144285714285715,0.09823770310009494,0.11545977248733492,84.82714285714285,0.005026223733001627,0.038011886291649095,0.5971428571428571,0.021491618918732303,0.09172383179519912,0.2414285714285714,0.06661258360199793,0.010024066090507272,0.5118611608753909
69,75,2011-12-15,9,1,2011-2012,Limeira,Bauru Basket,0,0.4155555555555555,0.15888888888888889,0.17574074074074075,0.08092592592592592,0.1390740740740741,0.032870370370370376,0.1062037037037037,0.06175925925925926,0.056296296296296296,1.1766666666666665,0.05296296296296296,0.12490740740740741,42.20166666666667,0.08787037037037038,0.1826851851851852,48.01500000000001,0.08092592592592592,0.0987037037037037,83.78166666666667,0.007407407407407408,0.0437962962962963,0.8949999999999999,0.01064814814814815,0.10231481481481482,0.12666666666666668,0.056296296296296296,0.010648148148148148,0.43,0.41000000000000003,0.10928571428571428,0.2285714285714286,0.07214285714285716,0.16285714285714284,0.05928571428571428,0.10357142857142856,0.0692857142857143,0.048571428571428564,1.8471428571428572,0.03642857142857143,0.11142857142857143,33.894285714285715,0.1142857142857143,0.21142857142857144,54.597142857142856,0.07214285714285716,0.095,75.37857142857142,0.013571428571428571,0.03571428571428571,0.9514285714285714,0.012142857142857144,0.09,0.12714285714285714,0.048571428571428564,0.009285714285714286,0.44642857142857145
72,78,2011-12-15,9,1,2011-2012,Araraquara,L. Sorocabana,0,0.39143944335725156,0.10087192868014785,0.2204834384286439,0.0700840762484598,0.11811988113357975,0.030105095310574766,0.08801478582300501,0.06223744292237443,0.06511560484163223,0.9857142857142857,0.03362397622671595,0.09164927158077842,35.425714285714285,0.11024171921432195,0.22408639559324492,49.38714285714286,0.0700840762484598,0.09439080959628905,74.35000000000001,0.004306733347829239,0.03364499528883091,0.53,0.007163876204972095,0.10155468580126113,0.07857142857142858,0.06511560484163223,0.016470609552801337,0.3513133289845619,0.3645788094541545,0.12109893665693787,0.16214877019733098,0.08133110259988567,0.15144245100037848,0.05475205091244853,0.09669040008792999,0.036910290251741605,0.06970999710556751,0.5266666666666667,0.04036631221897929,0.112630638910564,36.62166666666666,0.08107438509866549,0.16924917258513938,47.88166666666666,0.08133110259988567,0.10740455215282646,75.59833333333334,0.004170174032134149,0.03363128650442549,0.48666666666666664,0.00511567390296938,0.09834654465819422,0.05666666666666667,0.06970999710556751,0.010894677650285506,0.3354559502771026
76,87,2011-12-17,10,1,2011-2012,Sesi Franca,Coop/São José Basketball,0,0.4011805555555556,0.09791666666666665,0.20944444444444443,0.09381944444444444,0.14277777777777778,0.04173611111111111,0.10104166666666667,0.07083333333333333,0.07312500000000001,1.08,0.032638888888888884,0.08361111111111111,38.3075,0.10472222222222222,0.21256944444444442,50.182500000000005,0.09381944444444444,0.11833333333333335,80.36625000000001,0.005555555555555556,0.02909722222222222,0.43375,0.007291666666666667,0.10798611111111112,0.06625,0.07312500000000001,0.011111111111111112,0.3947222222222222,0.439685386995323,0.13545139328779668,0.20070395810886033,0.10353003559866601,0.16113768526486777,0.042002468227584855,0.11913521703728289,0.09851828014542136,0.06330659504777188,1.675,0.045150464429265555,0.12290199239311905,35.9,0.10035197905443016,0.18374049797839648,54.35,0.10353003559866601,0.12048206546100988,85.51374999999999,0.005025518815879385,0.03639826575270777,0.60125,0.02006031265289669,0.09092709466234958,0.22625,0.06330659504777188,0.008771057829193863,0.514401259013281
103,41,2011-12-17,10,1,2011-2012,Flamengo,Espírito Santo,1,0.4509882854793771,0.13920316217948756,0.24848939014497046,0.06329573315491911,0.15497809718928468,0.028922590494409102,0.12605550669487556,0.09839686652119038,0.058983720739692276,1.87125,0.04640105405982919,0.09507250534536445,45.33125,0.12424469507248523,0.20089356321524246,61.66125,0.06329573315491911,0.08260808475347162,74.055,0.007325624355807268,0.032820440630806455,0.6125,0.006262626262626262,0.08572063283166134,0.08000000000000002,0.058983720739692276,0.013520664219325391,0.5398299243167475,0.3187804885675689,0.11667886209369425,0.13806937703952016,0.06403224943435455,0.12577445825897945,0.0377810298916518,0.08799342836732765,0.041255691199279534,0.08452079963087118,0.55875,0.038892954031231414,0.1080661249256461,34.67125,0.06903468851976008,0.16133204638570625,43.8475,0.06403224943435455,0.0849370597833036,75.60499999999999,0.0025004065142342526,0.03840724943435456,0.47750000000000004,0.010347628736456475,0.10757757472912949,0.095,0.08452079963087118,0.017987330653813867,0.2676693774564578
120,93,2011-12-17,10,1,2011-2012,Paulistano,Brasília,1,0.42969890988577897,0.0944625279114529,0.24587647338761145,0.08935990858671461,0.1531411794973849,0.043432305473261906,0.109708874024123,0.05603735580833054,0.07765186151519551,0.8287499999999999,0.03148750930381763,0.09077102787898604,33.83375,0.12293823669380573,0.20861261518001456,58.7775,0.08935990858671461,0.11283195151626901,79.20375,0.008846035202826815,0.038541434852229696,0.5625,0.012643036573885151,0.11295048381148788,0.1125,0.07765186151519551,0.019602276081072935,0.44398011511148205,0.43008612018963027,0.11614011651604021,0.2296258422641497,0.08432016140944036,0.16027669389708438,0.0432770806546024,0.11699961324248198,0.0716739718995221,0.0734703716510375,0.9688888888888888,0.038713372172013406,0.11520004967711778,33.66555555555555,0.11481292113207485,0.19692841907236003,58.21333333333334,0.08432016140944036,0.09734824494104946,85.68888888888888,0.005555555555555555,0.03913341356719538,0.5455555555555555,0.012345412152880847,0.10525837306535203,0.12222222222222223,0.0734703716510375,0.01796845151253683,0.4684149810782768
83,76,2011-12-17,10,1,2011-2012,Uberlândia,Joinville,1,0.4516644578651645,0.12792226925445438,0.2468389653618471,0.07690322324886299,0.1398242879284833,0.02902299609258627,0.11080129183589703,0.08859030867720145,0.05539193733811292,1.6622222222222223,0.04264075641815146,0.11317906970617916,37.33888888888889,0.12341948268092355,0.21699555069259774,57.406666666666666,0.07690322324886299,0.09204445078532401,81.97666666666667,0.022770657445014157,0.03845723115619483,0.7488888888888889,0.01416413618297561,0.09316165254650799,0.17666666666666667,0.05539193733811292,0.010001029682690754,0.49805287563574385,0.3588719161882439,0.09238391888926482,0.1824461179971356,0.0840418793018434,0.12909259228936928,0.042202078004770674,0.0868905142845986,0.051325327942333736,0.06190344261120795,1.02125,0.030794639629754938,0.09210474121065663,34.076249999999995,0.0912230589985678,0.18829402129055836,48.9425,0.0840418793018434,0.11704026061269418,75.18375,0.007521996227624131,0.03417410278067356,0.655,0.0054096027500932595,0.11867748756377407,0.045000000000000005,0.06190344261120795,0.01597809769687236,0.3255906541557627
97,90,2011-12-17,10,1,2011-2012,Pinheiros,Minas,1,0.440761301646435,0.13127280781895462,0.21919025491410218,0.09029823891337821,0.1449548331710518,0.040145771773672984,0.10480906139737879,0.08084684907789903,0.06125960460564204,1.3525,0.043757602606318204,0.10730934357515852,40.386250000000004,0.10959512745705109,0.19745905684122855,55.335,0.09029823891337821,0.11502318285645836,77.5925,0.0159731294625082,0.05382626482297792,0.8987500000000002,0.015559654213231085,0.09237625381749688,0.16375,0.06125960460564204,0.015558746972945106,0.4985486840298548,0.37809046188167805,0.08910082955493298,0.21945425310721386,0.06953537921953118,0.145852190163382,0.04668501346901473,0.09916717669436725,0.06038749924205225,0.06533196463084893,0.9866666666666668,0.029700276518310992,0.08780696202401968,33.28,0.10972712655360693,0.20920751283484945,52.797777777777775,0.06953537921953118,0.09114817384987128,77.61777777777779,0.0048787258622071715,0.03544506487006765,0.5622222222222223,0.014759204462755408,0.10670121001516035,0.14222222222222222,0.06533196463084893,0.013335501409249346,0.3900025895717951
81,92,2011-12-17,10,1,2011-2012,Araraquara,Bauru Basket,0,0.3875095129375951,0.09201293759512938,0.22792300862506343,0.06757356671740233,0.12335489599188229,0.03071695839675292,0.09263793759512938,0.06445776255707762,0.0651011542364282,1.0162499999999999,0.03067097919837646,0.08894311263318111,32.783750000000005,0.11396150431253171,0.2254505961440893,50.660000000000004,0.06757356671740233,0.09259195839675291,72.86875,0.0043933916793505836,0.03506437087772704,0.55,0.010643391679350585,0.10823535007610349,0.0975,0.0651011542364282,0.01503678335870117,0.3611491628614917,0.405625,0.10874999999999999,0.2225,0.07437500000000001,0.166875,0.058124999999999996,0.10875,0.068125,0.048749999999999995,1.7662499999999999,0.036250000000000004,0.1075,35.12625,0.11125,0.211875,53.005,0.07437500000000001,0.0975,75.73875,0.011875,0.034375,0.895,0.0125,0.089375,0.13375,0.048749999999999995,0.01,0.44375
107,77,2011-12-17,10,1,2011-2012,Limeira,L. Sorocabana,1,0.40547619047619043,0.1554761904761905,0.1734920634920635,0.07650793650793651,0.13920634920634922,0.0346031746031746,0.1046031746031746,0.06365079365079365,0.053253968253968255,1.3142857142857143,0.05182539682539682,0.12420634920634921,41.53000000000001,0.08674603174603175,0.18230158730158733,47.50428571428572,0.07650793650793651,0.09531746031746031,81.33714285714287,0.007063492063492063,0.04182539682539683,0.8899999999999999,0.009841269841269843,0.10198412698412698,0.11571428571428574,0.053253968253968255,0.009126984126984126,0.42,0.36821040810356104,0.11665623142023245,0.16898466016914085,0.08256951651418772,0.15480781514318157,0.0562160436392416,0.09859177150393998,0.03592310593006424,0.0676085689476293,0.53,0.03888541047341081,0.10868340478048343,36.43142857142857,0.08449233008457042,0.17792786221583376,47.56285714285713,0.08256951651418772,0.11206104470242269,73.98285714285714,0.003574434884686413,0.03596967414665042,0.5471428571428572,0.005099149059688039,0.10215418113559505,0.054285714285714284,0.0676085689476293,0.010052580843101863,0.33967652880894506
89,87,2012-02-16,4,2,2011-2012,Sesi Franca,Pinheiros,1,0.39882716049382716,0.09870370370370368,0.20728395061728394,0.0928395061728395,0.14080246913580247,0.04154320987654321,0.09925925925925926,0.07185185185185185,0.07277777777777777,1.086666666666667,0.032901234567901234,0.08820987654320987,37.16222222222222,0.10364197530864197,0.2100617283950617,50.162222222222226,0.0928395061728395,0.11740740740740743,80.02222222222223,0.006049382716049383,0.03141975308641975,0.46444444444444444,0.00925925925925926,0.109320987654321,0.08222222222222222,0.07277777777777777,0.012098765432098766,0.3930864197530864,0.44567671257460895,0.1216869402835152,0.2326135599236464,0.0913762123674473,0.1410709628187127,0.03901846379882043,0.10205249901989226,0.08353053251368803,0.05945298187168181,1.4611111111111112,0.040562313427838406,0.10316386095569646,38.28,0.1163067799618232,0.20051916163664762,57.58222222222222,0.0913762123674473,0.11835394031685187,76.63444444444445,0.017531670633340622,0.055067790953758154,0.958888888888889,0.015497470411760965,0.09155667005999722,0.16555555555555557,0.05945298187168181,0.014385552864840093,0.5075988302487597
78,63,2012-02-16,11,2,2011-2012,Paulistano,Bauru Basket,1,0.44862125323180346,0.1006333581435137,0.24300130967787684,0.10498658541041299,0.15056993733100882,0.04360649375401058,0.10696344357699822,0.058144316274071586,0.07346832134684046,0.9455555555555554,0.033544452714504555,0.09401869144798759,34.70444444444445,0.12150065483893842,0.20987788016001294,57.80222222222223,0.10498658541041299,0.12862840134779466,80.42555555555556,0.007863142402512725,0.038703497646426395,0.6111111111111112,0.011238254732342357,0.11928931894354479,0.1,0.07346832134684046,0.01909091207206483,0.4613156578768729,0.4116666666666667,0.11499999999999999,0.2222222222222222,0.07444444444444445,0.1688888888888889,0.05722222222222222,0.11166666666666665,0.06611111111111112,0.051666666666666666,1.6444444444444444,0.03833333333333334,0.11055555555555556,35.75,0.1111111111111111,0.20833333333333334,53.90555555555556,0.07444444444444445,0.09722222222222222,76.09555555555556,0.011111111111111112,0.035,0.8544444444444445,0.013888888888888888,0.09,0.14777777777777779,0.051666666666666666,0.011111111111111112,0.4516666666666666
78,89,2012-02-23,7,2,2011-2012,Tijuca,Coop/São José Basketball,0,0.3750220132079247,0.07333933693549463,0.21556889689369177,0.08611377937873835,0.1311214506481667,0.040003335334534054,0.09111811531363262,0.05833800280168101,0.07167033553465413,0.86,0.02444644564516488,0.08722922642474375,26.52111111111111,0.10778444844684588,0.2022365641607186,53.20222222222222,0.08611377937873835,0.11167000200120072,77.67444444444445,0.007222555755675628,0.032223222822582435,0.46111111111111114,0.01000100060036022,0.09500533653525448,0.11555555555555556,0.07167033553465413,0.011111444644564518,0.352244235430147,0.4391647884402871,0.13206790514470815,0.20062574054120919,0.1064711427543698,0.16212238690210468,0.042891082868964314,0.11923130403314033,0.09701624901815231,0.06627252893135277,1.5933333333333333,0.04402263504823605,0.12257954879388361,35.15222222222222,0.10031287027060459,0.18221377598079685,54.846666666666664,0.1064711427543698,0.12209516929867546,86.71222222222221,0.004467127836337232,0.03513179178018469,0.5655555555555556,0.018942500135908168,0.09193519525542185,0.21222222222222223,0.06627252893135277,0.00946316251483899,0.5100233413451387
64,53,2012-02-23,7,2,2011-2012,Uberlândia,L. Sorocabana,1,0.4479980120786481,0.12563004232900893,0.24315506882566237,0.07921290092397669,0.14084185913563496,0.029120696483327647,0.11172116265230732,0.0862312778094813,0.056352743604301626,1.596,0.041876680776336314,0.11286116273556127,36.787,0.12157753441283119,0.21129599562333795,58.229,0.07921290092397669,0.0963400057067916,81.186,0.022493591700512742,0.03711150804057535,0.712,0.01574772256467805,0.09534548729185718,0.185,0.056352743604301626,0.01100092671442168,0.49374758807216945,0.37030910709061593,0.11519920249270339,0.16786157764799822,0.08724832694991425,0.15108183825028387,0.0573140381843364,0.09376780006594748,0.038307717688806205,0.06728249782917564,0.57,0.038399734164234464,0.109472979182923,35.68125,0.08393078882399911,0.17881187943885454,47.022499999999994,0.08724832694991425,0.11742841411461985,74.4125,0.0031276305241006116,0.03522346487831912,0.53625,0.005086755427227034,0.10375990849364566,0.0525,0.06728249782917564,0.01192100823771413,0.33659196270782693
86,80,2012-02-23,7,2,2011-2012,Limeira,Minas,1,0.42166666666666663,0.16604166666666667,0.17555555555555555,0.08006944444444444,0.13930555555555557,0.03777777777777778,0.10152777777777777,0.07069444444444445,0.05534722222222222,1.36375,0.05534722222222222,0.12743055555555555,43.005,0.08777777777777777,0.1795138888888889,48.98875,0.08006944444444444,0.09840277777777777,82.1075,0.008055555555555555,0.04034722222222223,0.8324999999999999,0.010486111111111113,0.10423611111111111,0.11750000000000002,0.05534722222222222,0.008611111111111111,0.445,0.38528141569351027,0.09069074659943968,0.22050882779649247,0.07408184129757807,0.1447669711470438,0.048016512122113254,0.09675045902493053,0.06084874931784703,0.06579876816776405,0.9810000000000001,0.030230248866479893,0.09002626582161771,33.134,0.11025441389824624,0.2067867615513645,53.733999999999995,0.07408184129757807,0.09503335646488416,78.70200000000001,0.004890853275986455,0.034400558383060886,0.542,0.01378328401647987,0.1080310890136443,0.132,0.06579876816776405,0.01250195126832441,0.39600233061461565
85,67,2012-02-23,7,2,2011-2012,Pinheiros,Espírito Santo,1,0.444609041317148,0.12751824625516367,0.23135220393128178,0.08573859113070256,0.14196386653684143,0.03761661741893839,0.10434724911790302,0.08367747926231922,0.061007683684513626,1.4280000000000002,0.04250608208505456,0.10484747486012683,39.452000000000005,0.11567610196564089,0.19696724547298286,58.491,0.08573859113070256,0.11251854628516669,74.804,0.016778503570006563,0.051561011858382334,0.89,0.01644772337058487,0.0914010030539975,0.177,0.061007683684513626,0.014946997578356084,0.5113389472238838,0.30613821206006125,0.10704787741661712,0.13717277959068458,0.06191755505275961,0.12402174067464841,0.03802758212591271,0.0859941585487357,0.03944950328824848,0.08457404411632993,0.5288888888888889,0.035682625805539034,0.10605877771168543,32.053333333333335,0.06858638979534229,0.16562848567618332,42.586666666666666,0.06191755505275961,0.08327738647404764,74.34777777777776,0.0022225835682082246,0.035806443941648496,0.4444444444444444,0.009753447765739089,0.10506895531478176,0.09111111111111111,0.08457404411632993,0.020433182803390106,0.24181722440574027
66,105,2012-02-23,7,2,2011-2012,Araraquara,Brasília,0,0.3895250157735888,0.09681331632387569,0.22485606464678,0.06785563480293313,0.12300349729192955,0.028973300626173537,0.09403019666575603,0.06675536871170433,0.06454504308195327,1.061111111111111,0.03227110544129189,0.08907657020385329,34.69666666666667,0.11242803232339,0.2226583646636919,50.58666666666667,0.06785563480293313,0.09231998866036156,73.41444444444444,0.0039052370483116296,0.03395055901382005,0.5355555555555556,0.010573684341758923,0.10678167157761906,0.09888888888888889,0.06454504308195327,0.015035367259016422,0.36776293109055674,0.43357750817066726,0.11502610486443618,0.22766325803773474,0.09088814526849633,0.16324902450737594,0.04544937258914216,0.11779965191823379,0.07100657470956988,0.07362333448593375,0.9589999999999999,0.03834203495481207,0.113680044709406,33.79899999999999,0.11383162901886737,0.19723557716512402,57.64200000000001,0.09088814526849633,0.10711342044694452,84.81199999999998,0.006500000000000001,0.03672007221047584,0.5109999999999999,0.01261087093759276,0.11273253575881684,0.11800000000000002,0.07362333448593375,0.016671606361283144,0.4685734829704491
97,83,2012-02-23,7,2,2011-2012,Flamengo,Joinville,1,0.4581006982038907,0.13706947749287782,0.2542127912399737,0.0668184294710392,0.15720275305714193,0.02793119155058587,0.12927156150655605,0.10024165912994701,0.059096640657504244,1.8766666666666667,0.04568982583095928,0.0939533380847684,45.52333333333333,0.12710639561998685,0.2002387228579933,63.35666666666667,0.0668184294710392,0.08565163089197476,75.42222222222223,0.006511666094050905,0.03250705833849463,0.6000000000000001,0.0072334455667789005,0.08341834029481007,0.09666666666666668,0.059096640657504244,0.01257392375051146,0.5559599327259979,0.36121948105621676,0.08711903901267985,0.1855076604418983,0.08859278160163858,0.1308600820349949,0.04362406933757393,0.08723601269742097,0.05006695817096332,0.058358615654407066,1.0555555555555556,0.029039679670893277,0.08742643663169479,33.62333333333333,0.09275383022094914,0.19348357448049633,48.46888888888889,0.08859278160163858,0.12125800943350594,75.7911111111111,0.007241774424554783,0.03315475802726539,0.6744444444444445,0.004808535777860675,0.11660221116779917,0.04000000000000001,0.058358615654407066,0.015313864619442098,0.329969470360678
78,55,2012-02-25,8,2,2011-2012,Paulistano,Espírito Santo,1,0.4427591279086231,0.11007002232916233,0.23570117871008917,0.09698792686937169,0.15351294359790793,0.04224584437860952,0.11126709921929838,0.061329884646664425,0.07162148921215641,1.015,0.036690007443054104,0.10111682230318883,35.173,0.11785058935504458,0.20189009214401166,58.56,0.09698792686937169,0.11976556121301521,78.63300000000001,0.007576828162261452,0.037333147881783754,0.595,0.011614429259108121,0.1178603870491903,0.10400000000000001,0.07162148921215641,0.01818182086485835,0.4661840920891856,0.30902439085405514,0.1053430896749554,0.1414555016316161,0.06222579954748364,0.12461956660718357,0.03922482391332144,0.08539474269386213,0.04000455295942363,0.08561663970469693,0.5229999999999999,0.03511436322498514,0.10545289994051688,31.848000000000003,0.07072775081580805,0.168565637108565,42.943,0.06222579954748364,0.08394964782664288,74.13499999999999,0.0025003252113874022,0.036225799547483645,0.442,0.00927810298916518,0.10706205978330359,0.08600000000000001,0.08561663970469693,0.020389864523051093,0.24813550196516626
91,89,2012-02-25,8,2,2011-2012,Tijuca,Joinville,1,0.3765198118871323,0.07350540324194517,0.2150120072043226,0.0880024014408645,0.13150930558335,0.03900300180108065,0.09250630378226934,0.05500420252151291,0.06950330198118873,0.8240000000000001,0.02450180108064839,0.08750630378226937,26.647000000000002,0.1075060036021613,0.20551290774464676,52.35,0.0880024014408645,0.11500300180108065,77.148,0.006500300180108065,0.03400090054032419,0.515,0.009500900540324198,0.10050480288172903,0.10700000000000001,0.06950330198118873,0.011500300180108065,0.35451981188713233,0.3665975329505951,0.08140713511141187,0.19895689439770847,0.08623350344147471,0.13127407383149542,0.042261662403816534,0.08901241142767888,0.05056026235386699,0.057522754088966364,1.06,0.02713571170380395,0.08518379296852532,31.798999999999996,0.09947844719885424,0.1996352170324467,49.897000000000006,0.08623350344147471,0.11963220849015535,74.402,0.009517596982099304,0.03183928222453885,0.647,0.005327682200074608,0.11544199005101925,0.046000000000000006,0.057522754088966364,0.014282478157497887,0.3409725233246102
96,80,2012-02-25,8,2,2011-2012,Uberlândia,Bauru Basket,1,0.43636182916240734,0.12920912939000814,0.2328682443869658,0.07428445538543337,0.14258350830512267,0.029655178621206955,0.11292832968391574,0.08475570709952845,0.05850249418572875,1.530909090909091,0.04306970979666938,0.11669196612323751,36.66818181818182,0.1164341221934829,0.20617817783939812,56.74818181818182,0.07428445538543337,0.09076364155162873,80.29909090909092,0.02090326518228431,0.03828318912779577,0.7045454545454546,0.01749792960425277,0.09349589753805199,0.21090909090909093,0.05850249418572875,0.010909933376746981,0.48295235279288135,0.402,0.11099999999999999,0.217,0.074,0.1675,0.05650000000000001,0.11099999999999999,0.06350000000000001,0.051000000000000004,1.569,0.037000000000000005,0.10700000000000001,35.507999999999996,0.1085,0.21150000000000002,52.057,0.074,0.0965,76.264,0.01,0.034,0.825,0.013000000000000001,0.0875,0.14100000000000001,0.051000000000000004,0.0115,0.43699999999999994
81,83,2012-02-25,8,2,2011-2012,Araraquara,Minas,0,0.38362539881161456,0.09464400392225734,0.22039930433594818,0.06858209055340905,0.11971757063965968,0.02958157953791516,0.09013599110174453,0.06659024850720055,0.06560255800452718,1.0419999999999998,0.03154800130741912,0.09268894523475,33.227000000000004,0.11019965216797409,0.21741977178706628,50.822,0.06858209055340905,0.09210241287124847,74.406,0.005017117189634312,0.03356031080474574,0.522,0.010017117189634312,0.10662033134293407,0.094,0.06560255800452718,0.014533433097217344,0.35853070849432156,0.3866194688122821,0.0933552241813088,0.21864438890590226,0.07461985572507096,0.14251542831549438,0.04683319283828478,0.09568223547720957,0.06349886301622457,0.0666352437888764,1.000909090909091,0.031118408060436264,0.09047842347419792,33.949999999999996,0.10932219445295113,0.20571523777396772,53.51090909090908,0.07461985572507096,0.09412123314989468,80.10363636363637,0.004900775705442231,0.03354596216641899,0.5227272727272728,0.014348440014981699,0.10593735364876755,0.14181818181818182,0.0666352437888764,0.013638137516658554,0.40136575510419603
79,85,2012-02-25,8,2,2011-2012,Flamengo,Coop/São José Basketball,0,0.46079062838350165,0.13236252974359003,0.26179151211597634,0.0666365865239353,0.15598247775142776,0.027638072395527284,0.12834440535590047,0.0987174932169523,0.05818697659175383,1.859,0.04412084324786335,0.09205800427629154,44.971,0.13089575605798817,0.204214850572194,63.896,0.0666365865239353,0.08758646780277729,74.07000000000001,0.006360499484645815,0.03275635250464517,0.6100000000000001,0.00751010101010101,0.08507650626532906,0.097,0.05818697659175383,0.013816531375460314,0.5618639394533981,0.4397483095962584,0.13086111463023734,0.20056316648708825,0.10832402847893281,0.1639101482118942,0.04160197458206788,0.1223081736298263,0.09731462411633708,0.06864527603821749,1.545,0.043620371543412445,0.12232159391449526,34.97,0.10028158324354412,0.1794923983827172,55.814,0.10832402847893281,0.12688565236880792,85.39399999999998,0.004520415052703508,0.03311861260216622,0.526,0.01854825012231735,0.09374167572987965,0.20500000000000002,0.06864527603821749,0.01001684626335509,0.5135210072106248
77,83,2012-02-25,8,2,2011-2012,Limeira,Brasília,0,0.4225925925925926,0.16092592592592592,0.18493827160493825,0.0767283950617284,0.14327160493827162,0.04135802469135803,0.10191358024691358,0.0728395061728395,0.05530864197530864,1.3944444444444446,0.053641975308641975,0.1232716049382716,43.16444444444445,0.09246913580246913,0.1867901234567901,49.44111111111111,0.0767283950617284,0.09413580246913579,82.24333333333334,0.00882716049382716,0.03864197530864198,0.7899999999999999,0.010987654320987656,0.10098765432098765,0.12666666666666668,0.05530864197530864,0.008209876543209878,0.45333333333333337,0.4415922011037686,0.11676568539341742,0.23497337404898525,0.08985314166136595,0.16557364735001426,0.0449313889714957,0.12064225837851858,0.07358587537120695,0.07460958132261622,0.9790909090909089,0.038921895131139146,0.11192821681656899,35.03272727272727,0.11748668702449262,0.19963256873848093,58.66454545454546,0.08985314166136595,0.10686200277785471,84.0281818181818,0.0072642574816487865,0.03744738354537894,0.5127272727272727,0.013271316888494832,0.11016340066160084,0.12909090909090912,0.07460958132261622,0.016511172355542555,0.4883135559471615
98,108,2012-02-29,9,2,2011-2012,Espírito Santo,Tijuca,0,0.3059312644127774,0.10122099061359582,0.1404140923923783,0.06429618140680331,0.1282905150974396,0.039295294466655854,0.08899522063078374,0.04045868450856693,0.0864696724588154,0.5181818181818181,0.03374033020453194,0.1054117272186517,30.684545454545457,0.07020704619618914,0.16960512464415,42.32181818181818,0.06429618140680331,0.08495422529694807,75.5290909090909,0.0027275683739885477,0.03611436322498513,0.4354545454545455,0.00979827544469562,0.10596550889391235,0.09272727272727273,0.0864696724588154,0.02035442229368281,0.2492140926956057,0.3836543744428475,0.08045945749267742,0.21364727927665692,0.08954763767351319,0.13364482325759092,0.03954818345552786,0.09409663980206305,0.05409472956501174,0.07091209271017157,0.7972727272727272,0.02681981916422581,0.09273300343842669,27.359090909090913,0.10682363963832846,0.2013753706769516,53.27272727272727,0.08954763767351319,0.11954818345552787,75.92,0.005909363800098241,0.035455364127567446,0.5218181818181818,0.00909172776393109,0.10364072989248094,0.10090909090909092,0.07091209271017157,0.011363909254643695,0.3659271017155748
99,91,2012-03-01,9,2,2011-2012,L. Sorocabana,Araraquara,1,0.3586080951916586,0.12073262443795857,0.15698806902044288,0.0808874017332571,0.15040607844469678,0.0526124783860768,0.09779360005861998,0.03960686016782774,0.06980666473704501,0.5688888888888888,0.04024420814598619,0.11508709260704267,35.53666666666666,0.07849403451022144,0.1711661150567596,45.33333333333333,0.0808874017332571,0.10882525699077321,74.47777777777777,0.002780116021422766,0.036309746558505884,0.5322222222222223,0.0045215603797573636,0.10167547421657391,0.04666666666666666,0.06980666473704501,0.013929785100190337,0.3286373001847351,0.3855685443741951,0.09558545811114305,0.2221811857599529,0.06780190050309914,0.12156142785423608,0.03007416321628651,0.09148726463794957,0.0696274986429096,0.06645687091320653,1.0681818181818181,0.03186181937038102,0.09471722294068184,32.972727272727276,0.11109059287997645,0.21401797435187844,52.26272727272727,0.06780190050309914,0.09054764806477134,74.91454545454546,0.004561015626940284,0.034145737095223394,0.5227272727272728,0.010924651990576649,0.1069275739481219,0.10181818181818182,0.06645687091320653,0.013666757361106676,0.3709370077221105
99,79,2012-03-01,9,2,2011-2012,Bauru Basket,Limeira,1,0.4018181818181819,0.11045454545454544,0.21727272727272728,0.07409090909090908,0.16181818181818183,0.0540909090909091,0.10772727272727271,0.062272727272727285,0.05090909090909091,1.517272727272727,0.03681818181818182,0.10954545454545456,34.63727272727272,0.10863636363636364,0.21090909090909093,52.20272727272727,0.07409090909090908,0.09545454545454546,77.35272727272728,0.009090909090909092,0.03363636363636364,0.8045454545454546,0.012727272727272728,0.08863636363636364,0.1372727272727273,0.05090909090909091,0.01090909090909091,0.4295454545454545,0.41883333333333334,0.16133333333333333,0.17944444444444443,0.07805555555555556,0.13944444444444445,0.03922222222222223,0.10022222222222221,0.07605555555555556,0.057277777777777775,1.395,0.05377777777777778,0.12394444444444445,43.079,0.08972222222222222,0.1806111111111111,49.697,0.07805555555555556,0.09522222222222221,82.59,0.009944444444444445,0.038277777777777786,0.7579999999999999,0.01038888888888889,0.10488888888888889,0.11800000000000002,0.057277777777777775,0.010388888888888888,0.4535
69,75,2012-03-01,9,2,2011-2012,Minas,Paulistano,0,0.3908046885165217,0.09610193795567341,0.21884507579532267,0.07585767476552557,0.14467423034183477,0.04863218115439263,0.09604204918744212,0.06478623846662691,0.06853844715734723,0.9908333333333333,0.0320339793185578,0.08820171274608495,36.67666666666667,0.10942253789766133,0.21050212585420724,52.551666666666655,0.07585767476552557,0.09592691986108766,79.8675,0.004930974221216782,0.03557502672272618,0.5333333333333334,0.0144685261540841,0.10588117066926499,0.1425,0.06853844715734723,0.0155718014955335,0.4122168544595481,0.4379628435532937,0.11370002029923847,0.23063743519099014,0.09362538806306517,0.1541026759980981,0.04067804034419047,0.11342463565390762,0.060754440587876754,0.06965589928377856,1.0227272727272725,0.037900006766412815,0.10283347482108075,35.763636363636365,0.11531871759549507,0.20080917467637424,57.54272727272728,0.09362538806306517,0.1170596011027411,77.54545454545455,0.007797116511146774,0.03893922534707614,0.640909090909091,0.011922208417371018,0.11396398822653664,0.11272727272727273,0.06965589928377856,0.018347109877143955,0.46698553826289596
102,86,2012-03-01,9,2,2011-2012,Coop/São José Basketball,Uberlândia,1,0.4384075541784167,0.13396464966385213,0.19596651498826204,0.10847638952630256,0.164463771101722,0.04145634052915262,0.12300743057256934,0.09392238556030642,0.07104116003474317,1.4618181818181817,0.04465488322128404,0.12347417628590479,35.49454545454545,0.09798325749413102,0.17544763489337925,55.790909090909096,0.10847638952630256,0.12807786578982538,84.77363636363634,0.004109468229730462,0.03374419327469656,0.5163636363636364,0.016862045565743045,0.0934015233907997,0.1863636363636364,0.07104116003474317,0.011833496603050083,0.5113827338278407,0.43999834339887345,0.1321917019408408,0.2326292240213853,0.07517741743664724,0.14403488261302913,0.030517247069439705,0.11351763554358944,0.08644273150790109,0.05779395300358469,1.5783333333333334,0.04406390064694693,0.11738430227963438,37.27916666666667,0.11631461201069265,0.2039966630194483,57.343333333333334,0.07517741743664724,0.09403333808899302,79.05583333333335,0.020827993083760616,0.03759292336714612,0.6958333333333333,0.018123102137231707,0.09153790607654766,0.22333333333333336,0.05779395300358469,0.010417438928684733,0.49437299006014124
86,75,2012-03-01,9,2,2011-2012,Brasília,Pinheiros,1,0.4393761843451212,0.11828521161063264,0.23039225954490317,0.09069871318958544,0.1634425100708464,0.04410377322387105,0.11933873684697537,0.0741203857569397,0.07422544954573153,0.9924999999999998,0.03942840387021088,0.11510086541518823,34.61333333333333,0.11519612977245158,0.19466318801027419,59.13333333333333,0.09069871318958544,0.10837350254636681,83.6925,0.007075569358178054,0.03641010158326403,0.5,0.013415373814453596,0.11056645060646743,0.12916666666666668,0.07422544954573153,0.016801907992580672,0.4867874262848981,0.44282640119740724,0.12274386023196698,0.23304745811934707,0.08703508284609324,0.1445126059425831,0.039651470380853086,0.10486113556173003,0.08243407205665383,0.06091607607683056,1.4045454545454545,0.040914620077322335,0.10349770441829712,38.3909090909091,0.11652372905967354,0.19906113224816624,58.33909090909091,0.08703508284609324,0.11456231480469699,74.73727272727274,0.0175259123363696,0.05141910168943849,0.8845454545454546,0.016770657609622607,0.09263727550363408,0.1781818181818182,0.06091607607683056,0.014951815980323711,0.5130354065671671
60,72,2012-03-03,10,2,2011-2012,Espírito Santo,Flamengo,0,0.3212703257117126,0.10653590806246284,0.14621291802634676,0.06852149962290303,0.1267663055059863,0.0389373532611012,0.08782895224488511,0.04500379413285302,0.08259719975391412,0.6733333333333332,0.03551196935415428,0.10537741661709739,32.4925,0.07310645901317338,0.17255469759047082,43.06333333333333,0.06852149962290303,0.09079137318886905,75.4175,0.0033336043428228352,0.0351881662895697,0.45166666666666666,0.008981752490970983,0.10963504981941964,0.085,0.08259719975391412,0.019074887102542577,0.2730295849709719,0.45480966216681973,0.13532957249417277,0.25435592010543306,0.06512416956721391,0.1522567979558434,0.027852793086842985,0.12440400486900041,0.09519772110632027,0.0592608878106853,1.768181818181818,0.04510985749805759,0.09278000388753777,45.88272727272727,0.12717796005271653,0.2038316823383582,62.17818181818182,0.06512416956721391,0.08553315254797936,74.32909090909091,0.005782272258768923,0.03250577500422289,0.5936363636363636,0.00773645546372819,0.08734227842302643,0.09636363636363637,0.0592608878106853,0.01301502852314574,0.5462399449576346
73,104,2012-03-03,10,2,2011-2012,Minas,Pinheiros,0,0.3872812509383277,0.09678640426677546,0.21508776227260554,0.0754070843989467,0.14316082800784746,0.048352782604054734,0.09480804540379273,0.06364883550765561,0.07018933583755128,0.9576923076923077,0.032262134755591816,0.08949388868869379,36.419230769230765,0.10754388113630277,0.20700196232696053,52.47230769230768,0.0754070843989467,0.09624023371792709,79.10846153846154,0.005320899281123183,0.035530793897901085,0.5223076923076924,0.013355562603769938,0.10389031138701384,0.13153846153846155,0.07018933583755128,0.018604739842030923,0.4089694041165059,0.43717420109762334,0.12251520521263641,0.23029350327606815,0.0843654926089188,0.1437198887807012,0.039680514515781994,0.1040393742649192,0.08014789938526602,0.060839736403761356,1.3641666666666667,0.04083840173754547,0.1057062290501057,37.755833333333335,0.11514675163803408,0.1958060378941524,58.685833333333335,0.0843654926089188,0.11334878857097225,73.09250000000002,0.017315419641672134,0.04838417654865195,0.8316666666666667,0.016206436142154057,0.09408416921166458,0.1708333333333333,0.060839736403761356,0.014955831315296736,0.5031991226865699
93,73,2012-03-03,10,2,2011-2012,Joinville,Uberlândia,1,0.3737250299550865,0.07809739555582897,0.20450626763428045,0.09112136676497701,0.1343400671195413,0.04341969309437867,0.0909203740251626,0.05141842032169727,0.05911159462633306,1.0363636363636364,0.02603246518527632,0.08243981178956848,31.38727272727272,0.10225313381714023,0.20466837912040606,49.99545454545455,0.09112136676497701,0.12330200771832303,75.59272727272727,0.009106906347363004,0.03303571111321713,0.6427272727272727,0.005297892909158734,0.11767453641001752,0.04545454545454546,0.05911159462633306,0.01434770741590717,0.3549750212041911,0.43922924006049857,0.12663849409923766,0.23319620678897104,0.07939453917228977,0.14333989164279612,0.03163130498717511,0.11170858665562103,0.08594713677652409,0.05680980277253971,1.5938461538461541,0.04221283136641255,0.11681627902735482,35.81,0.11659810339448552,0.20522768894102922,57.128461538461536,0.07939453917228977,0.09833846592830124,79.64153846153847,0.019995070538855957,0.037008852338904115,0.6938461538461538,0.016729017357444653,0.09257345176296707,0.20615384615384616,0.05680980277253971,0.010000712857247445,0.4905750677478227
74,73,2012-03-03,10,2,2011-2012,L. Sorocabana,Limeira,1,0.3674385099411818,0.11949359818051157,0.16295773449109632,0.08498717726957386,0.15342253091080854,0.05367120165617262,0.09975132925463592,0.04016043922869032,0.0727573814341603,0.5569999999999999,0.03983119939350386,0.11396119302492273,35.461,0.08147886724554816,0.17436369640048777,46.132999999999996,0.08498717726957386,0.11464551207898373,74.327,0.0038563839425740975,0.03583875745700705,0.511,0.0045208308495461634,0.10189073647350085,0.046,0.0727573814341603,0.014342512621229448,0.34227050046600876,0.41666666666666674,0.16030303030303028,0.17858585858585857,0.07777777777777778,0.13540404040404042,0.03792929292929293,0.09747474747474748,0.07414141414141415,0.05525252525252525,1.4109090909090911,0.05343434343434344,0.1226767676767677,43.29454545454546,0.08929292929292929,0.18146464646464644,49.24636363636364,0.07777777777777778,0.09429292929292928,83.10363636363637,0.009040404040404041,0.035252525252525264,0.7018181818181817,0.009444444444444446,0.10489898989898991,0.10727272727272728,0.05525252525252525,0.011262626262626264,0.4459090909090909
95,63,2012-03-03,10,2,2011-2012,Bauru Basket,Araraquara,1,0.4095977758882276,0.11500481418496472,0.2183400440154054,0.07625291768785741,0.16542264792677439,0.054585083946047795,0.11083756398072657,0.06500277180346456,0.05125160472832158,1.535,0.038334938061654916,0.11083698044315511,35.4175,0.1091700220077027,0.20875539772253626,53.0325,0.07625291768785741,0.09625306357225029,78.84333333333333,0.009166958435452408,0.032083770986511946,0.7599999999999999,0.012500291768785742,0.08875262591907168,0.13500000000000004,0.05125160472832158,0.01375131295953584,0.449602881841978,0.38714153604671586,0.09428666993521446,0.22292534620588278,0.06992951990561866,0.12106093849601272,0.029419834800114484,0.09164110369589822,0.07086224412637084,0.06758546500377265,1.0675,0.031428889978404824,0.09423152843636574,32.725,0.11146267310294139,0.213590550563296,52.517500000000005,0.06992951990561866,0.09189089961492929,75.96333333333334,0.0045513013617322975,0.03463359233728811,0.5208333333333334,0.010384634695065632,0.10912805389688951,0.09583333333333334,0.06758546500377265,0.01437971276619964,0.3763218867082309
95,88,2012-03-03,10,2,2011-2012,Coop/São José Basketball,Sesi Franca,1,0.4443735913302153,0.13280092885853112,0.20463597207257353,0.10693669039911069,0.1624251235099118,0.04050164548505656,0.12192347802485524,0.09901218676361423,0.07095439669851457,1.5241666666666667,0.04426697628617704,0.12026799492874606,36.458333333333336,0.10231798603628676,0.1783269986522643,57.09416666666667,0.10693669039911069,0.12615471030733993,84.85166666666665,0.004183679210586257,0.03384884383513851,0.515,0.017540208435264458,0.09520139644156639,0.1891666666666667,0.07095439669851457,0.012097371886129244,0.527517506008854,0.40344444444444444,0.1038333333333333,0.20455555555555555,0.09505555555555555,0.14322222222222222,0.04438888888888889,0.09883333333333333,0.07216666666666666,0.07,1.145,0.034611111111111106,0.09338888888888888,37.016999999999996,0.10227777777777777,0.21005555555555552,49.432,0.09505555555555555,0.1186666666666667,80.86600000000001,0.006944444444444445,0.03227777777777777,0.5069999999999999,0.009333333333333334,0.1073888888888889,0.08499999999999999,0.07,0.01238888888888889,0.40327777777777774
97,63,2012-03-03,10,2,2011-2012,Brasília,Paulistano,1,0.4386549393954965,0.12072481071750704,0.22805439342606448,0.08987573525192503,0.16317770160385822,0.044172713745111745,0.11900498785874648,0.07380343300640588,0.07120810727298296,1.0699999999999998,0.04024160357250235,0.11663156807555837,34.8,0.11402719671303224,0.19315063508640692,58.980000000000004,0.08987573525192503,0.10965246388895399,82.1776923076923,0.006531294792164358,0.035917016846089875,0.5276923076923077,0.013921883521034089,0.10975364671366225,0.13461538461538464,0.07120810727298296,0.015894068916228313,0.48934223964759826,0.43271593992385254,0.11422501860763527,0.2289176489250743,0.08957327239114306,0.1516774529982566,0.039788203648841274,0.11188924934941531,0.06152490387222035,0.07051790767679701,1.0108333333333333,0.03807500620254508,0.10343068525265736,35.81333333333334,0.11445882446253715,0.20032507678667635,57.23500000000001,0.08957327239114306,0.112721301010846,76.8525,0.007980690135217875,0.03819428990148646,0.6191666666666668,0.011345357715923434,0.11280032254099193,0.1075,0.07051790767679701,0.01973485072071529,0.46140341007432134
99,89,2012-03-06,3,2,2011-2012,Flamengo,Minas,1,0.44690885698625143,0.13280210811965837,0.25149292676331364,0.06261382210327941,0.15456873145952313,0.0296983936629394,0.1248703377965837,0.09184791101412691,0.05682248049312819,1.7733333333333334,0.044267369373219456,0.09254833689690962,45.300000000000004,0.12574646338165682,0.2068457088101617,60.81583333333334,0.06261382210327941,0.08298872316898108,73.43833333333333,0.005300416237204846,0.03313029375387098,0.655,0.007925084175084173,0.08506375522110755,0.1025,0.05682248049312819,0.012347109479550263,0.5369699495444983,0.38610289258924707,0.09531512833653413,0.2171388743944816,0.0736488898582313,0.14454473705389984,0.049978248500943956,0.09456648855295584,0.06454452877449428,0.06807823246795085,1.0235714285714288,0.03177170944551138,0.090357519615063,35.60357142857143,0.1085694371972408,0.20963063158781123,52.295714285714276,0.0736488898582313,0.09553357512444538,77.65928571428572,0.0053036376241067515,0.03408128778009954,0.5121428571428572,0.013852804155755837,0.10626524444780674,0.13285714285714284,0.06807823246795085,0.01727582985331443,0.40878151001043056
87,80,2012-03-07,7,2,2011-2012,Sesi Franca,Bauru Basket,1,0.40676767676767683,0.10666666666666665,0.2105050505050505,0.08959595959595959,0.14065656565656567,0.04262626262626263,0.09803030303030304,0.07651515151515151,0.07181818181818182,1.1618181818181819,0.035555555555555556,0.0948989898989899,37.37090909090909,0.10525252525252525,0.21005050505050502,50.78272727272727,0.08959595959595959,0.11151515151515155,81.46909090909092,0.006313131313131313,0.03207070707070707,0.49090909090909085,0.009393939393939394,0.10762626262626264,0.08545454545454545,0.07181818181818182,0.012626262626262626,0.41207070707070703,0.41462871620451774,0.11538905924765973,0.22231388678345115,0.07692577017340683,0.1665439827016379,0.05615546210404411,0.11038852059759376,0.06731025089550574,0.05230917359537378,1.5292307692307692,0.03846301974921992,0.1103879819475278,35.62384615384615,0.11115694339172558,0.20885113635926425,53.89846153846153,0.07692577017340683,0.09731052022053874,78.7223076923077,0.009615653940417608,0.03230809629524179,0.7430769230769231,0.011923346248109916,0.08923319315606616,0.1284615384615385,0.05230917359537378,0.013847365808802312,0.4611718909310566
90,75,2012-03-12,8,2,2011-2012,Sesi Franca,L. Sorocabana,1,0.40912037037037036,0.10652777777777776,0.21212962962962964,0.09046296296296297,0.1401851851851852,0.043240740740740746,0.09694444444444444,0.0772222222222222,0.07125,1.1741666666666668,0.03550925925925926,0.09532407407407407,37.173333333333325,0.10606481481481482,0.20712962962962958,52.02666666666667,0.09046296296296297,0.11138888888888893,82.25583333333334,0.00662037037037037,0.03189814814814815,0.4883333333333333,0.011111111111111112,0.10990740740740741,0.09666666666666666,0.07125,0.012824074074074076,0.4227314814814815,0.3676713726738017,0.12226690743682869,0.1626888495373603,0.0827156156996126,0.1576568462825532,0.05697381968742965,0.10068302659512357,0.04060039929880938,0.07205216494014573,0.5690909090909091,0.04075563581227623,0.11905563002265702,34.910909090909094,0.08134442476868015,0.17487608763680706,45.9790909090909,0.0827156156996126,0.11058682916271248,75.36181818181818,0.0035058035841582704,0.035762506779097314,0.5136363636363637,0.005018937135951058,0.10035521497590985,0.05272727272727273,0.07205216494014573,0.013947738746572225,0.34615500042364433
81,66,2012-03-13,11,2,2011-2012,Brasília,Espírito Santo,1,0.4419653008672468,0.1281730385233994,0.22533622246705987,0.08845603987678753,0.16223643720358263,0.042446091334746625,0.11979034586883601,0.0746031877916626,0.06862181389634132,1.167142857142857,0.042724346174466465,0.11901502749873276,35.885714285714286,0.11266811123352993,0.19042558972309215,59.144999999999996,0.08845603987678753,0.10932014503974298,81.07000000000001,0.006779059449866904,0.035494372785654885,0.5514285714285715,0.013998891840960223,0.11012838623411494,0.1342857142857143,0.06862181389634132,0.014758778279354862,0.49688922252991263,0.3196341468108116,0.1052639151345811,0.14804269356278163,0.06632753811344895,0.12970735892860275,0.03901909531793957,0.09068826361066318,0.04731119458417202,0.08085895361899764,0.7176923076923075,0.03508797171152703,0.10611761533885913,32.0,0.07402134678139081,0.17581972085274228,42.79153846153846,0.06632753811344895,0.08765357525126374,75.77,0.0034617886241441556,0.034404461190372035,0.4492307692307692,0.009060079222434753,0.10658619983331044,0.08923076923076924,0.08085895361899764,0.017992203479270073,0.27548884766551257
91,67,2012-03-13,12,2,2011-2012,Pinheiros,Bauru Basket,1,0.4439331385302779,0.12590629356523714,0.23354916643900017,0.08447767852604061,0.14392647369989417,0.039346571619638206,0.10457990208025597,0.08446795037079109,0.05887816105469608,1.5561538461538462,0.04196876452174571,0.10573019378453898,38.88076923076923,0.11677458321950009,0.1958894307788945,59.49692307692308,0.08447767852604061,0.1151149250037507,72.31307692307693,0.01637180776666343,0.04699237770639824,0.8338461538461538,0.016513161136314194,0.09461379506701187,0.17307692307692307,0.05887816105469608,0.0141937262346246,0.5196362723146317,0.4135838079041951,0.11357555501568405,0.2185771805846332,0.08143107230387778,0.16571941250866376,0.05857292909661239,0.10714648341205134,0.0653595186886839,0.05250137548141851,1.4721428571428572,0.03785851833856136,0.10893169752270439,35.46,0.1092885902923166,0.20857605519074537,53.01,0.08143107230387778,0.10357405449050026,78.505,0.010357392944673494,0.032857517988438806,0.7421428571428572,0.011428821516102066,0.08964510793063286,0.12285714285714289,0.05250137548141851,0.01392969682245929,0.45823104157883826
95,71,2012-03-15,11,2,2011-2012,Pinheiros,L. Sorocabana,1,0.444723628635258,0.1244129868820059,0.23758136883621445,0.08272927291703772,0.1450745827213303,0.03903610221823548,0.10603848050309483,0.08486309677287744,0.05895829240793208,1.5521428571428573,0.041470995627335305,0.10353517994278619,39.43714285714286,0.11879068441810722,0.19868304286611632,59.65428571428572,0.08272927291703772,0.11439243036062564,71.22928571428572,0.016273821497616043,0.04649292215594123,0.8221428571428572,0.01604793534086318,0.09356995256222532,0.16999999999999998,0.05895829240793208,0.013894174360722844,0.523590824292158,0.3682820916176515,0.11957799848375965,0.16329811207591358,0.08540598105797821,0.1545187757590071,0.056392668046810514,0.09812610771219661,0.040967032690575264,0.07313115119513358,0.5658333333333333,0.039859332827919876,0.12038432752076894,33.85333333333333,0.08164905603795679,0.1744697470004065,46.314166666666665,0.08540598105797821,0.11303792673248643,75.92666666666666,0.004880319952145082,0.03819896454750587,0.5341666666666667,0.005434025707955137,0.0999089470612507,0.057499999999999996,0.07313115119513358,0.01320209385102454,0.3460587503883406
91,80,2012-03-15,11,2,2011-2012,Sesi Franca,Flamengo,1,0.41226495726495727,0.10525641025641025,0.2165811965811966,0.09042735042735044,0.14324786324786326,0.04337606837606838,0.09987179487179487,0.07935897435897435,0.075,1.1515384615384616,0.03508547008547009,0.09299145299145299,37.86384615384615,0.1082905982905983,0.2081196581196581,52.744615384615386,0.09042735042735044,0.10974358974358979,83.62076923076924,0.00688034188034188,0.034444444444444444,0.4923076923076923,0.011025641025641027,0.11029914529914531,0.09615384615384616,0.075,0.014145299145299146,0.4363675213675213,0.45060817567961675,0.1329711767258385,0.2529165477815203,0.06472045117225791,0.15267882903955982,0.029721594150405598,0.1229572348891542,0.09285961016688637,0.05783613583981065,1.7523076923076923,0.0443237255752795,0.09273692636637812,45.45923076923077,0.12645827389076014,0.20670373120938004,61.20307692307693,0.06472045117225791,0.08545112907905947,73.80923076923077,0.005277307295881397,0.03442796346511167,0.6592307692307693,0.008853923853923853,0.08544346635794545,0.11153846153846153,0.05783613583981065,0.013320408750354088,0.54451072265646
73,72,2012-03-15,12,2,2011-2012,Minas,Espírito Santo,1,0.3900293664166306,0.09496078644743186,0.2186629494348495,0.07640563053434922,0.1429084212503065,0.04897969860088103,0.09392872264942545,0.06457489352286133,0.06687301697008746,1.0420000000000003,0.03165359548247729,0.09000035164072547,35.58266666666667,0.10933147471742476,0.21065525614862382,52.36466666666666,0.07640563053434922,0.09783133678281569,78.37933333333334,0.005283395115832968,0.033809201928092905,0.518,0.01392928387870545,0.10618089481795297,0.13333333333333333,0.06687301697008746,0.016124107863093467,0.41252940934306853,0.3203745648957536,0.10524506405353959,0.15032535830829724,0.06480414253391689,0.13044254757655968,0.039089159938086745,0.09135338763847296,0.0467889663995883,0.07972617121764067,0.7107142857142855,0.03508168801784652,0.1074663571003692,31.714285714285715,0.07516267915414862,0.1771897407918321,43.03142857142857,0.06480414253391689,0.08567831987617348,75.715,0.0032145180081338586,0.034804142533916886,0.4614285714285714,0.00912721642083227,0.10647289984521684,0.09000000000000001,0.07972617121764067,0.017064188945036494,0.277596787117976
88,66,2012-03-15,11,2,2011-2012,Uberlândia,Tijuca,1,0.43392715148474864,0.12723574452072067,0.22868219201833023,0.07800921494569765,0.14381561366831067,0.03330049748809118,0.11051511618021952,0.0826651984353438,0.05810910257450116,1.517857142857143,0.04241191484024023,0.11561511623968664,36.46642857142857,0.11434109600916512,0.20378285401666998,56.33,0.07800921494569765,0.09845714693342258,78.23857142857143,0.018923994071794816,0.035436791457553816,0.6585714285714285,0.015891230403341464,0.09274677663704085,0.195,0.05810910257450116,0.010357804796015486,0.4812482771944068,0.3966831765726102,0.08125450270162098,0.22084333933693548,0.09458533453405375,0.13417442131945834,0.038335834834233876,0.09583858648522446,0.053753502101260765,0.06958608498432393,0.8066666666666666,0.027084834233873662,0.09000525315189113,29.245833333333337,0.11042166966846774,0.2012607564538723,55.083333333333336,0.09458533453405375,0.1254191681675672,76.1725,0.005833583483423388,0.03500075045027016,0.5241666666666667,0.00916741711693683,0.10542066906810753,0.09916666666666668,0.06958608498432393,0.011250250150090055,0.3891831765726102
78,85,2012-03-15,11,2,2011-2012,Limeira,Joinville,0,0.4123611111111112,0.15819444444444444,0.17787037037037035,0.07629629629629629,0.1316203703703704,0.036018518518518526,0.09560185185185184,0.06921296296296296,0.05606481481481481,1.3125000000000002,0.05273148148148149,0.12245370370370372,42.81166666666667,0.08893518518518517,0.17967592592592593,49.57,0.07629629629629629,0.09143518518518517,84.51166666666667,0.008287037037037037,0.03273148148148149,0.6499999999999999,0.009074074074074076,0.10365740740740742,0.10333333333333335,0.05606481481481481,0.011990740740740741,0.43250000000000005,0.3813312774588293,0.0753392792595099,0.21746407866475706,0.08852791953456225,0.13522839485957952,0.04313471866984711,0.0920936761897324,0.05255021862822249,0.056268961740805305,1.1666666666666667,0.025113093086503294,0.08348649414043778,30.087499999999995,0.10873203933237853,0.2088626808603722,51.71166666666667,0.08852791953456225,0.12136017374179613,74.29333333333334,0.010014664151749422,0.034032735187115706,0.7391666666666667,0.005273068500062174,0.11536832504251605,0.04666666666666667,0.056268961740805305,0.013568731797914907,0.3712271027705085
80,82,2012-03-15,11,2,2011-2012,Araraquara,Coop/São José Basketball,0,0.38159218712004545,0.09049538763250566,0.2188541657285072,0.0722426337590326,0.11828702015016558,0.02946446289241337,0.08882255725775219,0.06848822534741923,0.06661735231117474,1.0415384615384615,0.03016512921083522,0.08929064163356838,34.05384615384616,0.1094270828642536,0.2133143543661194,51.59153846153846,0.0722426337590326,0.09289929195224242,77.44615384615385,0.0049704320262144285,0.034661777542112096,0.53,0.00997043202621443,0.10765666513559033,0.09307692307692308,0.06661735231117474,0.01481204255341505,0.37083558773067465,0.4467294689201987,0.13297008817710565,0.20581782037468327,0.10794156036840988,0.15839242170145706,0.039693826601590675,0.11869859509986638,0.09947278778179774,0.06972713541401346,1.5538461538461539,0.044323362725701886,0.1183243030111502,37.29769230769231,0.10290891018734163,0.17884030644824397,57.27615384615386,0.10794156036840988,0.12721973259139072,84.91769230769229,0.004631088502079621,0.03509124046320478,0.5453846153846154,0.01696019240178258,0.09287821209990743,0.18615384615384617,0.06972713541401346,0.011936035587196227,0.5315546209312498
88,106,2012-03-17,12,2,2011-2012,Araraquara,Joinville,0,0.3829184640418715,0.09260628988787548,0.22180058543480285,0.06851158871919318,0.1162690911684225,0.028074429943001,0.08819466122542145,0.07074192468020375,0.06686097080355383,1.0692857142857142,0.030868763295958494,0.09041573986022226,34.34285714285715,0.11090029271740143,0.21165447408369406,52.79357142857143,0.06851158871919318,0.0894792001844309,75.08857142857143,0.004972686938650549,0.03647336554652135,0.5535714285714286,0.009615544081507693,0.10818447608357408,0.0892857142857143,0.06686097080355383,0.015183182599691156,0.37864676552353593,0.3846904099619962,0.07992856547031682,0.21227453415208344,0.09248731033959594,0.13790313371653495,0.041739740310628104,0.09616339340590682,0.056200201810666914,0.05655596468382028,1.2053846153846153,0.02664285515677227,0.08514137920655794,31.069999999999997,0.10613726707604172,0.2043347823326513,51.580000000000005,0.09248731033959594,0.1258709296078118,74.56153846153846,0.00924430537084562,0.03218406324964527,0.6953846153846155,0.005252063230826622,0.1153399923469379,0.04615384615384616,0.05655596468382028,0.014832675505767605,0.38459424871123865
94,82,2012-03-17,12,2,2011-2012,Sesi Franca,Tijuca,1,0.41531746031746036,0.10630952380952381,0.21825396825396823,0.09075396825396827,0.14873015873015874,0.04563492063492064,0.1030952380952381,0.0826190476190476,0.0725,1.292857142857143,0.03543650793650794,0.09420634920634921,37.756428571428565,0.10912698412698411,0.21146825396825394,52.33857142857143,0.09075396825396827,0.11047619047619052,83.30285714285716,0.008888888888888889,0.034484126984126985,0.5199999999999999,0.013095238095238096,0.10920634920634921,0.11928571428571429,0.0725,0.013492063492063494,0.4505555555555555,0.3915537014516402,0.08308107941688089,0.2169323132340943,0.091540308800665,0.13539177352565385,0.040002309077754344,0.0953894644478995,0.053080155785779175,0.06923330921629903,0.7976923076923076,0.027693693138960307,0.09115869521713028,29.560000000000002,0.10846615661704714,0.20577915980357447,53.360769230769236,0.091540308800665,0.12154077061621588,75.95384615384616,0.006154077061621589,0.03730838503101861,0.5607692307692308,0.008462231184864766,0.10269600221671464,0.09153846153846155,0.06923330921629903,0.011538692446236974,0.38193831683625556
87,83,2012-03-17,12,2,2011-2012,Paulistano,L. Sorocabana,1,0.42366086762201777,0.11582309409935564,0.2182316759308378,0.08960609759182438,0.15116380276762148,0.0394198802912381,0.11174392247638337,0.060253757420511096,0.06970883785550494,0.9907692307692307,0.03860769803311854,0.10739755561783756,35.291538461538465,0.1091158379654189,0.19491545549539355,55.49538461538462,0.08960609759182438,0.1140504317023194,76.26615384615386,0.007751406278662655,0.03717934452444904,0.6038461538461539,0.011241868660852401,0.11412337465322331,0.1053846153846154,0.06970883785550494,0.019370631434506423,0.44898776314552735,0.36726039226244755,0.11730276783116275,0.16381364191622794,0.08614398251505681,0.14955579300831426,0.05282400127397894,0.09673179173433534,0.04089264556053101,0.07058260110320023,0.5992307692307692,0.039100922610387584,0.11843168694224825,33.67846153846154,0.08190682095811397,0.17566438184652905,46.19307692307692,0.08614398251505681,0.11395808621460286,75.93230769230769,0.004504910725056998,0.03679904419769773,0.5315384615384615,0.0057852544996508945,0.09606979728730834,0.06846153846153845,0.07058260110320023,0.012571163554791884,0.34328500035846826
71,83,2012-03-17,12,2,2011-2012,Limeira,Coop/São José Basketball,0,0.4087072619587355,0.15250246479126633,0.17858097588942382,0.07762382127804525,0.13085113860162978,0.035406804503071695,0.09544433409855807,0.06820677139930578,0.055710195720018896,1.2953846153846156,0.05083415493042213,0.12023065888488287,41.826153846153844,0.08929048794471191,0.1802476425560905,49.60307692307693,0.07762382127804525,0.0941169450501474,83.70846153846153,0.0076495726495726495,0.030933322298744705,0.6138461538461537,0.008376068376068378,0.10503917278966396,0.0953846153846154,0.055710195720018896,0.011788023153445551,0.4262175349208749,0.4441059354258988,0.13097222473588382,0.20683083320506304,0.10630287748495203,0.1595786772942101,0.04150141041576277,0.11807726687844736,0.09701044579738362,0.07117519717015534,1.4942857142857142,0.04365740824529461,0.11701542422463948,37.13357142857143,0.10341541660253152,0.17820885598765512,57.80714285714287,0.10630287748495203,0.12670403740629138,83.91142857142856,0.00572886789478822,0.035441866144404435,0.5378571428571429,0.01646303580165525,0.09231548266419976,0.18142857142857147,0.07117519717015534,0.011797747330967926,0.5289435765790177
96,98,2012-03-17,12,2,2011-2012,Uberlândia,Flamengo,0,0.4343320080524321,0.13375336155267264,0.22410337921710824,0.07647526728265114,0.14689457275708995,0.03341379765555176,0.11348077510153823,0.08282085187298754,0.05890182906953442,1.4973333333333336,0.044584453850890875,0.11657410849037418,37.88133333333334,0.11205168960855412,0.20219733041555868,55.53733333333333,0.07647526728265114,0.09622667047119442,78.664,0.018995727800341828,0.0350743386937169,0.6433333333333332,0.016165148376452033,0.09156365819457145,0.2,0.05890182906953442,0.010000617809614453,0.485498392048113,0.4469933059882156,0.13204466410256432,0.2512796515114117,0.0636689903742395,0.15355891267959126,0.02938433742537663,0.12417457525421462,0.09086963801210877,0.05727641185125275,1.7200000000000002,0.04401488803418811,0.09647000305449396,44.182857142857145,0.12563982575570584,0.20586775040871003,61.04357142857144,0.0636689903742395,0.08506176271626952,73.00142857142858,0.005614642489032725,0.03375453750331798,0.6478571428571429,0.008221500721500722,0.08612607590380648,0.10357142857142856,0.05727641185125275,0.013440379553900225,0.5366885281809985
92,89,2012-03-21,9,2,2011-2012,Joinville,Sesi Franca,1,0.3950696663932822,0.07957652507957991,0.21925492456979176,0.09623821674391052,0.13841005273678245,0.040901187431297524,0.0975088653054849,0.060400187395619274,0.05787339577783311,1.2285714285714284,0.026525508359859968,0.08263128069180381,32.42214285714285,0.10962746228489588,0.20688229788031906,52.508571428571436,0.09623821674391052,0.12973729177868237,74.99,0.008583997844356647,0.03309948730324203,0.6885714285714286,0.005234058714339006,0.11388713575072805,0.04642857142857144,0.05787339577783311,0.014487484398212777,0.40462323094615016,0.418962962962963,0.11022222222222222,0.21637037037037035,0.09237037037037038,0.15048148148148147,0.0455925925925926,0.10488888888888888,0.08344444444444443,0.072,1.304,0.03674074074074074,0.09725925925925928,37.85866666666666,0.10818518518518518,0.20803703703703702,52.808,0.09237037037037038,0.11344444444444449,82.69533333333335,0.00862962962962963,0.03385185185185185,0.5106666666666666,0.014222222222222223,0.11025925925925927,0.12733333333333333,0.072,0.013592592592592594,0.46018518518518514
93,74,2012-03-24,4,2,2011-2012,Brasília,Flamengo,1,0.439500947476097,0.1276281692885061,0.22431380763592254,0.08755897055166836,0.16408734139001044,0.04328301857909685,0.12080432281091362,0.07296297527221843,0.0690470263032519,1.1340000000000001,0.0425427230961687,0.11908069233215057,35.715333333333334,0.11215690381796127,0.190397217074886,58.885999999999996,0.08755897055166836,0.10803213537042679,81.22066666666666,0.0066604554865424435,0.036461414599944564,0.5593333333333333,0.01506563238489621,0.10911982715184061,0.14666666666666667,0.0690470263032519,0.014108193060731206,0.4964299410279185,0.4462307892927049,0.1312416864957267,0.2493424895587991,0.0656466132381791,0.15250683701947038,0.029795751967388557,0.1227110850520818,0.0901449954779682,0.05730983624635442,1.6973333333333334,0.04374722883190891,0.09655718803604622,43.964666666666666,0.12467124477939955,0.20606915964072195,60.52000000000001,0.0656466132381791,0.086502089646296,73.968,0.005240332989763877,0.033874605373467155,0.646,0.007673400673400673,0.08601396713984902,0.09666666666666666,0.05730983624635442,0.01313694684289947,0.5332055892652282
71,73,2012-03-28,13,2,2011-2012,Espírito Santo,Uberlândia,0,0.3230162605693701,0.10722872644997028,0.15030366775441076,0.0654838663649891,0.13007971107145572,0.03781654927554763,0.09226316179590809,0.04700303530628242,0.0790777598031313,0.7106666666666664,0.03574290881665676,0.10696859996034459,32.6,0.07515183387720538,0.17704375807237663,43.019999999999996,0.0654838663649891,0.08529976521776192,76.91733333333333,0.0030002168075916017,0.03515053303165576,0.4686666666666667,0.009185401992776787,0.10737470652220239,0.08933333333333335,0.0790777598031313,0.016926576348700727,0.28409033464344424,0.42877645249687646,0.1335311393304504,0.2163996755134045,0.07884563765302151,0.14593160979412698,0.035932316174070285,0.10999929362005674,0.07900603705817272,0.058420347588052944,1.4460000000000004,0.0445103797768168,0.11683336774963343,37.74333333333333,0.10819983775670225,0.2010121452303735,53.943999999999996,0.07884563765302151,0.09874518898971292,79.37066666666666,0.017588320392934422,0.0347780423974206,0.6433333333333331,0.016276259487563144,0.09474884337975663,0.18466666666666667,0.058420347588052944,0.009593210402207045,0.4743872809370019
90,78,2012-03-29,13,2,2011-2012,Tijuca,Araraquara,1,0.3928712942050945,0.08571814517281798,0.2135800051459447,0.09357314388633177,0.13500664684525,0.03928785842934333,0.09571878841590668,0.055003001801080656,0.06821664427227767,0.8442857142857142,0.028572715057606,0.09071878841590668,30.810000000000002,0.10679000257297235,0.20608064838903342,52.44071428571429,0.09357314388633177,0.1228592870007719,76.6507142857143,0.005714500128648618,0.037857786100231564,0.5792857142857143,0.008214928957374428,0.10428914491552074,0.08785714285714287,0.06821664427227767,0.011428785842934334,0.38715700849080875,0.38672389977241345,0.09343253722868378,0.223680546405816,0.06961081613791363,0.11318448509052767,0.026869467946800937,0.0863150171437267,0.06969246303485684,0.06640357274998357,1.0593333333333332,0.031144179076227928,0.09005469053620745,34.79866666666667,0.111840273202908,0.21287750914478112,52.897333333333336,0.06961081613791363,0.0905139201721355,75.47933333333334,0.00497450780940718,0.036041807843419926,0.55,0.009641174476073848,0.10897217767800248,0.08866666666666669,0.06640357274998357,0.015170970426378412,0.3804036478219669
97,96,2012-03-29,13,2,2011-2012,Flamengo,Limeira,1,0.4410462033940295,0.13010043579608802,0.24842863416776464,0.06251713343017692,0.15398516941995205,0.03374866840084231,0.12023650101910972,0.09006259923651228,0.056566658784050095,1.7099999999999997,0.04336681193202933,0.09979046879046878,42.556,0.12421431708388232,0.21052983570374875,59.24133333333335,0.06251713343017692,0.08300396383005079,73.54466666666666,0.004561895431460647,0.035184396923527365,0.674,0.007673400673400673,0.08691980000675655,0.09666666666666666,0.056566658784050095,0.01312517595126291,0.5256405864666733,0.4048710289616829,0.14589514587760447,0.1808251918973221,0.0781506911867563,0.12971891441579908,0.034306318467138004,0.09541259594866106,0.06654914487078394,0.05458803888287469,1.2835714285714288,0.048631715292534836,0.11807132610739124,40.425714285714285,0.09041259594866105,0.18237281094494118,49.63142857142857,0.0781506911867563,0.09382287754656544,84.47500000000001,0.008174603174603175,0.0312237992774058,0.6328571428571428,0.007777777777777779,0.10646494616183082,0.08857142857142859,0.05458803888287469,0.012017450071056581,0.4207734252836695
68,67,2012-03-29,13,2,2011-2012,Joinville,Paulistano,1,0.39599094789298933,0.08049364562983014,0.22004533700587975,0.09545196525727945,0.14192345662840436,0.042026293454396214,0.09989716317400814,0.05992906379146688,0.05757072494819979,1.2133333333333334,0.026831215209943374,0.08423363975679467,32.205333333333336,0.11002266850293987,0.20731236691052002,52.61933333333334,0.09545196525727945,0.13175480566010356,73.50933333333333,0.009196916506584722,0.03385581777932219,0.6980000000000001,0.0054777140593089985,0.11222058595993877,0.05000000000000001,0.05757072494819979,0.014114244697591184,0.4102409414756661,0.42447080564901646,0.12362144452083024,0.2133579847929208,0.08749137633526549,0.14965210256993422,0.03838988884186395,0.11126221372807028,0.06166420331904602,0.07044392086582602,0.9914285714285713,0.04120714817361006,0.10829773021656346,37.23500000000001,0.1066789923964604,0.19027863724572258,55.65214285714286,0.08749137633526549,0.11268968658072516,75.33000000000001,0.0075548772587581805,0.03702367705841697,0.5921428571428572,0.011153163756505801,0.11240027646370736,0.10571428571428573,0.07044392086582602,0.018701300617755965,0.4540600657779897
89,91,2012-03-29,13,2,2011-2012,L. Sorocabana,Brasília,0,0.3706703642437013,0.11749542727179398,0.16782695320792596,0.08534798376398132,0.14887323636486324,0.051908001182980446,0.09696523518188283,0.04582888516335022,0.06875527245297165,0.7307142857142858,0.03916514242393133,0.11961513787494481,33.38928571428571,0.08391347660396298,0.17597406885749128,47.25857142857143,0.08534798376398132,0.11224679434213124,76.46071428571429,0.004540274244695784,0.037384826755005034,0.5650000000000001,0.005372022035390117,0.09599338319535775,0.06357142857142857,0.06875527245297165,0.012387509015163892,0.3551932146185776,0.4401693341671769,0.13097001026947488,0.22122538358517257,0.08797394031252947,0.16694959147786118,0.04365717012619408,0.1232924213516671,0.07430056242936947,0.06864481801384392,1.1640000000000001,0.04365667008982496,0.11997950680994747,36.37466666666667,0.11061269179258629,0.19026372098655442,58.038666666666664,0.08797394031252947,0.10696751423816984,82.554,0.0066604554865424435,0.03365274419731089,0.5173333333333334,0.01599250360500385,0.10831541057302468,0.156,0.06864481801384392,0.013331833224225998,0.5004359148761495
76,77,2012-03-31,14,2,2011-2012,Tijuca,Limeira,0,0.3966798745914215,0.08900360216129678,0.21800800480288174,0.08966826762724298,0.1346728703889,0.039668667867387104,0.09500420252151291,0.05700280168100861,0.06833553465412583,0.8686666666666665,0.02966786738709893,0.09167086918817957,31.613333333333337,0.10900400240144087,0.20534193849643118,53.73066666666667,0.08966826762724298,0.11900200120072044,75.13066666666667,0.00566686678673871,0.03800060036021613,0.5786666666666667,0.008000600360216133,0.10266986858781936,0.08600000000000002,0.06833553465412583,0.011000200120072046,0.3966798745914215,0.40632660009517646,0.1441695139934241,0.1829936656363035,0.07916342046544879,0.12699743950980255,0.032611875841501145,0.09438556366830139,0.06596472948185189,0.05361574001545858,1.2940000000000003,0.04805650466447472,0.11731164763296659,40.23066666666667,0.09149683281815175,0.1817712063559724,50.425333333333334,0.07916342046544879,0.09556873021778768,84.02866666666667,0.0076296296296296294,0.031216471111515275,0.6426666666666666,0.007555581895345431,0.10825696216696055,0.08466666666666668,0.05361574001545858,0.012401577277330825,0.42294677247888096
91,79,2012-03-31,14,2,2011-2012,L. Sorocabana,Minas,1,0.3756256732941212,0.11866239878700771,0.16930515632739757,0.0876581181797159,0.14928168727387234,0.052447467770781755,0.09683421950309064,0.04710695948579355,0.0668382542894402,0.7906666666666666,0.039554132929002575,0.12030746201661516,33.471333333333334,0.08465257816369878,0.17790913093365854,47.19733333333333,0.0876581181797159,0.11576367471932249,76.212,0.004570922628382732,0.0375591716380047,0.594,0.005013887233030775,0.09759382431566722,0.05933333333333333,0.0668382542894402,0.011561675080819633,0.36284700031067246,0.39269603308329726,0.09796078644743188,0.2159962827681828,0.07873896386768256,0.14190842125030648,0.04997969860088103,0.09192872264942543,0.065241560189528,0.06353968363675414,1.1166666666666667,0.03265359548247729,0.09100035164072547,36.544000000000004,0.1079981413840914,0.21198858948195717,51.29066666666667,0.07873896386768256,0.10116467011614902,78.25133333333333,0.006283395115832968,0.03480920192809291,0.5860000000000001,0.014262617212038782,0.10684756148461963,0.136,0.06353968363675414,0.0154574411964268,0.41819607600973513
75,64,2012-03-31,14,2,2011-2012,Coop/São José Basketball,Paulistano,1,0.4421655397308389,0.1342407430868249,0.20370877765805886,0.10421601898595521,0.16294009880792942,0.04206798305471192,0.12087211575321753,0.09620974941089137,0.07076351735881166,1.4819999999999998,0.04474691436227497,0.11921439594299683,37.324666666666666,0.10185438882902943,0.17666159892181144,57.39400000000001,0.10421601898595521,0.12459043491253863,83.58066666666666,0.005680276701802339,0.03407907506811081,0.5173333333333334,0.01603216674821157,0.0921611171532531,0.1766666666666667,0.07076351735881166,0.012677897508903396,0.5290140048070833,0.41851502218051195,0.12038201568642835,0.2131397213809558,0.08499328511312788,0.14967929733257887,0.037831363239201075,0.1118479340933778,0.06122139035134437,0.07074966027509107,0.974,0.040127338562142775,0.10708028249584339,36.60466666666667,0.1065698606904779,0.18993166340346407,55.726000000000006,0.08499328511312788,0.11017904160899694,74.75266666666668,0.007384685494862309,0.036222765521295885,0.5746666666666668,0.010409619506072082,0.11291012597997242,0.09866666666666668,0.07074966027509107,0.019455347563366955,0.4487993987277243
85,86,2012-03-31,14,2,2011-2012,Joinville,Pinheiros,0,0.3950623740567403,0.08144874725790173,0.2172290090994517,0.09638461769938685,0.1421482855629107,0.04198513661346184,0.10016314894944886,0.05989164848152654,0.055507118921301224,1.2346666666666666,0.02714958241930058,0.08216255066790802,33.366,0.10861450454972585,0.20781440621344918,51.908,0.09638461769938685,0.1323204509899313,73.892,0.009185691913602622,0.03315547733370923,0.7053333333333334,0.006144380725975665,0.11180868047573073,0.05666666666666667,0.055507118921301224,0.014440094968936449,0.4160426403329822,0.44674205339290746,0.12511878775653884,0.24107594424713347,0.0805473213892352,0.1480696105399083,0.03910036207035312,0.10896924846955518,0.08753889032135229,0.05936107291406993,1.5766666666666667,0.04170626258551295,0.10329950127993379,39.808,0.12053797212356673,0.19977084000837522,60.17333333333334,0.0805473213892352,0.1114329350032506,71.24266666666668,0.01718890006444164,0.04572672734554515,0.8033333333333333,0.016644739651472302,0.09466528905807697,0.174,0.05936107291406993,0.013634562736674655,0.5333514360060142
66,85,2012-03-31,14,2,2011-2012,Espírito Santo,Sesi Franca,0,0.3210162605693701,0.10522872644997026,0.15163700108774408,0.06415053303165577,0.12841304440478904,0.036149882608880954,0.09226316179590807,0.04800303530628242,0.07974442646979796,0.7173333333333333,0.03507624214999008,0.10563526662701127,32.43333333333333,0.07581850054387204,0.17637709140571,43.495999999999995,0.06415053303165577,0.08329976521776192,77.28733333333334,0.0030002168075916017,0.03581719969832243,0.4733333333333334,0.009852068659443455,0.1103747065222024,0.09333333333333335,0.07974442646979796,0.016593243015367395,0.2870903346434442,0.4163333333333333,0.10844444444444443,0.2185925925925926,0.08929629629629628,0.14818518518518517,0.04551851851851852,0.10266666666666666,0.08174074074074072,0.07251851851851851,1.2620000000000002,0.036148148148148145,0.09870370370370372,36.66599999999999,0.1092962962962963,0.20796296296296296,53.35466666666668,0.08929629629629628,0.10955555555555557,82.796,0.008296296296296296,0.03385185185185185,0.5033333333333334,0.014481481481481482,0.11196296296296297,0.12866666666666665,0.07251851851851851,0.013222222222222222,0.4547407407407407
81,65,2012-03-31,14,2,2011-2012,Flamengo,Araraquara,1,0.44481481481481483,0.1282929292929293,0.24659932659932662,0.06992255892255894,0.15306060606060604,0.035222222222222224,0.11783838383838385,0.0861919191919192,0.05447474747474748,1.676,0.04276430976430976,0.09798989898989899,42.79466666666666,0.12329966329966331,0.2101919191919192,58.85466666666668,0.06992255892255894,0.09366666666666666,74.71133333333333,0.003966329966329967,0.034289562289562286,0.6699999999999999,0.008858585858585859,0.0877878787878788,0.108,0.05447474747474748,0.013121212121212122,0.5293973063973063,0.38938809313238865,0.09435957057128742,0.22545667531246616,0.06957184724863504,0.1110625072915301,0.026154023495202038,0.08490848379632804,0.06831515635441711,0.06668335719722586,1.0326666666666666,0.03145319019042915,0.08895229719185019,35.433333333333344,0.11272833765623308,0.21097199134794817,53.70733333333333,0.06957184724863504,0.09213204241053895,73.70133333333334,0.004631398917087203,0.03667444340530183,0.5573333333333335,0.00929806558375387,0.11091392436408662,0.08133333333333334,0.06668335719722586,0.01481811931173879,0.38545986120586234
82,87,2012-04-05,15,2,2011-2012,Pinheiros,Paulistano,0,0.438231104487798,0.11959324031128338,0.23451633354153736,0.08412153063497728,0.14755622854477446,0.03853345209468401,0.10902277645009044,0.08424691951843259,0.060531389215773106,1.5106666666666666,0.03986441343709446,0.10171555967409436,38.61933333333333,0.11725816677076868,0.19480733635874012,60.120000000000005,0.08412153063497728,0.11801930969911435,69.73666666666666,0.015826369650816335,0.04507222612900013,0.78,0.015615542571180334,0.0931397416128215,0.16533333333333333,0.060531389215773106,0.012546971495798745,0.5208526525510264,0.41380277574925733,0.12337149727921573,0.20777717024980963,0.08265410822023198,0.14666410407771618,0.0361594373689281,0.1105046667087881,0.06288338217036099,0.0717438167155285,0.9873333333333334,0.041123832426405244,0.10773409333147242,37.28666666666666,0.10388858512490481,0.18657378711996794,55.300000000000004,0.08265410822023198,0.1081714449815656,72.482,0.00705076780557272,0.03621925938555835,0.5653333333333335,0.010075117460826235,0.11023060348226812,0.09733333333333336,0.0717438167155285,0.018786927828831516,0.4437561563869614
76,83,2012-04-05,15,2,2011-2012,Tijuca,Flamengo,0,0.3983465412580882,0.08700360216129677,0.2186746714695484,0.09266826762724299,0.14133953705556665,0.04133533453405378,0.10000420252151292,0.055336135014341946,0.06600220132079247,0.8653333333333333,0.029001200720432264,0.0920042025215129,30.613333333333333,0.1093373357347742,0.20767527182976453,53.28600000000001,0.09266826762724299,0.12100200120072042,76.29933333333334,0.00566686678673871,0.03900060036021613,0.5993333333333334,0.008000600360216131,0.10433653525448602,0.0846666666666667,0.06600220132079247,0.011000200120072042,0.4080132079247549,0.4441481481481482,0.1252929292929293,0.24793265993265998,0.07092255892255891,0.15572727272727274,0.035888888888888894,0.11983838383838384,0.08385858585858587,0.05180808080808082,1.6766666666666665,0.04176430976430977,0.09765656565656564,41.79266666666667,0.12396632996632999,0.20985858585858586,59.30000000000002,0.07092255892255891,0.096,73.87466666666666,0.0042996632996633,0.032956228956228954,0.6786666666666666,0.008191919191919193,0.08878787878787879,0.098,0.05180808080808082,0.011454545454545459,0.531063973063973
93,82,2012-04-05,15,2,2011-2012,Coop/São José Basketball,Joinville,1,0.44449887306417224,0.1362407430868249,0.20504211099139222,0.1032160189859552,0.16594009880792945,0.04240131638804526,0.12353878241988421,0.09720974941089139,0.07243018402547834,1.4746666666666666,0.045413581028941635,0.1188810626096635,38.07066666666666,0.10252105549569611,0.17599493225514476,57.98200000000001,0.1032160189859552,0.1235904349125386,83.50666666666666,0.005680276701802339,0.031745741734777476,0.47266666666666673,0.01603216674821157,0.09249445048658643,0.17666666666666667,0.07243018402547834,0.012677897508903394,0.5346806714737499,0.396942240575094,0.07900825782519871,0.21798688822440537,0.09994709452548993,0.14701035452842792,0.04550793972803359,0.10150241480039436,0.05700473709850838,0.05347337772738205,1.2126666666666668,0.02633608594173291,0.080575231424304,32.92733333333334,0.10899344411220269,0.2135355778856776,50.28999999999999,0.09994709452548993,0.13647617957725056,73.312,0.009148984460877372,0.034085028687064804,0.7473333333333334,0.0067376324871918315,0.1138542867048742,0.062000000000000006,0.05347337772738205,0.013736720849544531,0.4191824252792188
80,68,2012-04-05,15,2,2011-2012,Uberlândia,Sesi Franca,1,0.4241097858302098,0.12753113933045043,0.21639967551340458,0.08017897098635483,0.14626494312746033,0.03759898284073695,0.10866596028672341,0.07400603705817273,0.05608701425471961,1.4033333333333335,0.042510379776816806,0.11316670108296675,36.782000000000004,0.10819983775670229,0.20534547856370683,52.64200000000001,0.08017897098635483,0.1004118556563796,79.37066666666666,0.01758832039293442,0.03411137573075394,0.6626666666666665,0.015276259487563145,0.09374884337975663,0.17466666666666666,0.05608701425471961,0.00992654373554038,0.4650539476036686,0.42166666666666663,0.11244444444444443,0.22125925925925927,0.08796296296296297,0.14118518518518516,0.041185185185185186,0.09999999999999999,0.08274074074074074,0.06651851851851852,1.3933333333333335,0.03748148148148148,0.1003703703703704,37.72,0.11062962962962963,0.20362962962962963,54.995333333333335,0.08796296296296297,0.10722222222222223,83.28599999999999,0.007962962962962963,0.03485185185185185,0.58,0.015481481481481481,0.11129629629629628,0.13933333333333336,0.06651851851851852,0.013555555555555553,0.47040740740740733
78,89,2012-04-05,15,2,2011-2012,Araraquara,Limeira,0,0.3841177758790205,0.0923828380469669,0.22148382070075887,0.07025111713129475,0.10841910810054292,0.02449026526299531,0.08392884283754758,0.06632388165779692,0.06769692989137223,0.9846666666666667,0.030794279348988974,0.08763835342158308,35.321999999999996,0.11074191035037943,0.20766968131552083,53.44933333333334,0.07025111713129475,0.0928151902058119,73.91066666666667,0.004631398917087203,0.03668122975237501,0.5479999999999999,0.007965701728573847,0.11026858621679278,0.07066666666666667,0.06769692989137223,0.015821997224352034,0.3778571800973143,0.4046599334285098,0.14216951399342412,0.1836603323029702,0.07883008713211546,0.12733077284313588,0.03194520917483448,0.0953855636683014,0.06629806281518523,0.052615740015458594,1.3433333333333337,0.04738983799780805,0.12131164763296658,38.55799999999999,0.0918301661514851,0.17677120635597238,51.90933333333333,0.07883008713211546,0.09623539688445436,82.95733333333334,0.008962962962962963,0.030216471111515274,0.6366666666666667,0.007222248562012098,0.11159029550029388,0.07866666666666669,0.052615740015458594,0.012068243943997492,0.4239467724788809
87,76,2012-04-06,15,2,2011-2012,Brasília,Minas,1,0.43511554023403265,0.1230635910892738,0.21845353517063276,0.0935984139741261,0.1659177963416577,0.04305289067272668,0.122864905668931,0.07247732620010078,0.06813411938017545,1.1493333333333333,0.041021197029757935,0.11511467910521257,35.294,0.10922676758531638,0.19101296907454957,57.06866666666666,0.0935984139741261,0.11398770844629907,82.32999999999998,0.0063271221532091105,0.03205886261271004,0.5013333333333334,0.016034095080470035,0.10991908849688822,0.154,0.06813411938017545,0.013019295628625758,0.4929338095225359,0.39566916885610276,0.10095618115134136,0.21264299315179067,0.08206999455297063,0.1392283224700425,0.04663984109808615,0.09258848137195637,0.06490515665880099,0.0625343107913152,1.1213333333333335,0.033652060383780456,0.09065934281390796,37.66666666666667,0.10632149657589533,0.20663376476686818,51.69533333333333,0.08206999455297063,0.10516159991875534,78.58466666666666,0.006616728449166302,0.03313946506403257,0.5660000000000001,0.012927365005334408,0.11184180486450651,0.116,0.0625343107913152,0.016124107863093467,0.42250484776391917
71,64,2012-04-06,15,2,2011-2012,L. Sorocabana,Bauru Basket,1,0.3838579835639676,0.11724597273631797,0.17380563755935133,0.09280637326829823,0.15205978587295263,0.052216119964843,0.09984366590810971,0.04934775369675139,0.06896337459742866,0.8073333333333335,0.03908199091210599,0.12027063886044648,32.932,0.08690281877967566,0.1812382222964361,47.28666666666666,0.09280637326829823,0.12115272401886264,77.28466666666667,0.004904255961716066,0.03844349773503532,0.5900000000000001,0.0056342843385096915,0.09993660405401965,0.06199999999999999,0.06896337459742866,0.012871873633559091,0.37705617579992495,0.4083448873772487,0.11400385134797177,0.21467203521232434,0.07966900081695258,0.16633811834141948,0.05933473382350489,0.10700338451791458,0.06433555077610499,0.05400128378265727,1.4186666666666667,0.038001283782657276,0.11066958435452409,35.071333333333335,0.10733601760616217,0.20800431817802903,52.14266666666666,0.07966900081695258,0.10233578419113358,77.58533333333334,0.00966690008169526,0.03166701678920955,0.706,0.011000233415028595,0.09000210073525734,0.11800000000000004,0.05400128378265727,0.014001050367628672,0.4480156388069157
76,75,2012-04-08,13,2,2011-2012,Bauru Basket,Minas,1,0.39934488737724866,0.1070038513479718,0.21133870187899098,0.08100233415028593,0.1626714516747528,0.06033473382350489,0.10233671785124793,0.06066888410943831,0.05200128378265726,1.3993333333333335,0.035667950449323936,0.10800291768785741,33.75866666666666,0.10566935093949549,0.21067098484469565,50.56933333333333,0.08100233415028593,0.10333578419113357,78.646,0.007666900081695261,0.03166701678920955,0.7173333333333333,0.010000233415028596,0.08933543406859067,0.1086666666666667,0.05200128378265726,0.014001050367628672,0.4296823054735824,0.40033583552276936,0.10195618115134136,0.21530965981845732,0.08306999455297065,0.13489498913670916,0.04397317443141949,0.09092181470528969,0.06423848999213434,0.06320097745798187,1.1020000000000003,0.0339853937171138,0.09132600948057462,37.78333333333334,0.10765482990922866,0.20896709810020153,51.876666666666665,0.08306999455297065,0.10416159991875534,80.33066666666667,0.005950061782499636,0.03413946506403257,0.5746666666666665,0.012260698338667742,0.11184180486450651,0.11066666666666668,0.06320097745798187,0.01712410786309347,0.4251715144305858
96,80,2012-04-10,14,2,2011-2012,Bauru Basket,Brasília,1,0.4019681537058367,0.11244553278012186,0.20755841227185465,0.0819642086538602,0.16644646644023622,0.06185191269969887,0.10459455374053735,0.060482777920154995,0.05437048196599366,1.3586666666666667,0.03748184426004062,0.11070469565571958,34.28066666666667,0.10377920613592732,0.2097053425970836,49.88533333333333,0.0819642086538602,0.10574160077328057,77.79066666666668,0.006333566748361927,0.030518282547544417,0.6706666666666664,0.010222204454314961,0.09255589801026191,0.10533333333333336,0.05437048196599366,0.01300105036762867,0.4317861322795538,0.4401155402340327,0.12106359108927381,0.21912020183729938,0.09993174730745943,0.170251129674991,0.044052890672726684,0.12619823900226432,0.07247732620010078,0.06846745271350879,1.1453333333333333,0.040354530363091265,0.11511467910521257,34.760666666666665,0.10956010091864969,0.18701296907454962,58.592666666666666,0.09993174730745943,0.12265437511296574,81.66666666666666,0.006660455486542443,0.03239219594604338,0.504,0.01703409508047004,0.11325242183022156,0.16066666666666668,0.06846745271350879,0.01301929562862576,0.5082671428558693
66,64,2012-04-10,13,2,2011-2012,Coop/São José Basketball,Pinheiros,1,0.4484988730641722,0.1322407430868249,0.21037544432472555,0.10588268565262188,0.16794009880792948,0.0447346497213786,0.12320544908655089,0.09720974941089139,0.06943018402547833,1.5586666666666664,0.044080247695608296,0.11921439594299683,37.035999999999994,0.10518772216236277,0.17866159892181147,58.727333333333355,0.10588268565262188,0.12792376824587193,82.73733333333332,0.006013610035135673,0.031079075068110806,0.48733333333333334,0.014698833414878237,0.09549445048658645,0.15399999999999997,0.06943018402547833,0.01201123084223673,0.54068067147375,0.4361570304137239,0.1195932403112834,0.23036818539338919,0.08619560470905135,0.15051919150773743,0.03853345209468401,0.11198573941305341,0.08424691951843258,0.06290175958614348,1.4579999999999997,0.03986441343709446,0.10319704115557585,38.07000000000001,0.11518409269669459,0.19332585487725865,59.406,0.08619560470905135,0.1227600504398551,68.66866666666667,0.014937480761927444,0.044775929832703835,0.748,0.016208135163772928,0.09965826013134002,0.16533333333333333,0.06290175958614348,0.013732156680983928,0.5202600599584337
77,69,2012-04-13,1,3,2011-2012,Limeira,Joinville,1,0.4013266000951764,0.1361695139934241,0.1836603323029702,0.08149675379878213,0.12333077284313587,0.03261187584150115,0.09071889700163474,0.06963139614851857,0.05561574001545858,1.3520000000000003,0.04538983799780805,0.11731164763296659,38.33866666666666,0.0918301661514851,0.1771045396893057,51.79666666666667,0.08149675379878213,0.09990206355112102,82.12400000000001,0.00862962962962963,0.03021647111151527,0.6093333333333334,0.006888915228678763,0.11425696216696053,0.066,0.05561574001545858,0.011734910610664161,0.41994677247888096,0.4031413717245597,0.07996991434409371,0.22258964908923037,0.10058180829123574,0.149963490273744,0.04816182523433192,0.1018016650394121,0.05965436221801725,0.046749195839057865,1.3453333333333335,0.026656638114697904,0.08087235146992705,33.16733333333333,0.11129482454461519,0.22147167208383592,49.672666666666665,0.10058180829123574,0.1381023725694175,72.77066666666666,0.008478057407421257,0.03407011733330174,0.7966666666666666,0.00640003876706905,0.1121279746231553,0.060000000000000005,0.046749195839057865,0.010717549108992025,0.4330865665764562
75,67,2012-04-14,1,3,2011-2012,Tijuca,Uberlândia,1,0.4026798745914215,0.08500360216129677,0.2286746714695484,0.08900160096057631,0.14233953705556665,0.04133533453405378,0.10100420252151292,0.0580028016810086,0.06466886798745915,0.9139999999999998,0.028334534053765594,0.08933753585484625,30.752,0.1143373357347742,0.21134193849643118,54.934666666666665,0.08900160096057631,0.11733533453405376,75.13533333333335,0.005666866786738709,0.03733393369354946,0.5820000000000001,0.006667267026882796,0.10733653525448604,0.06666666666666668,0.06466886798745915,0.011666866786738709,0.4193465412580882,0.4221903067238724,0.12379623699801215,0.2165106286715856,0.0818834410542746,0.14849715148492537,0.03977571461911144,0.10872143686581395,0.07560446805906779,0.054508713477240185,1.5300000000000002,0.04126541233267071,0.11213381177287006,35.88533333333333,0.1082553143357928,0.2043857390105381,52.90133333333335,0.0818834410542746,0.10495972416934052,77.92200000000001,0.017974673259780097,0.03355074813111196,0.6893333333333332,0.01634695219891294,0.09406696058083071,0.18533333333333332,0.054508713477240185,0.00892654373554038,0.470523278409755
76,82,2012-04-14,1,3,2011-2012,L. Sorocabana,Bauru Basket,0,0.38185798356396755,0.11624597273631797,0.17713897089268468,0.0884730399349649,0.14905978587295268,0.04754945329817633,0.10151033257477637,0.05034775369675139,0.06529670793076198,0.8826666666666667,0.038748657578772654,0.12093730552711314,32.339333333333336,0.08856948544634234,0.18123822229643607,48.239333333333335,0.0884730399349649,0.11548605735219596,76.70133333333335,0.005570922628382731,0.03777683106836865,0.6286666666666666,0.0053009510051763575,0.09926993738735297,0.05933333333333334,0.06529670793076198,0.012871873633559091,0.38072284246659166,0.4062718080567352,0.11956889236017432,0.2016659565211312,0.08503695917542962,0.1621922097607827,0.05955337309407264,0.10263883666671005,0.06019372751299435,0.057408438759855955,1.1033333333333337,0.03985629745339145,0.11277744617728899,35.696000000000005,0.1008329782605656,0.20315570937815905,49.908,0.08503695917542962,0.10916982609126967,78.23533333333334,0.005333566748361927,0.031213416809607812,0.5653333333333334,0.010561863919958678,0.09396830799747508,0.10733333333333335,0.057408438759855955,0.01468669543122649,0.4374674028899583
91,89,2012-04-14,1,3,2011-2012,Sesi Franca,Paulistano,1,0.4206666666666666,0.10844444444444447,0.22325925925925924,0.08896296296296295,0.14085185185185184,0.04018518518518519,0.10066666666666665,0.08107407407407408,0.06418518518518519,1.4220000000000002,0.03614814814814815,0.10037037037037039,35.942,0.11162962962962962,0.20196296296296296,55.81933333333334,0.08896296296296295,0.10788888888888888,83.83533333333331,0.007962962962962963,0.03518518518518519,0.604,0.015148148148148148,0.11162962962962965,0.1366666666666667,0.06418518518518519,0.013222222222222224,0.4727407407407407,0.41287956740468407,0.12466589526500836,0.20363209936289897,0.08458157277677665,0.1483537003370454,0.03552370317236304,0.11282999716468237,0.06721138025206827,0.07343874822648376,1.0293333333333334,0.04155529842166946,0.10832822455468374,37.556000000000004,0.10181604968144949,0.18446231632897195,54.85866666666666,0.08458157277677665,0.11299544162455334,71.18266666666666,0.00605076780557272,0.035317392047489224,0.5400000000000001,0.010341250602330295,0.11165673422590627,0.0986666666666667,0.07343874822648376,0.01868612754108761,0.44829534650775393
89,84,2012-04-17,2,3,2011-2012,Joinville,Limeira,1,0.4034443029315361,0.07769835586181087,0.22450507264341216,0.10124087442631315,0.15000412101333999,0.04917536881419723,0.10082875219914272,0.060369260155869096,0.049394718394269975,1.314,0.025899451953936954,0.08116339658035128,32.14333333333333,0.11225253632170608,0.2216645971685766,50.112,0.10124087442631315,0.13614300330901344,74.58066666666666,0.008179411765407789,0.03241699424650038,0.7393333333333333,0.006136080816375445,0.11169652126413844,0.058,0.049394718394269975,0.011786924491631752,0.4342507470181531,0.3983266000951764,0.13416951399342414,0.18566033230297016,0.07849675379878211,0.12599743950980255,0.03427854250816782,0.09171889700163474,0.0699647294818519,0.056949073348791936,1.313333333333333,0.04472317133114138,0.11497831429963326,38.63466666666667,0.09283016615148508,0.1791045396893057,51.78066666666667,0.07849675379878211,0.0955687302177877,82.48333333333333,0.009296296296296297,0.0245498044448486,0.45600000000000007,0.00655558189534543,0.11259029550029388,0.06400000000000002,0.056949073348791936,0.012734910610664158,0.4169467724788809
68,75,2012-04-17,2,3,2011-2012,Paulistano,Sesi Franca,0,0.4111705435558214,0.12965643249026246,0.1956059640802674,0.08590814698529146,0.14400459571246887,0.03318541314749614,0.11081918256497275,0.0705393062855468,0.07309955698497438,1.09,0.043218810830087495,0.1089854284466045,38.812,0.0978029820401337,0.17944068712955277,54.26533333333334,0.08590814698529146,0.11665354673311654,70.14133333333332,0.00571653325559692,0.03531513900588306,0.5426666666666667,0.009339898777366596,0.1106450184095542,0.09066666666666669,0.07309955698497438,0.019352343599433042,0.4492507362839517,0.4253333333333333,0.11044444444444444,0.22392592592592597,0.09096296296296297,0.14251851851851854,0.04051851851851852,0.10200000000000001,0.08174074074074072,0.06251851851851854,1.4579999999999997,0.03681481481481482,0.10203703703703706,35.97066666666667,0.11196296296296299,0.19962962962962963,56.57333333333334,0.09096296296296297,0.10888888888888888,84.61133333333333,0.008296296296296296,0.03518518518518519,0.6153333333333334,0.015148148148148148,0.11496296296296296,0.13466666666666666,0.06251851851851854,0.014222222222222223,0.4867407407407407
73,59,2012-04-18,2,3,2011-2012,Uberlândia,Tijuca,1,0.4109101946790545,0.12406140973377312,0.21042825498136883,0.07642052996391253,0.14861925958742567,0.04070081058342309,0.10791844900400256,0.07446140342580708,0.05661059126539249,1.492,0.041353803244591036,0.111909099665805,36.03333333333333,0.10521412749068441,0.1978816410750676,53.11600000000001,0.07642052996391253,0.10108183227184077,75.85933333333332,0.016648083364562753,0.03214925420020627,0.6579999999999999,0.016183657251304266,0.09351565857854832,0.184,0.05661059126539249,0.011259877068873714,0.46107987141732837,0.4016798745914215,0.08200360216129678,0.23134133813621507,0.08833493429390968,0.14533953705556665,0.042002001200720444,0.10333753585484624,0.05766946834767527,0.062002201320792476,0.9426666666666665,0.027334534053765593,0.08900420252151292,29.878666666666668,0.11567066906810754,0.2106752718297645,55.760666666666665,0.08833493429390968,0.11933533453405376,73.67266666666667,0.005000200120072043,0.0376672670268828,0.6213333333333332,0.0070006003602161295,0.10900320192115269,0.068,0.062002201320792476,0.011666866786738709,0.42801320792475483
83,71,2012-04-18,2,3,2011-2012,Bauru Basket,L. Sorocabana,1,0.41160514139006854,0.12156889236017432,0.20366595652113118,0.08637029250876296,0.1631922097607827,0.058886706427405976,0.10430550333337672,0.06319372751299435,0.05607510542652262,1.2586666666666668,0.04052296412005811,0.11277744617728899,36.22933333333334,0.10183297826056559,0.20215570937815902,50.72,0.08637029250876296,0.11050315942460301,78.60133333333333,0.006000233415028593,0.03254675014294115,0.654,0.010561863919958678,0.09696830799747508,0.10733333333333335,0.05607510542652262,0.015020028764559823,0.45446740288995824,0.38119131689730085,0.11424597273631797,0.17780563755935133,0.08913970660163156,0.14839311920628603,0.04588278663150966,0.10251033257477635,0.048014420363418055,0.06463004126409531,0.8513333333333332,0.038081990912105984,0.12293730552711316,31.279999999999998,0.08890281877967567,0.17957155562976942,48.92,0.08913970660163156,0.11515272401886263,77.74666666666667,0.005570922628382731,0.03511016440170198,0.5886666666666667,0.005967617671843024,0.09926993738735299,0.06533333333333334,0.06463004126409531,0.01187187363355909,0.37772284246659166
69,77,2012-04-19,3,3,2011-2012,Paulistano,Sesi Franca,0,0.40650387688915474,0.13165643249026246,0.1902726307469341,0.08457481365195814,0.14300459571246887,0.0328520798141628,0.11015251589830609,0.06920597295221347,0.07376622365164105,1.0346666666666668,0.04388547749675416,0.11265209511327118,38.71666666666667,0.09513631537346705,0.17410735379621942,54.55133333333334,0.08457481365195814,0.11532021339978323,69.908,0.00671653325559692,0.03431513900588305,0.5093333333333334,0.008339898777366593,0.11131168507622086,0.08066666666666668,0.07376622365164105,0.020685676932766375,0.4422507362839517,0.41866666666666663,0.10244444444444442,0.22592592592592595,0.09029629629629628,0.14385185185185187,0.04051851851851852,0.10333333333333333,0.08074074074074074,0.061851851851851866,1.4553333333333331,0.03414814814814815,0.09803703703703705,34.78,0.11296296296296297,0.19996296296296295,56.93399999999999,0.09029629629629628,0.11022222222222221,82.25866666666667,0.008296296296296296,0.03418518518518519,0.606,0.015148148148148148,0.1132962962962963,0.13533333333333333,0.061851851851851866,0.015555555555555555,0.484074074074074
88,69,2012-04-19,3,3,2011-2012,Joinville,Limeira,1,0.4109024141793152,0.07444825336078584,0.23232166414266048,0.10413249667586899,0.15549571592928915,0.0511086748139239,0.10438704111536522,0.06298590632233077,0.05166969447736414,1.3233333333333333,0.02481608445359529,0.07965499149630044,31.714,0.11616083207133024,0.2267311545008166,51.01466666666666,0.10413249667586899,0.13828459139156088,75.70133333333332,0.008171075015373622,0.03437531049632955,0.7446666666666666,0.006461077399674612,0.11082143584661759,0.06133333333333333,0.05166969447736414,0.011761914241529252,0.45350891293314555,0.3994038290779172,0.13079475402023896,0.19168042827582205,0.07692864678185621,0.12485933934808034,0.034501393439680166,0.09035794590840017,0.06663202485780868,0.0568467528055265,1.256,0.043598251340079656,0.11349934765531228,38.206,0.09584021413791102,0.18300599140178106,52.45,0.07692864678185621,0.09324544487088031,82.78066666666668,0.009000000000000001,0.02575068463785478,0.47800000000000004,0.00664472226795037,0.11217849849007165,0.06466666666666668,0.0568467528055265,0.012142318018071566,0.41618595848972045
93,77,2012-04-20,3,3,2011-2012,Uberlândia,Tijuca,1,0.40719163200477376,0.12104287544533951,0.2104072494544774,0.0757415071049568,0.14726924539450206,0.03802858363022634,0.10924066176427574,0.07345028285274692,0.05760688440770576,1.403333333333333,0.04034762514844651,0.10989303661582925,35.80266666666667,0.1052036247272387,0.19352174192831273,54.258666666666656,0.0757415071049568,0.09939972036481277,76.526,0.015978945459438273,0.031143076104061737,0.5986666666666667,0.016848470489127573,0.09350330238625926,0.19066666666666668,0.05760688440770576,0.011925925925925925,0.46169155302830867,0.39701320792475486,0.08300360216129678,0.2286746714695484,0.08533493429390968,0.14367287038889998,0.040335334534053774,0.10333753585484624,0.05700280168100861,0.06300220132079247,0.9233333333333335,0.027667867387098928,0.08833753585484624,30.533333333333335,0.1143373357347742,0.2106752718297645,55.10999999999999,0.08533493429390968,0.11500200120072045,74.06666666666666,0.004666866786738709,0.03733393369354946,0.6106666666666668,0.00800060036021613,0.10833653525448604,0.07866666666666666,0.06300220132079247,0.011666866786738712,0.4236798745914215
84,74,2012-04-20,3,3,2011-2012,Bauru Basket,L. Sorocabana,1,0.4152718080567352,0.12156889236017433,0.20699928985446453,0.08670362584209629,0.16652554309411605,0.05955337309407264,0.10697217000004337,0.06519372751299435,0.05540843875985597,1.2973333333333334,0.04052296412005812,0.11411077951062235,35.690666666666665,0.10349964492723226,0.20248904271149235,51.498,0.08670362584209629,0.10983649275793633,79.49000000000001,0.006000233415028593,0.03254675014294115,0.658,0.010561863919958682,0.09863497466414173,0.10600000000000002,0.05540843875985597,0.014686695431226493,0.4668007362232916,0.38652465023063415,0.11424597273631795,0.180472304226018,0.09180637326829826,0.14705978587295268,0.04388278663150966,0.10317699924144304,0.05268108703008471,0.06363004126409531,0.9493333333333334,0.038081990912105984,0.12027063886044648,31.974666666666664,0.090236152113009,0.18090488896310272,49.35933333333334,0.09180637326829826,0.11848605735219596,77.55466666666668,0.005904255961716065,0.035776831068368646,0.6099999999999999,0.005967617671843024,0.09726993738735298,0.06533333333333334,0.06363004126409531,0.012538540300225755,0.3927228424665916
102,74,2012-04-22,4,3,2011-2012,Limeira,Joinville,1,0.4049595637005334,0.12550976879327144,0.1982344617613624,0.08121533314589956,0.12291735707571932,0.03295873071248882,0.08995862636323051,0.06620369644881952,0.05677109697241699,1.2506666666666666,0.04183658959775715,0.1114430310647491,37.408,0.0991172308806812,0.1855503552660482,53.556666666666665,0.08121533314589956,0.09899913812900547,82.80666666666666,0.009000000000000001,0.024760354259127947,0.46466666666666673,0.006092389919485869,0.11357951917231715,0.059333333333333335,0.05677109697241699,0.013599655290880234,0.42238902053645694,0.41497805074153793,0.07832844996123639,0.22997024083731538,0.1066793599429862,0.15590680201025028,0.051020818987587625,0.10488598302266265,0.06458867784257105,0.051264479104301125,1.3726666666666667,0.02610948332041213,0.07812997272368798,33.325333333333326,0.11498512041865769,0.22472105142210816,50.937333333333335,0.1066793599429862,0.1434821475387382,74.46533333333333,0.008829754788736991,0.03398606890987313,0.7426666666666667,0.006445103613068018,0.11198704442058169,0.05999999999999999,0.051264479104301125,0.012745940454922658,0.4656005232819748
74,81,2012-04-23,4,3,2011-2012,Tijuca,Uberlândia,0,0.3943491081814472,0.08100390219129977,0.2253428049495631,0.08800240104058435,0.14100687045557336,0.040002201220722435,0.10100466923485091,0.05433636837101095,0.06100243467746148,0.9133333333333333,0.027001300730433265,0.08833823592485324,29.898666666666667,0.11267140247478155,0.21134327196311115,54.04,0.08800240104058435,0.11733626796072978,74.70133333333334,0.0050003001300730435,0.037667500383551794,0.6466666666666667,0.0076673003635497955,0.10967070200449439,0.07466666666666667,0.06100243467746148,0.011333533453405379,0.4163488414881112,0.40952496533810706,0.12304287544533951,0.20840724945447736,0.07807484043829015,0.14960257872783536,0.03902858363022634,0.11057399509760907,0.06945028285274693,0.056273551074372444,1.3733333333333333,0.04101429181511318,0.1105597032824959,36.136,0.10420362472723868,0.1931884085949794,53.84866666666666,0.07807484043829015,0.10139972036481278,77.35133333333333,0.013978945459438275,0.030809742770728402,0.6073333333333334,0.01751513715579424,0.09683663571959261,0.19466666666666665,0.056273551074372444,0.011592592592592595,0.4646915530283086
86,78,2012-04-24,5,3,2011-2012,Joinville,Limeira,1,0.41225023688872414,0.07722617723396367,0.22912824949532404,0.10589581015943643,0.15708429118773948,0.052300580892349534,0.10478371029538992,0.06552049602438922,0.05555885139867343,1.3099999999999998,0.025742059077987885,0.07770897705269228,33.08533333333333,0.11456412474766202,0.22753598648704323,50.19066666666666,0.10589581015943643,0.14467424710583776,73.39266666666667,0.008481811065793269,0.035633255057059283,0.738,0.007111770279734684,0.10986042104395831,0.06666666666666667,0.05555885139867343,0.01307440365838586,0.4621768219832735,0.41391061607449325,0.13225719904290437,0.20053630545527656,0.08111711157631232,0.12204021561708009,0.03190961992769522,0.09013059568938485,0.06873004658750445,0.05766585957643069,1.2726666666666664,0.04408573301430145,0.11292027041864043,38.85533333333333,0.10026815272763828,0.18396445218234783,54.70466666666667,0.08111711157631232,0.10150444078849316,80.64266666666666,0.008652635013868494,0.028328799356207406,0.51,0.006085374093086783,0.11438307603314275,0.059333333333333335,0.05766585957643069,0.014252290304748729,0.4401506455976415
96,80,2012-04-27,1,4,2011-2012,Joinville,Pinheiros,1,0.415139125777613,0.07878173278951923,0.2314986198656944,0.10485877312239938,0.159602809706258,0.05170798829975694,0.10789482140650103,0.06633531083920405,0.05785514769496972,1.2679999999999998,0.026260577596506404,0.07852379186750709,33.37866666666667,0.1157493099328472,0.22961006056111727,50.261333333333326,0.10485877312239938,0.14248906192065255,73.65733333333334,0.008815144399126602,0.037559180982985205,0.7366666666666665,0.006519177687142092,0.1106381988217361,0.06199999999999999,0.05785514769496972,0.012889218473200674,0.4713990442054958,0.43049036374705724,0.1165932403112834,0.22770151872672256,0.08619560470905135,0.14685252484107078,0.03653345209468401,0.11031907274638675,0.08324691951843259,0.06290175958614347,1.4446666666666665,0.038864413437094465,0.1018637078222425,37.56666666666667,0.11385075936336128,0.18965918821059197,59.70933333333334,0.08619560470905135,0.12176005043985509,69.58999999999999,0.013937480761927447,0.045442596499370505,0.7566666666666665,0.015541468497106258,0.09799159346467336,0.16,0.06290175958614347,0.012732156680983929,0.514593393291767
77,92,2012-04-27,1,4,2011-2012,Sesi Franca,Coop/São José Basketball,0,0.417,0.10544444444444444,0.2185925925925926,0.09296296296296294,0.1485185185185185,0.040851851851851854,0.10766666666666665,0.0804074074074074,0.06451851851851852,1.4160000000000001,0.03514814814814815,0.09937037037037037,35.36533333333333,0.1092962962962963,0.19696296296296295,55.66933333333332,0.09296296296296294,0.11355555555555555,82.29866666666666,0.008296296296296296,0.033518518518518524,0.5866666666666666,0.014814814814814814,0.11662962962962962,0.132,0.06451851851851852,0.01688888888888889,0.48540740740740734,0.44446242203272823,0.12922812542209425,0.20902435279658615,0.10620994381404787,0.16825941251378435,0.04506471180830029,0.12319470070548406,0.09753747489323333,0.07042410885357099,1.551333333333333,0.04307604180736476,0.11920318024101408,36.202666666666666,0.10451217639829308,0.17797951066491846,58.54466666666668,0.10620994381404787,0.12691535646938484,84.14466666666667,0.00667980938088639,0.03274480709294558,0.5066666666666667,0.013363630797881106,0.0954865060310153,0.138,0.07042410885357099,0.01067556090432365,0.53764375312139
108,110,2012-04-28,1,4,2011-2012,Uberlândia,Flamengo,0,0.40985829867144036,0.12604287544533951,0.20174058278781068,0.08207484043829014,0.14860257872783536,0.03769525029689302,0.1109073284309424,0.06878361618608024,0.0579402177410391,1.3406666666666667,0.04201429181511318,0.10755970328249591,38.723333333333336,0.10087029139390534,0.1881884085949794,53.66133333333334,0.08207484043829014,0.10706638703147944,76.89666666666668,0.012312278792771606,0.030476409437395068,0.594,0.01718180382246091,0.09750330238625926,0.19133333333333338,0.0579402177410391,0.011592592592592594,0.4686915530283087,0.4348235032247653,0.11211937474610888,0.24913865656110362,0.07356547191755286,0.15397618477895939,0.037224425858221624,0.11675175892073772,0.07978438868577596,0.05211662020110962,1.5786666666666664,0.03737312491536962,0.09156216646355377,40.57066666666666,0.12456932828055181,0.21276498073673414,58.70733333333333,0.07356547191755286,0.09997563386995952,73.03133333333334,0.004964615689962512,0.032263115622258205,0.6586666666666666,0.00751851851851852,0.089416221951405,0.08866666666666667,0.05211662020110962,0.011446097171443993,0.514977160462912
70,63,2012-05-01,2,4,2011-2012,Flamengo,Uberlândia,1,0.4371568365580987,0.11751937474610888,0.2407386565611036,0.07889880525088619,0.14984285144562606,0.03649109252488828,0.11335175892073773,0.08098438868577597,0.051783286867776286,1.6213333333333328,0.039173124915369624,0.09482883313022043,42.157999999999994,0.1203693282805518,0.20489831407006745,59.29866666666667,0.07889880525088619,0.10590896720329283,73.738,0.005097949023295845,0.03246311562225821,0.6679999999999999,0.007985185185185185,0.09128288861807167,0.09200000000000001,0.051783286867776286,0.011046097171443994,0.5188438271295787,0.40999163200477373,0.12464287544533952,0.20267391612114405,0.08267484043829014,0.14686924539450208,0.038961916963559676,0.1079073284309424,0.06798361618608026,0.05760688440770577,1.332,0.04154762514844652,0.10762636994916258,38.29333333333333,0.10133695806057202,0.18638840859497943,54.40599999999999,0.08267484043829014,0.10819972036481278,76.64200000000001,0.012912278792771605,0.030609742770728404,0.6026666666666667,0.017715137155794244,0.0974366357195926,0.1966666666666667,0.05760688440770577,0.011192592592592593,0.47062488636164196
68,74,2012-05-01,2,4,2011-2012,Pinheiros,Joinville,0,0.42315703041372393,0.11359324031128339,0.22436818539338924,0.08519560470905137,0.14651919150773743,0.03753345209468401,0.10898573941305341,0.07924691951843259,0.06190175958614348,1.404,0.03786441343709446,0.09953037448890917,37.7,0.11218409269669462,0.19265918821059197,58.14933333333334,0.08519560470905137,0.12242671710652178,68.31733333333334,0.012604147428594115,0.042109263166037164,0.7186666666666668,0.014208135163772926,0.09899159346467336,0.14733333333333334,0.06190175958614348,0.012732156680983927,0.499593393291767,0.42180579244427974,0.08078173278951922,0.23616528653236107,0.10485877312239938,0.16126947637292466,0.05004132163309027,0.11122815473983438,0.07000197750587071,0.059855147694969725,1.2846666666666664,0.02692724426317307,0.08085712520084044,33.339333333333336,0.11808264326618054,0.22861006056111732,51.525333333333336,0.10485877312239938,0.14215572858731923,73.836,0.0098151443991266,0.03722584764965187,0.7033333333333333,0.006852511020475425,0.11163819882173609,0.06466666666666666,0.059855147694969725,0.012889218473200677,0.48573237753882914
96,85,2012-05-01,2,4,2011-2012,Coop/São José Basketball,Sesi Franca,1,0.4458509463470476,0.1331513964973088,0.2102170164344795,0.10248253341525938,0.16748724357553763,0.04570580216670514,0.12178144140883254,0.09746074596844786,0.07138254735264553,1.5279999999999998,0.044383798832436275,0.12046617872662739,36.855333333333334,0.10510850821723974,0.17752149282880877,58.99466666666668,0.10248253341525938,0.12183543050606668,84.41133333333333,0.006340081970487603,0.030700048553487392,0.4680000000000001,0.013350842643750195,0.09610521711969106,0.136,0.07138254735264553,0.011005697199124255,0.5389523514723911,0.41600000000000004,0.10344444444444445,0.21992592592592597,0.09262962962962962,0.14618518518518522,0.04051851851851852,0.10566666666666667,0.08274074074074074,0.06251851851851853,1.4733333333333332,0.03448148148148148,0.09937037037037037,34.47666666666667,0.10996296296296298,0.1996296296296296,55.089999999999996,0.09262962962962962,0.11188888888888888,83.57733333333334,0.007296296296296297,0.035851851851851864,0.6353333333333334,0.015148148148148148,0.11362962962962962,0.1406666666666667,0.06251851851851853,0.015888888888888886,0.48907407407407394
80,69,2012-05-03,3,4,2011-2012,Pinheiros,Joinville,1,0.41048683006035525,0.10859234022127438,0.22169978522003855,0.08019470461904238,0.14251792471439143,0.037533118728014014,0.10498480598637742,0.07891305279842724,0.06123455953280481,1.4086666666666665,0.03619744674042479,0.09819637442223585,36.36666666666667,0.11084989261001928,0.19199108806724438,57.69533333333334,0.08019470461904238,0.11709228366317743,67.56866666666666,0.012270747421926782,0.04110896313603417,0.7100000000000001,0.01454136848710526,0.10032436007466768,0.14800000000000002,0.06123455953280481,0.013732123344316925,0.4849226595517263,0.4188057924442797,0.08378173278951921,0.23016528653236104,0.10485877312239937,0.16460280970625799,0.05237465496642361,0.1122281547398344,0.07000197750587071,0.06285514769496972,1.2499999999999996,0.027927244263173077,0.0835237918675071,33.90133333333334,0.11508264326618052,0.22527672722778394,51.082,0.10485877312239937,0.1408223952539859,74.80733333333335,0.008148477732459936,0.03722584764965187,0.6906666666666668,0.006185844353808758,0.11163819882173609,0.058,0.06285514769496972,0.015555885139867342,0.4837323775388292
94,80,2012-05-03,3,4,2011-2012,Coop/São José Basketball,Sesi Franca,1,0.4415606237664024,0.1260465577876314,0.2141202422409311,0.10139382373784002,0.16573993174758064,0.046684296790361055,0.11905563495721962,0.0940467674738242,0.07135835380425844,1.454,0.04201551926254381,0.11704951205996071,35.964000000000006,0.10706012112046555,0.17843547132343238,59.816,0.10139382373784002,0.12239994663509891,83.62200000000003,0.006334705626401579,0.03034520984380997,0.4606666666666667,0.014340089955578152,0.0970433891627018,0.14266666666666666,0.07135835380425844,0.010669675693747912,0.5339254697519611,0.41737037037037034,0.09922222222222224,0.22622222222222224,0.09192592592592592,0.1457037037037037,0.040259259259259265,0.10544444444444447,0.08262962962962962,0.06485185185185185,1.4199999999999997,0.03307407407407408,0.09511111111111112,34.81000000000001,0.11311111111111112,0.2029259259259259,55.702,0.09192592592592592,0.11177777777777778,83.15200000000002,0.007000000000000002,0.036666666666666674,0.6326666666666667,0.014592592592592593,0.11437037037037037,0.13666666666666666,0.06485185185185185,0.015296296296296297,0.49255555555555547
60,77,2012-05-04,3,4,2011-2012,Flamengo,Uberlândia,0,0.42949016989143196,0.11451937474610886,0.23673865656110363,0.07823213858421951,0.1485095181122927,0.03649109252488828,0.11201842558740441,0.07765105535244263,0.051783286867776286,1.5379999999999998,0.03817312491536962,0.09282883313022043,41.96733333333334,0.11836932828055181,0.20756498073673413,57.635999999999996,0.07823213858421951,0.10590896720329282,73.03666666666666,0.004431282356629178,0.0314631156222582,0.6433333333333332,0.008651851851851853,0.09328288861807167,0.09600000000000002,0.051783286867776286,0.011046097171443994,0.5045104937962452,0.3986582986714404,0.1216428754453395,0.1940072494544774,0.08300817377162348,0.1492025787278354,0.038961916963559676,0.11024066176427573,0.06631694951941358,0.05860688440770576,1.2833333333333334,0.0405476251484465,0.10629303661582924,37.84866666666667,0.0970036247272387,0.18338840859497946,52.96133333333333,0.08300817377162348,0.10853305369814611,76.68533333333335,0.01224561212610494,0.02994307610406174,0.584,0.018381803822460907,0.09710330238625926,0.20466666666666666,0.05860688440770576,0.011192592592592593,0.4592915530283087
76,80,2012-05-04,1,4,2011-2012,Bauru Basket,Brasília,0,0.4126051413900685,0.12656889236017432,0.20233262318779788,0.08370362584209629,0.16685887642744937,0.059220039760739314,0.10763883666671005,0.06352706084632767,0.056741772093189285,1.2239999999999998,0.04218963078672478,0.11677744617728901,36.214666666666666,0.10116631159389894,0.19882237604482567,51.37199999999999,0.08370362584209629,0.10616982609126965,79.18733333333333,0.00566690008169526,0.03054675014294115,0.6000000000000001,0.00956186391995868,0.09996830799747508,0.09533333333333334,0.056741772093189285,0.015020028764559825,0.4618007362232916,0.442448873567366,0.1210635910892738,0.2191202018372994,0.10226508064079276,0.16891779634165763,0.04438622400606002,0.12453157233559767,0.07114399286676742,0.06846745271350878,1.1226666666666667,0.040354530363091265,0.11411467910521257,35.13066666666667,0.1095601009186497,0.18634630240788294,58.79866666666667,0.10226508064079276,0.1253210417796324,81.52333333333333,0.0066604554865424435,0.03305886261271005,0.5153333333333333,0.016034095080470035,0.11358575516355486,0.15200000000000002,0.06846745271350878,0.013352628961959092,0.510933809522536
90,78,2012-05-07,2,4,2011-2012,Brasília,Bauru Basket,1,0.434448873567366,0.1180635910892738,0.21445353517063273,0.10193174730745944,0.16958446300832436,0.045719557339393355,0.123864905668931,0.06814399286676744,0.06646745271350879,1.1086666666666667,0.039354530363091264,0.11411467910521256,34.019999999999996,0.10722676758531637,0.1843463024078829,58.24066666666668,0.10193174730745944,0.1253210417796324,81.26666666666667,0.0069937888198757766,0.033725529279376706,0.5346666666666666,0.016034095080470035,0.11325242183022155,0.15266666666666664,0.06646745271350879,0.01301929562862576,0.5042671428558694,0.4099384747234018,0.13156889236017433,0.19699928985446455,0.08137029250876296,0.16452554309411604,0.05888670642740598,0.10563883666671005,0.06219372751299434,0.05740843875985595,1.1753333333333333,0.04385629745339145,0.11611077951062235,37.51733333333333,0.09849964492723227,0.20048904271149234,49.588,0.08137029250876296,0.10483649275793633,78.19533333333332,0.004666900081695261,0.031213416809607816,0.6066666666666668,0.008561863919958683,0.10030164133080838,0.08666666666666668,0.05740843875985595,0.015020028764559825,0.45446740288995824
71,77,2012-05-08,4,4,2011-2012,Joinville,Pinheiros,0,0.41213912577761297,0.0877817327895192,0.22349861986569441,0.10085877312239938,0.16293614303959134,0.05104132163309027,0.11189482140650106,0.07000197750587071,0.06185514769496973,1.2633333333333332,0.029260577596506413,0.0855237918675071,34.82866666666667,0.11174930993284721,0.22327672722778397,50.053999999999995,0.10085877312239938,0.1368223952539859,74.30733333333335,0.008148477732459936,0.03722584764965188,0.7006666666666668,0.006519177687142092,0.10897153215506944,0.06199999999999999,0.06185514769496973,0.015889218473200673,0.47506571087216254,0.4084868300603553,0.10659234022127438,0.22703311855337188,0.07486137128570905,0.1485179247143914,0.039866452061347334,0.10865147265304409,0.08124638613176056,0.0622345595328048,1.4286666666666668,0.03553078007375812,0.09786304108890251,35.84733333333334,0.11351655927668594,0.197657754733911,57.38133333333334,0.07486137128570905,0.11142561699651075,67.03999999999999,0.012270747421926782,0.036108963136034164,0.6233333333333333,0.013874701820438592,0.09999102674133434,0.14266666666666666,0.0622345595328048,0.012732123344316924,0.48358932621839296
87,78,2012-05-08,4,4,2011-2012,Uberlândia,Flamengo,1,0.3966582986714405,0.11964287544533952,0.19267391612114407,0.08434150710495679,0.15053591206116876,0.03996191696355968,0.11057399509760908,0.06565028285274692,0.05760688440770577,1.29,0.039880958481779846,0.10462636994916256,37.688,0.09633695806057203,0.18438840859497943,52.205333333333336,0.08434150710495679,0.1081997203648128,77.90133333333333,0.01124561212610494,0.030276409437395076,0.5986666666666667,0.017381803822460906,0.09510330238625928,0.19933333333333333,0.05760688440770577,0.011525925925925927,0.46162488636164206,0.42015683655809866,0.10951937474610887,0.2354053232277703,0.07523213858421952,0.146842851445626,0.03849109252488829,0.10835175892073774,0.07365105535244264,0.051783286867776286,1.438,0.03650645824870295,0.09382883313022043,39.974000000000004,0.11770266161388515,0.20956498073673416,56.78933333333334,0.07523213858421952,0.10190896720329283,73.27399999999999,0.004097949023295845,0.0314631156222582,0.6433333333333333,0.008651851851851853,0.09194955528473833,0.09666666666666668,0.051783286867776286,0.011046097171443994,0.48651049379624534
99,91,2012-05-08,3,4,2011-2012,Brasília,Bauru Basket,1,0.43212754503595346,0.12206759268991405,0.20845887063815308,0.10160108170788627,0.1662557982090713,0.043053690992854735,0.12320210721621658,0.06714612705377558,0.06713625356718358,1.0846666666666667,0.040689197563304684,0.11245081355899408,35.65599999999999,0.10422943531907654,0.18135123771533923,57.641333333333336,0.10160108170788627,0.12465744300678995,81.464,0.005994055593251793,0.032726196212816756,0.5173333333333333,0.01603462862722207,0.1142549561772937,0.15,0.06713625356718358,0.012686229068668443,0.500948215284841,0.4109384747234018,0.1335688923601743,0.19699928985446455,0.08037029250876296,0.16319220976078266,0.06055337309407264,0.10263883666671006,0.06186039417966101,0.058408438759855956,1.1520000000000001,0.04452296412005812,0.11844411284395567,37.20933333333333,0.09849964492723227,0.20315570937815902,49.14999999999999,0.08037029250876296,0.10283649275793634,78.86066666666666,0.004666900081695261,0.032546750142941144,0.6193333333333333,0.008228530586625349,0.10096830799747504,0.08200000000000003,0.058408438759855956,0.015020028764559823,0.4521340695566249
73,63,2012-05-11,5,4,2011-2012,Pinheiros,Joinville,1,0.40560285472081054,0.10380329836339648,0.2302074568466088,0.07159209951080524,0.15013587307576906,0.040455707148725074,0.10968016592704401,0.07709156297318272,0.06300774824091215,1.35,0.03460109945446548,0.09589131717475056,35.73533333333333,0.1151037284233044,0.1993847282656405,57.856,0.07159209951080524,0.10834027884233657,66.44733333333333,0.013122182085626776,0.03492044044563413,0.5966666666666666,0.012205949213012645,0.10109462846571203,0.12400000000000001,0.06300774824091215,0.012878602739857647,0.4779229840313999,0.40217616281464996,0.08744839945618588,0.21194306431013882,0.1027846990483253,0.16423243933588758,0.05400428459605323,0.11022815473983441,0.06952049602438923,0.06344774028756232,1.1686666666666667,0.0291494664853953,0.08541268075639598,34.72866666666667,0.10597153215506941,0.2210915420425988,48.148,0.1027846990483253,0.13904461747620814,74.75200000000001,0.007407736991719195,0.03689251431631855,0.6353333333333334,0.0073710295389939435,0.11008264326618054,0.06933333333333333,0.06344774028756232,0.016741070325052523,0.46210274790919953
77,62,2012-05-11,5,4,2011-2012,Flamengo,Uberlândia,1,0.41249016989143195,0.10751937474610887,0.22873865656110362,0.07623213858421951,0.14584285144562603,0.03782442585822162,0.1080184255874044,0.0693177220191093,0.048783286867776283,1.5326666666666668,0.0358397915820363,0.09649549979688708,38.33666666666667,0.11436932828055181,0.20656498073673416,56.010000000000005,0.07623213858421951,0.10190896720329283,74.45066666666666,0.004764615689962512,0.03279644895559154,0.7333333333333333,0.00831851851851852,0.09294955528473835,0.09266666666666667,0.048783286867776283,0.010712763838110661,0.47651049379624527,0.4043249653381071,0.11864287544533951,0.19734058278781072,0.08834150710495679,0.1512025787278354,0.03996191696355967,0.11124066176427573,0.06631694951941358,0.0559402177410391,1.328,0.0395476251484465,0.0999597032824959,39.24400000000001,0.09867029139390536,0.18772174192831279,52.66133333333333,0.08834150710495679,0.11286638703147946,78.536,0.011578945459438272,0.028276409437395074,0.5806666666666666,0.016048470489127574,0.09610330238625926,0.17933333333333332,0.0559402177410391,0.011525925925925927,0.4722915530283087
84,68,2012-05-15,1,5,2011-2012,Flamengo,Coop/São José Basketball,1,0.40382607014812427,0.10451987479611387,0.2274071900811223,0.07189900527088819,0.14584401822897106,0.03849129254489028,0.10735272568408075,0.06565145539244663,0.04745022022777896,1.5046666666666666,0.03483995826537129,0.09649606652022609,37.160000000000004,0.11370359504056116,0.2082331142167488,55.12466666666667,0.07189900527088819,0.09790930056996282,72.69333333333333,0.005097982359962846,0.03146318229559221,0.7166666666666667,0.007985251858519187,0.09528355535141168,0.08400000000000002,0.04745022022777896,0.011046163844777997,0.46218029410961,0.44012899554841517,0.13001646751681897,0.2120741038256853,0.0980384242059109,0.16404116879204741,0.04600960605147773,0.11803156274056967,0.09435803460856176,0.06834431167787929,1.6559999999999997,0.04333882250560631,0.12036077919469824,35.85066666666667,0.10603705191284266,0.17339234193526792,61.01200000000001,0.0980384242059109,0.11937587441844896,82.84400000000002,0.007668038959734913,0.028673528132007898,0.4366666666666667,0.014002744586136491,0.09702332898216018,0.13933333333333336,0.06834431167787929,0.009666666666666667,0.5348121297319007
107,99,2012-05-18,2,5,2011-2012,Coop/São José Basketball,Flamengo,1,0.4337956622150818,0.13001646751681897,0.208740770492352,0.09503842420591088,0.15704116879204738,0.0436762727181444,0.113364896073903,0.09135803460856179,0.06534431167787931,1.698666666666667,0.04333882250560632,0.12202744586136492,35.525999999999996,0.104370385246176,0.17072567526860125,60.79,0.09503842420591088,0.11637587441844896,82.394,0.007001372293068246,0.03034019479867457,0.5373333333333333,0.013002744586136494,0.09535666231549353,0.13333333333333333,0.06534431167787931,0.010333333333333335,0.5231454630652341,0.39949273681479097,0.10751987479611387,0.21674052341445563,0.07523233860422152,0.14717735156230435,0.03882462587822362,0.10835272568408075,0.06231812205911331,0.04778355356111229,1.434,0.03583995826537129,0.09716273318689275,38.02266666666667,0.10837026170722781,0.2028997808834155,54.08333333333334,0.07523233860422152,0.09924263390329617,74.7,0.005431315693296179,0.02946318229559221,0.676,0.007651918525185852,0.093616888684745,0.08200000000000002,0.04778355356111229,0.011046163844777995,0.4535136274429433
90,77,2012-05-18,1,5,2011-2012,Brasília,Pinheiros,1,0.4377942117026202,0.12506759268991405,0.21512553730481976,0.09760108170788627,0.16258913154240465,0.04138702432618808,0.12120210721621659,0.0704794603871089,0.0661362535671836,1.162,0.041689197563304685,0.11278414689232744,36.51333333333333,0.10756276865240988,0.18401790438200594,58.550666666666665,0.09760108170788627,0.12032410967345664,81.36866666666668,0.005994055593251794,0.032392862879483425,0.5233333333333333,0.016367961960555406,0.11425495617729368,0.15333333333333332,0.0661362535671836,0.01235289573533511,0.5102815486181743,0.4066028547208106,0.10380329836339648,0.2295407901799421,0.0732587661774719,0.15113587307576906,0.03878904048205842,0.11234683259371069,0.07742489630651606,0.0653410815742455,1.3126666666666666,0.03460109945446548,0.09555798384141721,35.81333333333334,0.11477039508997106,0.19738472826564055,58.17066666666667,0.0732587661774719,0.10900694550900324,67.59866666666666,0.013788848752293444,0.0355871071123008,0.5800000000000001,0.013539282546345977,0.10509462846571203,0.13133333333333333,0.0653410815742455,0.015878602739857646,0.4879229840313999
81,65,2012-05-20,2,5,2011-2012,Pinheiros,Brasília,1,0.3999361880541438,0.10480329836339648,0.2202074568466088,0.07492543284413856,0.15646920640910236,0.04145570714872509,0.11501349926037732,0.07509156297318273,0.06734108157424548,1.2193333333333336,0.03493443278779882,0.09722465050808388,35.788,0.1101037284233044,0.19538472826564052,56.55199999999999,0.07492543284413856,0.10934027884233655,68.556,0.011788848752293442,0.03292044044563413,0.506,0.01320594921301264,0.10776129513237871,0.12466666666666669,0.06734108157424548,0.016211936073190984,0.47892298403139993,0.4417942117026202,0.12906759268991405,0.21112553730481978,0.10160108170788629,0.16125579820907135,0.03905369099285474,0.12220210721621662,0.0724794603871089,0.0661362535671836,1.1953333333333334,0.04302253089663802,0.11378414689232744,37.294,0.10556276865240989,0.17868457104867258,58.870666666666665,0.10160108170788629,0.12565744300678994,80.75066666666666,0.005994055593251794,0.03405952954615009,0.5506666666666666,0.01703462862722207,0.11358828951062704,0.15866666666666665,0.0661362535671836,0.012686229068668443,0.5222815486181742
100,91,2012-05-20,3,5,2011-2012,Coop/São José Basketball,Flamengo,1,0.43403703703703694,0.13577777777777778,0.2066666666666667,0.09159259259259259,0.15796296296296297,0.04518518518518519,0.11277777777777778,0.08888888888888889,0.0677037037037037,1.5960000000000003,0.045259259259259256,0.12392592592592591,36.72133333333333,0.10333333333333335,0.17055555555555554,60.354000000000006,0.09159259259259259,0.11429629629629628,81.13466666666667,0.006962962962962963,0.030444444444444444,0.5186666666666667,0.01262962962962963,0.09766666666666665,0.128,0.0677037037037037,0.010925925925925927,0.519962962962963,0.402492736814791,0.10274209701833607,0.21955533822927045,0.08019530156718449,0.15047364785860065,0.03978758884118659,0.11068605901741406,0.06424404798503923,0.04637614615370487,1.498,0.0342473656727787,0.0976071776313372,36.30066666666667,0.10977766911463523,0.20438126236489698,54.416666666666664,0.08019530156718449,0.10468707834774063,75.22866666666667,0.005727611989592475,0.02924096007336999,0.684,0.007874140747408075,0.09457985164770795,0.08333333333333336,0.04637614615370487,0.011009126807740958,0.46099510892442486
74,76,2012-05-22,3,5,2011-2012,Pinheiros,Brasília,0,0.3979361880541438,0.1018032983633965,0.21820745684660883,0.07792543284413855,0.15780253974243572,0.04245570714872508,0.11534683259371065,0.07775822963984938,0.06667441490757882,1.2719999999999998,0.03393443278779883,0.09589131717475056,35.45466666666666,0.10910372842330442,0.19638472826564052,55.62599999999998,0.07792543284413855,0.11267361217566989,69.516,0.011788848752293442,0.034587107112300806,0.534,0.011539282546345977,0.10909462846571204,0.10600000000000001,0.06667441490757882,0.01621193607319098,0.47992298403139994,0.44074081956442873,0.12204168179932115,0.2144384559970799,0.10426068176802762,0.15589419844963665,0.037046624386329406,0.11884757406330726,0.07247082342357794,0.06478957219930241,1.2086666666666668,0.04068056059977373,0.11243196927492655,35.572,0.10721922799853995,0.17966101569358817,59.618666666666655,0.10426068176802762,0.12797978384108388,81.86133333333333,0.006327388926585128,0.033721485141799866,0.5526666666666666,0.017033843448719256,0.11523768225023176,0.158,0.06478957219930241,0.011348184664318221,0.5188932527896439
105,109,2012-05-25,4,5,2011-2012,Brasília,Pinheiros,0,0.4350741528977621,0.12304168179932115,0.21110512266374656,0.1009273484346943,0.15222753178297002,0.036379957719662744,0.11584757406330727,0.0721374900902446,0.06512290553263574,1.200666666666667,0.04101389393310706,0.11343196927492655,35.55733333333333,0.10555256133187328,0.17699434902692152,59.452,0.1009273484346943,0.1229797838410839,82.28866666666666,0.005327388926585128,0.03505481847513319,0.5686666666666667,0.016700510115385925,0.11223768225023177,0.15733333333333333,0.06512290553263574,0.013014851330984888,0.5152265861229772,0.3942695213874771,0.10780329836339649,0.21020745684660874,0.07625876617747189,0.15613587307576907,0.04178904048205842,0.11434683259371066,0.07842489630651607,0.0676744149075788,1.2653333333333334,0.03593443278779882,0.1005579838414172,35.89466666666667,0.10510372842330437,0.19105139493230716,54.933333333333316,0.07625876617747189,0.11034027884233658,69.578,0.010788848752293443,0.03292044044563413,0.5006666666666667,0.011539282546345977,0.11009462846571205,0.10466666666666666,0.0676744149075788,0.01754526940652432,0.47258965069806663
92,80,2012-05-25,4,5,2011-2012,Flamengo,Coop/São José Basketball,1,0.4088260701481243,0.10074209701833607,0.22355533822927043,0.08452863490051782,0.14714031452526732,0.038787588841186584,0.10835272568408073,0.06424404798503923,0.0487094794870382,1.4326666666666668,0.033580699006112026,0.0979405109646705,35.46266666666667,0.11177766911463521,0.2027145956982303,55.70266666666667,0.08452863490051782,0.10802041168107396,77.33533333333334,0.007060945322925809,0.029240960073369984,0.6366666666666666,0.007874140747408075,0.09724651831437463,0.07866666666666668,0.0487094794870382,0.011342460141074292,0.4646617755910915,0.4383703703703704,0.13777777777777775,0.21399999999999997,0.08659259259259257,0.15596296296296294,0.04451851851851852,0.11144444444444446,0.08955555555555554,0.06537037037037038,1.6486666666666667,0.04592592592592593,0.12425925925925926,37.17666666666666,0.10699999999999998,0.1738888888888889,61.12933333333333,0.08659259259259257,0.11096296296296296,79.02866666666667,0.006962962962962963,0.030444444444444444,0.53,0.0122962962962963,0.09733333333333331,0.12466666666666666,0.06537037037037038,0.009925925925925925,0.525962962962963
68,81,2012-05-27,5,5,2011-2012,Pinheiros,Brasília,0,0.3983361880541438,0.10700329836339648,0.21074079017994213,0.0805920995108052,0.15753587307576908,0.04178904048205843,0.11574683259371064,0.08009156297318272,0.06714108157424549,1.3066666666666664,0.03566776612113216,0.09882465050808388,36.15133333333333,0.10537039508997106,0.19238472826564051,54.618666666666655,0.0805920995108052,0.11514027884233655,70.56266666666667,0.009788848752293442,0.034853773778967465,0.5406666666666666,0.011405949213012644,0.11022796179904537,0.10333333333333333,0.06714108157424549,0.01787860273985765,0.4827896506980667,0.42829154420210985,0.1220975824204392,0.2023001537196472,0.10389380806202349,0.14897287339787685,0.03666318753332734,0.11230968586454951,0.06844556462440611,0.06375810222000634,1.1680000000000001,0.0406991941401464,0.11460464008237996,34.78,0.1011500768598236,0.1730208500621182,58.43666666666665,0.10389380806202349,0.12615659543528676,82.648,0.0043336001067093505,0.03367345201550587,0.5586666666666668,0.016975458355551556,0.11513954560426903,0.15399999999999997,0.06375810222000634,0.012821062511109111,0.49964563374202486
106,90,2012-05-27,5,5,2011-2012,Coop/São José Basketball,Flamengo,1,0.43537037037037035,0.14277777777777778,0.2086666666666667,0.08392592592592592,0.15329629629629632,0.04551851851851853,0.10777777777777778,0.08822222222222222,0.06503703703703705,1.6373333333333335,0.0475925925925926,0.12392592592592593,38.72266666666666,0.10433333333333335,0.17455555555555557,59.251999999999995,0.08392592592592592,0.10662962962962962,79.52333333333334,0.006962962962962963,0.03144444444444445,0.542,0.011962962962962965,0.09866666666666667,0.12066666666666667,0.06503703703703705,0.009592592592592592,0.5182962962962964,0.406492736814791,0.09774209701833607,0.2222220048959371,0.08652863490051782,0.14647364785860068,0.038787588841186584,0.10768605901741406,0.06357738131837257,0.04637614615370487,1.5133333333333334,0.032580699006112025,0.0976071776313372,34.526666666666664,0.11111100244796855,0.20138126236489695,55.81733333333333,0.08652863490051782,0.11002041168107396,77.63533333333334,0.007394278656259142,0.030574293406703316,0.7226666666666667,0.007874140747408075,0.09857985164770797,0.076,0.04637614615370487,0.010009126807740958,0.4633284422577582
62,78,2012-06-02,1,6,2011-2012,Coop/São José Basketball,Brasília,0,0.44237037037037036,0.1417777777777778,0.21666666666666667,0.08392592592592592,0.150962962962963,0.04418518518518519,0.10677777777777778,0.09055555555555556,0.0637037037037037,1.6800000000000002,0.04725925925925926,0.12025925925925926,40.173333333333325,0.10833333333333334,0.17955555555555558,59.833999999999996,0.08392592592592592,0.10562962962962961,80.152,0.007962962962962963,0.03044444444444445,0.5359999999999999,0.013629629629629632,0.10000000000000002,0.136,0.0637037037037037,0.00825925925925926,0.5282962962962963,0.42762487753544315,0.12409758242043918,0.20163348705298054,0.10189380806202349,0.15030620673121017,0.036663187533327334,0.11364301919788283,0.06911223129107277,0.06475810222000633,1.1626666666666665,0.041365860806813065,0.11193797341571331,36.11333333333334,0.10081674352649027,0.1730208500621182,58.19799999999999,0.10189380806202349,0.12482326210195344,81.75933333333334,0.0043336001067093505,0.0350067853488392,0.5700000000000001,0.01630879168888489,0.1154728789376024,0.14800000000000002,0.06475810222000633,0.013154395844442442,0.5039789670753582
77,70,2012-11-23,1,1,2012-2013,Minas,Tijuca,1,0.0,0.0,0.0,0.0,0.0,0.0,0.0,0.0,0.0,0.0,0.0,0.0,0.0,0.0,0.0,0.0,0.0,0.0,0.0,0.0,0.0,0.0,0.0,0.0,0.0,0.0,0.0,0.0,0.0,0.0,0.0,0.0,0.0,0.0,0.0,0.0,0.0,0.0,0.0,0.0,0.0,0.0,0.0,0.0,0.0,0.0,0.0,0.0,0.0,0.0,0.0,0.0,0.0,0.0,0.0,0.0
62,76,2012-11-24,1,1,2012-2013,Sesi Franca,Brasília,0,0.0,0.0,0.0,0.0,0.0,0.0,0.0,0.0,0.0,0.0,0.0,0.0,0.0,0.0,0.0,0.0,0.0,0.0,0.0,0.0,0.0,0.0,0.0,0.0,0.0,0.0,0.0,0.0,0.0,0.0,0.0,0.0,0.0,0.0,0.0,0.0,0.0,0.0,0.0,0.0,0.0,0.0,0.0,0.0,0.0,0.0,0.0,0.0,0.0,0.0,0.0,0.0,0.0,0.0,0.0,0.0
62,82,2012-11-24,1,1,2012-2013,Coop/São José Basketball,Bauru Basket,0,0.0,0.0,0.0,0.0,0.0,0.0,0.0,0.0,0.0,0.0,0.0,0.0,0.0,0.0,0.0,0.0,0.0,0.0,0.0,0.0,0.0,0.0,0.0,0.0,0.0,0.0,0.0,0.0,0.0,0.0,0.0,0.0,0.0,0.0,0.0,0.0,0.0,0.0,0.0,0.0,0.0,0.0,0.0,0.0,0.0,0.0,0.0,0.0,0.0,0.0,0.0,0.0,0.0,0.0,0.0,0.0
71,59,2012-11-24,1,1,2012-2013,Mogi,L. Sorocabana,1,0.0,0.0,0.0,0.0,0.0,0.0,0.0,0.0,0.0,0.0,0.0,0.0,0.0,0.0,0.0,0.0,0.0,0.0,0.0,0.0,0.0,0.0,0.0,0.0,0.0,0.0,0.0,0.0,0.0,0.0,0.0,0.0,0.0,0.0,0.0,0.0,0.0,0.0,0.0,0.0,0.0,0.0,0.0,0.0,0.0,0.0,0.0,0.0,0.0,0.0,0.0,0.0,0.0,0.0,0.0,0.0
86,82,2012-11-24,1,1,2012-2013,Paulistano,Limeira,1,0.0,0.0,0.0,0.0,0.0,0.0,0.0,0.0,0.0,0.0,0.0,0.0,0.0,0.0,0.0,0.0,0.0,0.0,0.0,0.0,0.0,0.0,0.0,0.0,0.0,0.0,0.0,0.0,0.0,0.0,0.0,0.0,0.0,0.0,0.0,0.0,0.0,0.0,0.0,0.0,0.0,0.0,0.0,0.0,0.0,0.0,0.0,0.0,0.0,0.0,0.0,0.0,0.0,0.0,0.0,0.0
88,87,2012-11-24,1,1,2012-2013,Pinheiros,Joinville,1,0.0,0.0,0.0,0.0,0.0,0.0,0.0,0.0,0.0,0.0,0.0,0.0,0.0,0.0,0.0,0.0,0.0,0.0,0.0,0.0,0.0,0.0,0.0,0.0,0.0,0.0,0.0,0.0,0.0,0.0,0.0,0.0,0.0,0.0,0.0,0.0,0.0,0.0,0.0,0.0,0.0,0.0,0.0,0.0,0.0,0.0,0.0,0.0,0.0,0.0,0.0,0.0,0.0,0.0,0.0,0.0
95,86,2012-11-24,1,1,2012-2013,Palmeiras,Suzano,1,0.0,0.0,0.0,0.0,0.0,0.0,0.0,0.0,0.0,0.0,0.0,0.0,0.0,0.0,0.0,0.0,0.0,0.0,0.0,0.0,0.0,0.0,0.0,0.0,0.0,0.0,0.0,0.0,0.0,0.0,0.0,0.0,0.0,0.0,0.0,0.0,0.0,0.0,0.0,0.0,0.0,0.0,0.0,0.0,0.0,0.0,0.0,0.0,0.0,0.0,0.0,0.0,0.0,0.0,0.0,0.0
84,71,2012-11-24,1,1,2012-2013,Uberlândia,Fortaleza B. C. / CFO,1,0.0,0.0,0.0,0.0,0.0,0.0,0.0,0.0,0.0,0.0,0.0,0.0,0.0,0.0,0.0,0.0,0.0,0.0,0.0,0.0,0.0,0.0,0.0,0.0,0.0,0.0,0.0,0.0,0.0,0.0,0.0,0.0,0.0,0.0,0.0,0.0,0.0,0.0,0.0,0.0,0.0,0.0,0.0,0.0,0.0,0.0,0.0,0.0,0.0,0.0,0.0,0.0,0.0,0.0,0.0,0.0
61,82,2012-11-24,1,1,2012-2013,Espírito Santo,Flamengo,0,0.0,0.0,0.0,0.0,0.0,0.0,0.0,0.0,0.0,0.0,0.0,0.0,0.0,0.0,0.0,0.0,0.0,0.0,0.0,0.0,0.0,0.0,0.0,0.0,0.0,0.0,0.0,0.0,0.0,0.0,0.0,0.0,0.0,0.0,0.0,0.0,0.0,0.0,0.0,0.0,0.0,0.0,0.0,0.0,0.0,0.0,0.0,0.0,0.0,0.0,0.0,0.0,0.0,0.0,0.0,0.0
90,68,2012-11-26,2,1,2012-2013,Sesi Franca,Fortaleza B. C. / CFO,1,0.31,0.3,0.2,0.05,0.165,0.055,0.11,0.06,0.1,0.6,0.02,0.075,26.67,0.1,0.235,42.55,0.05,0.065,76.92,0.005,0.055,0.55,0.015,0.075,0.2,0.1,0.02,0.335,0.355,0.285,0.19,0.09,0.14,0.06,0.08,0.06,0.04,1.5,0.025,0.09,27.78,0.095,0.245,38.78,0.09,0.13,69.23,0.0,0.07,1.75,0.015,0.1,0.15,0.04,0.0,0.385
73,80,2012-11-26,2,1,2012-2013,Mogi,Bauru Basket,0,0.355,0.225,0.15,0.1,0.205,0.06,0.145,0.085,0.075,1.13,0.035,0.085,41.18,0.075,0.17,44.12,0.1,0.125,80.0,0.005,0.02,0.27,0.01,0.105,0.1,0.075,0.02,0.475,0.41,0.315,0.21,0.065,0.195,0.075,0.12,0.06,0.055,1.09,0.045,0.165,27.27,0.105,0.17,61.76,0.065,0.105,61.9,0.005,0.01,0.18,0.005,0.06,0.08,0.055,0.015,0.455
58,56,2012-11-26,2,1,2012-2013,Espírito Santo,Tijuca,1,0.305,0.3,0.2,0.06,0.095,0.035,0.06,0.045,0.07,0.64,0.015,0.09,16.67,0.1,0.225,44.44,0.06,0.1,60.0,0.0,0.04,0.57,0.005,0.11,0.05,0.07,0.015,0.235,0.35,0.27,0.18,0.08,0.115,0.015,0.1,0.07,0.08,0.88,0.03,0.075,40.0,0.09,0.18,50.0,0.08,0.095,84.21,0.01,0.02,0.25,0.005,0.09,0.06,0.08,0.02,0.365
95,71,2012-11-26,2,1,2012-2013,Paulistano,Joinville,1,0.43,0.36,0.24,0.07,0.125,0.04,0.085,0.1,0.07,1.43,0.04,0.09,44.44,0.12,0.21,57.14,0.07,0.115,60.87,0.02,0.065,0.93,0.005,0.105,0.05,0.07,0.0,0.515,0.3879079721776351,0.32102728731942215,0.21401819154628143,0.10700909577314072,0.11146780809702157,0.031210986267166042,0.08025682182985554,0.05350454788657036,0.07133939718209381,0.75,0.022293561619404316,0.10255038344925985,21.74,0.10700909577314072,0.2051007668985197,52.17,0.10700909577314072,0.1560549313358302,68.57,0.0,0.049045835562689495,0.69,0.008917424647761726,0.1203852327447833,0.07,0.07133939718209381,0.035669698591046906,0.3968253968253968
77,73,2012-11-27,2,1,2012-2013,Coop/São José Basketball,L. Sorocabana,1,0.31,0.21,0.14,0.05,0.14,0.04,0.1,0.045,0.045,1.0,0.04,0.115,34.78,0.07,0.175,40.0,0.05,0.07,71.43,0.005,0.015,0.33,0.005,0.09,0.06,0.045,0.01,0.3,0.295,0.27,0.18,0.085,0.145,0.06,0.085,0.04,0.05,0.8,0.01,0.125,8.0,0.09,0.2,45.0,0.085,0.12,70.83,0.005,0.045,0.9,0.005,0.11,0.05,0.05,0.015,0.27
76,67,2012-11-29,3,1,2012-2013,Tijuca,Mogi,1,0.315,0.3075,0.20500000000000002,0.05,0.14250000000000002,0.0225,0.12000000000000001,0.0575,0.07250000000000001,0.7849999999999999,0.02,0.075,26.665,0.10250000000000001,0.20500000000000002,50.0,0.05,0.065,70.675,0.01,0.03,0.435,0.01,0.0725,0.165,0.07250000000000001,0.027500000000000004,0.35250000000000004,0.3397222222222222,0.2658333333333333,0.17722222222222223,0.07,0.1736111111111111,0.05666666666666667,0.11694444444444443,0.06472222222222222,0.07305555555555555,0.8799999999999999,0.030833333333333338,0.0825,37.254999999999995,0.08861111111111111,0.19166666666666668,46.019999999999996,0.07,0.09805555555555556,68.125,0.006944444444444444,0.025555555555555554,0.355,0.005,0.10138888888888889,0.05,0.07305555555555555,0.016666666666666666,0.39749999999999996
79,86,2012-11-29,3,1,2012-2013,Palmeiras,Paulistano,0,0.475,0.345,0.23,0.08,0.145,0.035,0.11,0.09,0.045,2.0,0.055,0.13,42.31,0.115,0.19,60.53,0.08,0.115,69.57,0.015,0.055,1.22,0.025,0.125,0.2,0.045,0.01,0.605,0.4525,0.36,0.24,0.1,0.1525,0.05,0.10250000000000001,0.10750000000000001,0.07750000000000001,1.3900000000000001,0.037500000000000006,0.0975,38.885,0.12,0.2025,59.34,0.1,0.15,65.57,0.03,0.07,0.905,0.0025,0.11249999999999999,0.025,0.07750000000000001,0.01,0.575
73,55,2012-11-29,3,1,2012-2013,Joinville,Minas,1,0.3714539860888175,0.28801364365971105,0.19200909577314074,0.08600454788657036,0.1382339040485108,0.04560549313358302,0.09262841091492777,0.05925227394328518,0.0906696985910469,0.6699999999999999,0.03114678080970216,0.10377519172462993,29.92,0.09600454788657037,0.20255038344925985,47.335,0.08600454788657036,0.1330274656679151,63.83,0.0025,0.042022917781344746,0.505,0.006958712323880864,0.13769261637239166,0.05,0.0906696985910469,0.017834849295523453,0.3659126984126984,0.3856362998948265,0.2554214453848851,0.1702809635899234,0.03505784544498423,0.1702809635899234,0.050082636349977463,0.12019832723994592,0.08013221815996395,0.0851404817949617,0.94,0.06009916361997296,0.14523964541493464,41.38,0.0851404817949617,0.1602644363199279,53.13,0.03505784544498423,0.040066109079981975,87.5,0.010016527269995494,0.025041318174988732,0.29,0.010016527269995494,0.12520659087494365,0.08,0.0851404817949617,0.01502479090499324,0.4407271998798017
88,87,2012-11-29,3,1,2012-2013,Limeira,Espírito Santo,1,0.41,0.285,0.19,0.055,0.14,0.04,0.1,0.095,0.09,1.06,0.055,0.105,52.38,0.095,0.195,48.72,0.055,0.075,73.33,0.005,0.045,0.5,0.005,0.115,0.04,0.09,0.01,0.465,0.2975,0.28500000000000003,0.19,0.04,0.14500000000000002,0.045,0.1,0.05,0.07500000000000001,0.665,0.0225,0.10250000000000001,21.380000000000003,0.095,0.22,43.15,0.04,0.065,63.335,0.0025,0.042499999999999996,0.565,0.0075,0.0875,0.1,0.07500000000000001,0.015,0.27749999999999997
59,80,2012-11-29,3,1,2012-2013,L. Sorocabana,Sesi Franca,0,0.32999999999999996,0.315,0.21,0.0675,0.16499999999999998,0.06,0.10500000000000001,0.0475,0.07250000000000001,0.69,0.0175,0.10250000000000001,19.625,0.105,0.21250000000000002,49.165,0.0675,0.1,66.66499999999999,0.0075,0.0375,0.61,0.005,0.10500000000000001,0.05,0.07250000000000001,0.0125,0.3325,0.38,0.315,0.21000000000000002,0.07250000000000001,0.1725,0.052500000000000005,0.12,0.0775,0.095,0.8300000000000001,0.0325,0.075,43.335,0.10500000000000001,0.245,42.845,0.07250000000000001,0.0975,75.0,0.0075,0.06,0.635,0.02,0.0975,0.20500000000000002,0.095,0.0325,0.46499999999999997
81,82,2012-11-29,3,1,2012-2013,Bauru Basket,Uberlândia,0,0.3827777777777778,0.3041666666666667,0.20277777777777778,0.06583333333333333,0.1663888888888889,0.05972222222222222,0.10666666666666666,0.06555555555555556,0.06305555555555556,1.045,0.03805555555555555,0.14472222222222222,26.134999999999998,0.10138888888888889,0.16722222222222222,60.61,0.06583333333333333,0.09472222222222222,70.425,0.004722222222222222,0.013888888888888888,0.215,0.006944444444444444,0.06333333333333332,0.10500000000000001,0.06305555555555556,0.014166666666666668,0.4141666666666667,0.42,0.24,0.16,0.08,0.13,0.025,0.105,0.09,0.08,1.13,0.06,0.14,42.86,0.08,0.145,55.17,0.08,0.095,84.21,0.015,0.05,0.63,0.01,0.11,0.09,0.08,0.005,0.48
99,80,2012-12-01,4,1,2012-2013,Joinville,Espírito Santo,1,0.36930265739254503,0.30700909577314067,0.20467273051542714,0.07733636525771358,0.15048926936567386,0.04540366208905535,0.10508560727661852,0.057834849295523454,0.09211313239403125,0.64,0.029097853873134776,0.09751679448308663,29.75,0.10233636525771357,0.2167002556328399,47.20333333333334,0.07733636525771358,0.11201831044527673,71.12333333333333,0.005,0.049681945187563165,0.5633333333333334,0.007972474882587241,0.12179507758159443,0.07,0.09211313239403125,0.020223232863682303,0.3806084656084656,0.3433333333333333,0.26,0.17333333333333334,0.06,0.13333333333333333,0.03666666666666667,0.09666666666666668,0.06333333333333334,0.08,0.7766666666666667,0.03666666666666667,0.11,31.58666666666667,0.08666666666666667,0.19499999999999998,44.85999999999999,0.06,0.08166666666666667,71.21,0.0033333333333333335,0.03833333333333333,0.48666666666666664,0.01,0.09166666666666667,0.11666666666666665,0.08,0.023333333333333334,0.3499999999999999
74,63,2012-12-01,4,1,2012-2013,L. Sorocabana,Uberlândia,1,0.3183333333333333,0.27999999999999997,0.18666666666666668,0.06666666666666667,0.13833333333333334,0.043333333333333335,0.09500000000000001,0.03666666666666667,0.06833333333333334,0.5433333333333333,0.021666666666666667,0.09666666666666668,24.846666666666664,0.09333333333333334,0.18500000000000003,50.72666666666667,0.06666666666666667,0.09833333333333334,67.25,0.011666666666666667,0.028333333333333332,0.4633333333333333,0.005,0.10333333333333335,0.05000000000000001,0.06833333333333334,0.015,0.3066666666666667,0.415,0.28500000000000003,0.19,0.07500000000000001,0.1225,0.0275,0.095,0.0975,0.065,1.615,0.05,0.125,39.61,0.095,0.15999999999999998,59.015,0.07500000000000001,0.0825,92.10499999999999,0.025,0.037500000000000006,0.565,0.0125,0.1125,0.11,0.065,0.0075,0.4875
84,72,2012-12-01,4,1,2012-2013,Paulistano,Suzano,1,0.4290740740740741,0.3511111111111111,0.23407407407407407,0.09333333333333334,0.17425925925925925,0.06296296296296296,0.1112962962962963,0.09537037037037038,0.07833333333333335,1.2233333333333334,0.03388888888888889,0.08870370370370372,38.42333333333333,0.11703703703703704,0.21944444444444447,54.18000000000001,0.09333333333333334,0.13999999999999999,65.93666666666667,0.024444444444444446,0.05407407407407408,0.6966666666666667,0.003148148148148148,0.11203703703703703,0.03,0.07833333333333335,0.018518518518518517,0.5388888888888889,0.43331485866881647,0.3023126920945231,0.20154179472968206,0.08061671789187283,0.1763490703884718,0.05542399355066257,0.12092507683780924,0.06046253841890462,0.10580944223308308,0.57,0.050385448682420515,0.11084798710132514,45.45,0.10077089736484103,0.22673451907089232,44.44,0.08061671789187283,0.11588653196956719,69.57,0.0,0.015115634604726156,0.14,0.010077089736484104,0.11588653196956719,0.09,0.10580944223308308,0.020154179472968207,0.42323776893233234
67,74,2012-12-01,4,1,2012-2013,Bauru Basket,Sesi Franca,0,0.3901851851851852,0.3027777777777778,0.20185185185185187,0.06722222222222222,0.16092592592592592,0.06648148148148147,0.09444444444444444,0.0787037037037037,0.0587037037037037,1.3966666666666665,0.04037037037037037,0.13148148148148148,31.709999999999997,0.10092592592592593,0.1848148148148148,55.55666666666667,0.06722222222222222,0.09814814814814815,69.17333333333333,0.008148148148148147,0.019259259259259257,0.3433333333333333,0.004629629629629629,0.06888888888888889,0.07,0.0587037037037037,0.012777777777777779,0.43277777777777776,0.3866666666666667,0.34500000000000003,0.23,0.06666666666666667,0.16166666666666665,0.04833333333333334,0.11333333333333333,0.065,0.085,0.7600000000000001,0.03,0.06833333333333333,44.04,0.115,0.25333333333333335,45.23,0.06666666666666667,0.09333333333333334,71.57,0.01,0.06333333333333334,0.7833333333333333,0.016666666666666666,0.09500000000000001,0.17333333333333334,0.085,0.024999999999999998,0.4566666666666666
85,87,2012-12-01,4,1,2012-2013,Limeira,Minas,0,0.425,0.3075,0.20500000000000002,0.07,0.13,0.0325,0.0975,0.09,0.0675,1.475,0.05,0.11249999999999999,44.94,0.10250000000000001,0.18,57.695,0.07,0.0875,79.16499999999999,0.0075,0.035,0.53,0.0075,0.12,0.06,0.0675,0.0075,0.48750000000000004,0.33031814994741326,0.23271072269244253,0.1551404817949617,0.06252892272249211,0.1451404817949617,0.04504131817498873,0.10009916361997295,0.04506610907998197,0.08257024089748086,0.5349999999999999,0.03754958180998648,0.13011982270746733,27.21,0.07757024089748085,0.15263221815996394,50.705,0.06252892272249211,0.07753305453999099,82.88,0.005008263634997747,0.022520659087494364,0.27,0.010008263634997747,0.10510329543747182,0.1,0.08257024089748086,0.02001239545249662,0.3228635999399008
101,75,2012-12-06,5,1,2012-2013,Sesi Franca,Tijuca,1,0.38250000000000006,0.36000000000000004,0.24000000000000002,0.0675,0.15125,0.046250000000000006,0.105,0.06625,0.06875,1.445,0.024999999999999998,0.0725,35.97,0.12000000000000001,0.245,49.2625,0.0675,0.09375,72.0975,0.01,0.0575,1.0875,0.0125,0.09000000000000001,0.13,0.06875,0.01875,0.44749999999999995,0.33666666666666667,0.315,0.21,0.06666666666666667,0.13,0.02666666666666667,0.10333333333333335,0.05000000000000001,0.06333333333333334,0.7833333333333332,0.02,0.08166666666666667,24.793333333333333,0.105,0.19499999999999998,54.28666666666667,0.06666666666666667,0.09000000000000001,70.92666666666666,0.006666666666666667,0.03833333333333333,0.6966666666666667,0.008333333333333333,0.085,0.12666666666666668,0.06333333333333334,0.026666666666666672,0.375
84,76,2012-12-06,5,1,2012-2013,Coop/São José Basketball,Limeira,1,0.34750000000000003,0.21,0.14,0.065,0.1325,0.037500000000000006,0.095,0.07,0.07,1.0,0.0475,0.135,35.129999999999995,0.07,0.155,45.925,0.065,0.0825,77.82,0.005,0.02,0.29500000000000004,0.01,0.095,0.105,0.07,0.015,0.35250000000000004,0.40925925925925927,0.27166666666666667,0.1811111111111111,0.07037037037037037,0.12814814814814815,0.029074074074074075,0.09907407407407408,0.08074074074074074,0.06722222222222222,1.2933333333333334,0.0525925925925926,0.12092592592592592,43.94,0.09055555555555556,0.16740740740740742,54.09,0.07037037037037037,0.08796296296296297,79.44333333333333,0.007962962962962963,0.029259259259259263,0.44333333333333336,0.006481481481481481,0.11555555555555556,0.05333333333333334,0.06722222222222222,0.009444444444444445,0.45092592592592595
68,70,2012-12-06,5,1,2012-2013,Mogi,Joinville,0,0.33814814814814814,0.2722222222222222,0.1814814814814815,0.07,0.17074074074074075,0.05611111111111111,0.11462962962962962,0.054814814814814816,0.07037037037037037,0.7666666666666666,0.02888888888888889,0.085,34.096666666666664,0.09074074074074075,0.18444444444444444,49.306666666666665,0.07,0.10037037037037037,67.64,0.004629629629629629,0.023703703703703703,0.34,0.0033333333333333335,0.11592592592592592,0.03333333333333333,0.07037037037037037,0.01611111111111111,0.38666666666666666,0.40072699304440873,0.3577568218298555,0.23850454788657038,0.08550227394328518,0.1691169520242554,0.05155274656679151,0.11756420545746388,0.06837613697164259,0.08783484929552345,0.8125,0.02557339040485108,0.09438759586231497,26.725,0.11925227394328519,0.22627519172462993,52.07000000000001,0.08550227394328518,0.12026373283395755,72.3075,0.00875,0.05226145889067237,0.6225,0.010979356161940432,0.11759630818619582,0.1,0.08783484929552345,0.023917424647761726,0.46170634920634923
68,59,2012-12-06,5,1,2012-2013,Espírito Santo,Palmeiras,1,0.35750000000000004,0.25125000000000003,0.1675,0.06625,0.12625,0.036250000000000004,0.09000000000000001,0.06125,0.08,0.755,0.04125,0.10875,36.785000000000004,0.08375,0.19124999999999998,44.0625,0.06625,0.09,71.88499999999999,0.005,0.033749999999999995,0.4275,0.008749999999999999,0.09125,0.1025,0.08,0.02125,0.35374999999999995,0.4130555555555555,0.2991666666666667,0.19944444444444445,0.07777777777777778,0.13472222222222222,0.03972222222222223,0.095,0.07166666666666667,0.04472222222222222,1.6,0.04527777777777778,0.125,35.97,0.09972222222222223,0.19277777777777777,51.855000000000004,0.07777777777777778,0.10861111111111112,71.74,0.009722222222222222,0.04527777777777778,1.01,0.016944444444444446,0.1225,0.135,0.04472222222222222,0.011666666666666667,0.47583333333333333
100,78,2012-12-06,5,1,2012-2013,Minas,Suzano,1,0.34910098885383106,0.2706960373505172,0.18046402490034485,0.07131557811129104,0.14861217304849297,0.044842360264807306,0.10376981278368567,0.058192220868136135,0.06986164207980206,0.9899999999999999,0.03244046194739839,0.11637617810127453,26.473333333333333,0.09023201245017243,0.17286592321775374,51.85999999999999,0.07131557811129104,0.09020722154517917,80.89333333333333,0.0048203239048133124,0.029828587539811057,0.5133333333333333,0.01259810168259109,0.09821701177312936,0.1366666666666667,0.06986164207980206,0.019267522894257007,0.3811683258858598,0.39665742933440823,0.29365634604726154,0.19577089736484105,0.06530835894593642,0.17317453519423592,0.06521199677533128,0.10796253841890463,0.06273126920945231,0.09540472111654155,0.665,0.04519272434121026,0.13042399355066256,36.06,0.09788544868242052,0.21836725953544617,44.84,0.06530835894593642,0.10044326598478359,64.195,0.0025,0.04505781730236308,0.51,0.010038544868242051,0.12794326598478362,0.08,0.09540472111654155,0.015077089736484105,0.40161888446616617
89,88,2012-12-06,5,1,2012-2013,Paulistano,Pinheiros,1,0.42680555555555555,0.3383333333333333,0.22555555555555556,0.10250000000000001,0.17944444444444446,0.05722222222222222,0.12222222222222223,0.0940277777777778,0.08750000000000001,1.1125,0.03291666666666667,0.08152777777777778,41.317499999999995,0.11277777777777778,0.21333333333333337,53.455000000000005,0.10250000000000001,0.1525,66.5575,0.023333333333333334,0.05055555555555556,0.61,0.007361111111111112,0.10652777777777778,0.0775,0.08750000000000001,0.016388888888888887,0.5379166666666667,0.39111111111111113,0.30666666666666664,0.20444444444444446,0.09333333333333334,0.1511111111111111,0.02666666666666667,0.12444444444444444,0.06666666666666667,0.09333333333333334,0.71,0.03111111111111111,0.1111111111111111,28.0,0.10222222222222223,0.14222222222222222,71.88,0.09333333333333334,0.12,77.78,0.013333333333333334,0.013333333333333334,0.14,0.0044444444444444444,0.1288888888888889,0.03,0.09333333333333334,0.0044444444444444444,0.4177777777777778
71,62,2012-12-06,5,1,2012-2013,Fortaleza B. C. / CFO,L. Sorocabana,1,0.34750000000000003,0.3075,0.20500000000000002,0.08249999999999999,0.14750000000000002,0.06,0.0875,0.065,0.08,1.04,0.02,0.09,22.225,0.10250000000000001,0.23249999999999998,44.39,0.08249999999999999,0.1175,70.33000000000001,0.0025,0.052500000000000005,1.02,0.0125,0.1125,0.11499999999999999,0.08,0.02,0.365,0.33124999999999993,0.285,0.19,0.0775,0.145,0.0475,0.0975,0.0375,0.061250000000000006,0.6575,0.02125,0.09625,23.897499999999997,0.095,0.18875000000000003,50.545,0.0775,0.10625000000000001,71.5925,0.00875,0.03125,0.5974999999999999,0.00375,0.09750000000000002,0.037500000000000006,0.061250000000000006,0.01125,0.33
72,89,2012-12-08,6,1,2012-2013,Mogi,Limeira,0,0.33861111111111114,0.27541666666666664,0.1836111111111111,0.07875,0.17055555555555557,0.05458333333333333,0.11597222222222221,0.04986111111111111,0.08027777777777778,0.6549999999999999,0.025416666666666667,0.0825,30.572499999999998,0.09180555555555556,0.19208333333333333,48.027499999999996,0.07875,0.11402777777777778,67.665,0.004722222222222222,0.03152777777777778,0.38,0.00625,0.11444444444444443,0.060000000000000005,0.08027777777777778,0.019583333333333335,0.37875,0.40194444444444444,0.26749999999999996,0.17833333333333334,0.06777777777777778,0.12486111111111112,0.026805555555555558,0.09805555555555556,0.08555555555555555,0.06916666666666667,1.3025000000000002,0.051944444444444446,0.11944444444444444,43.824999999999996,0.08916666666666667,0.17180555555555554,52.05500000000001,0.06777777777777778,0.08347222222222223,81.00999999999999,0.0059722222222222225,0.03194444444444445,0.465,0.006111111111111111,0.10666666666666667,0.055,0.06916666666666667,0.009583333333333334,0.44069444444444444
83,76,2012-12-08,6,1,2012-2013,Coop/São José Basketball,Joinville,1,0.37441456368425524,0.23176650522559264,0.15451100348372845,0.053529611691732516,0.14101410485172913,0.03519627835839919,0.10581782649332994,0.07555612201546436,0.08235364092106381,0.9366666666666666,0.05545798283626476,0.13078511343359675,42.86333333333332,0.07725550174186423,0.15941286430452883,48.79999999999999,0.053529611691732516,0.06859503781119891,76.88,0.0033333333333333335,0.02352961169173252,0.2933333333333334,0.008366046393066531,0.09392216840853089,0.09000000000000001,0.08235364092106381,0.013398759452799726,0.3964410740079871,0.3895471116769063,0.34236309293186473,0.2282420619545765,0.08810625265216508,0.1638649901908329,0.04912397065244799,0.11474101953838489,0.06258268297632885,0.08701664790932516,0.744,0.024399599023388254,0.10112584023665001,24.456,0.11412103097728825,0.2135324686506399,53.172000000000004,0.08810625265216508,0.12084152813908722,73.846,0.007000000000000001,0.04969094051155268,0.592,0.012724371629059737,0.11969281009575469,0.11000000000000001,0.08701664790932516,0.02208960474283992,0.4373453749315819
89,77,2012-12-08,6,1,2012-2013,Minas,Palmeiras,1,0.3868257416403733,0.29677202801288793,0.19784801867525864,0.07848668358346828,0.14520912978636974,0.04113177019860548,0.10407735958776425,0.0698941656511021,0.06864623155985154,1.1475,0.03683034646054879,0.1110321335759559,33.0125,0.09892400933762932,0.1808994424133153,54.13999999999999,0.07848668358346828,0.09640541615888437,82.41,0.006115242928609984,0.03737144065485829,0.615,0.01569857626194332,0.10241275882984702,0.1575,0.06864623155985154,0.018200642170692755,0.44837624441439483,0.37443180525006947,0.2901108424699318,0.19340722831328785,0.060246888706063643,0.12675297697334667,0.036555525706535634,0.09019745126681106,0.059530829373674286,0.04996290326492311,1.26,0.04025922941023933,0.11355546600849577,35.089999999999996,0.09670361415664393,0.20743186494810936,47.336666666666666,0.060246888706063643,0.09255549585751571,61.71666666666666,0.009839496223166197,0.0452962515227664,0.9233333333333333,0.011296296296296297,0.11524681408351382,0.09000000000000001,0.04996290326492311,0.007777777777777778,0.391098546539286
83,82,2012-12-08,6,1,2012-2013,Fortaleza B. C. / CFO,Bauru Basket,1,0.357272582528394,0.32706772104872095,0.21804514736581396,0.0673836818455224,0.1496371581219262,0.05238368184552241,0.09725347627640378,0.07340798924388776,0.07102430739836536,1.26,0.023947917772352546,0.08299826628454163,30.2,0.10902257368290698,0.22576389626012808,48.76,0.0673836818455224,0.09956250221137175,66.33,0.005204861479673071,0.04207638962601281,0.8133333333333334,0.013640625552842942,0.10861285072356085,0.13,0.07102430739836536,0.015102430739836534,0.4043211973251248,0.3763888888888889,0.29833333333333334,0.1988888888888889,0.06041666666666667,0.15694444444444444,0.057361111111111106,0.09958333333333333,0.07902777777777778,0.06652777777777777,1.2699999999999998,0.03902777777777777,0.12111111111111111,33.504999999999995,0.09944444444444445,0.1836111111111111,54.862500000000004,0.06041666666666667,0.08611111111111111,71.88,0.00986111111111111,0.020694444444444446,0.3275,0.004722222222222222,0.07916666666666666,0.065,0.06652777777777777,0.013333333333333334,0.41833333333333333
71,57,2012-12-08,6,1,2012-2013,Uberlândia,Tijuca,1,0.38166666666666665,0.28,0.18666666666666668,0.060000000000000005,0.12,0.024999999999999998,0.09500000000000001,0.09000000000000001,0.07,1.39,0.045000000000000005,0.11333333333333333,39.37,0.09333333333333334,0.16499999999999998,56.48666666666667,0.060000000000000005,0.07,83.62666666666667,0.023333333333333334,0.035,0.5033333333333333,0.008333333333333333,0.11166666666666668,0.07333333333333333,0.07,0.008333333333333333,0.43333333333333335,0.34625,0.27375,0.1825,0.07375000000000001,0.1225,0.02875,0.09375000000000001,0.05500000000000001,0.07375,0.7549999999999999,0.03,0.09875,28.595,0.09125,0.17875,50.330000000000005,0.07375000000000001,0.095,74.785,0.005,0.039999999999999994,0.63,0.01,0.08625,0.1375,0.07375,0.026250000000000002,0.37
86,89,2012-12-08,6,1,2012-2013,Espírito Santo,Suzano,0,0.35400000000000004,0.24300000000000002,0.162,0.063,0.13799999999999998,0.038,0.1,0.057999999999999996,0.074,0.784,0.043000000000000003,0.11000000000000001,38.124,0.081,0.186,43.734,0.063,0.091,68.03399999999999,0.005,0.030999999999999993,0.422,0.009,0.092,0.10400000000000001,0.074,0.019,0.363,0.3944382862229388,0.275770897364841,0.18384726490989403,0.06520557263062428,0.1571163567961573,0.06180799785022085,0.09530835894593642,0.06348751280630154,0.09026981407769437,0.7133333333333334,0.0484618162274735,0.13028266236710837,38.14333333333334,0.09192363245494702,0.20724483969029742,44.30666666666667,0.06520557263062428,0.10362884398985572,62.49333333333333,0.0016666666666666668,0.04170521153490872,0.48666666666666664,0.010025696578828035,0.11696217732318907,0.09000000000000001,0.09026981407769437,0.013384726490989403,0.3927459229774441
102,100,2012-12-10,2,1,2012-2013,Pinheiros,Limeira,1,0.41555555555555557,0.24333333333333332,0.1622222222222222,0.13166666666666668,0.13805555555555554,0.023333333333333334,0.11472222222222223,0.06583333333333333,0.08416666666666667,0.79,0.04055555555555555,0.10305555555555555,40.315,0.0811111111111111,0.15361111111111111,54.12,0.13166666666666668,0.16499999999999998,79.36500000000001,0.009166666666666667,0.03166666666666667,0.405,0.004722222222222222,0.12944444444444445,0.035,0.08416666666666667,0.012222222222222223,0.4488888888888889,0.4105555555555555,0.253,0.1686666666666667,0.06622222222222222,0.1358888888888889,0.030444444444444448,0.10544444444444445,0.08644444444444443,0.07033333333333333,1.2820000000000003,0.05855555555555556,0.12255555555555556,47.652,0.08433333333333334,0.17344444444444443,48.86600000000001,0.06622222222222222,0.08077777777777778,81.94999999999999,0.004777777777777778,0.030555555555555558,0.438,0.009888888888888888,0.10633333333333335,0.092,0.07033333333333333,0.010666666666666668,0.4605555555555556
95,89,2012-12-10,2,1,2012-2013,Uberlândia,Brasília,1,0.3751867672111434,0.28139993987373485,0.18759995991582323,0.05251578314460367,0.14010522096402445,0.02877104419280489,0.11133417677121957,0.08503682733740855,0.06627893576510673,1.3599999999999999,0.04502367471690551,0.11631576310251526,38.5275,0.09379997995791162,0.168844698867622,55.56,0.05251578314460367,0.0625210441928049,81.47,0.022510522096402447,0.032513152620503055,0.48999999999999994,0.007502630524100612,0.1050447189097104,0.07,0.06627893576510673,0.007502630524100612,0.4352314861208538,0.38,0.195,0.13,0.04,0.16,0.04,0.12,0.09,0.11,0.82,0.07,0.13,53.85,0.065,0.185,35.14,0.04,0.055,72.73,0.005,0.05,0.45,0.03,0.1,0.3,0.11,0.02,0.44
77,82,2012-12-10,6,1,2012-2013,Sesi Franca,Flamengo,0,0.40700000000000003,0.384,0.256,0.073,0.155,0.049,0.10600000000000001,0.081,0.07200000000000001,1.486,0.026000000000000002,0.073,36.775999999999996,0.128,0.244,52.74400000000001,0.073,0.10200000000000001,71.752,0.015000000000000003,0.05800000000000001,1.012,0.017,0.08900000000000001,0.186,0.07200000000000001,0.018,0.501,0.41,0.375,0.25,0.085,0.145,0.025,0.12,0.06,0.12,0.5,0.025,0.065,38.46,0.125,0.17,73.53,0.085,0.12,70.83,0.005,0.045,0.38,0.015,0.095,0.16,0.12,0.025,0.495
69,83,2012-12-13,7,1,2012-2013,Tijuca,Fortaleza B. C. / CFO,0,0.33399999999999996,0.258,0.172,0.06600000000000002,0.127,0.032,0.09500000000000001,0.05700000000000001,0.064,1.1239999999999999,0.032,0.10400000000000001,29.276,0.086,0.184,46.60600000000001,0.06600000000000002,0.08399999999999999,77.328,0.006,0.03899999999999999,0.784,0.009,0.08399999999999999,0.12400000000000003,0.064,0.022000000000000002,0.354,0.3601766591185177,0.328634124119874,0.21908941607991603,0.06387109471747514,0.15111675748033354,0.05150998360636403,0.0996067738739695,0.05616710304402694,0.06549045277099624,0.9675,0.02573871610704219,0.08558203304673956,30.982499999999998,0.10954470803995801,0.2215451444173183,49.8675,0.06387109471747514,0.0924496544363066,68.4975,0.0039036461097548035,0.039335069997287385,0.77,0.012452691386854429,0.10034852693155952,0.1275,0.06549045277099624,0.013549045277099624,0.3954631202160658
92,90,2012-12-13,7,1,2012-2013,Pinheiros,Espírito Santo,1,0.42814814814814817,0.24666666666666667,0.16444444444444442,0.1337037037037037,0.13796296296296295,0.022962962962962963,0.11499999999999999,0.06314814814814813,0.06648148148148149,1.1466666666666667,0.043333333333333335,0.12055555555555557,37.35333333333333,0.08222222222222221,0.14833333333333334,56.51,0.1337037037037037,0.1722222222222222,77.51333333333334,0.007592592592592593,0.032962962962962965,0.65,0.010555555555555556,0.11888888888888889,0.10000000000000002,0.06648148148148149,0.00962962962962963,0.4725925925925926,0.3666666666666667,0.2575,0.17166666666666666,0.0675,0.13833333333333334,0.041666666666666664,0.09666666666666666,0.056666666666666664,0.06666666666666667,0.9316666666666666,0.0425,0.11083333333333334,37.56666666666667,0.08583333333333333,0.18499999999999997,46.63,0.0675,0.09499999999999999,69.73833333333333,0.006666666666666667,0.030833333333333327,0.5183333333333333,0.009166666666666667,0.09499999999999999,0.10166666666666667,0.06666666666666667,0.01916666666666667,0.38666666666666666
92,78,2012-12-13,7,1,2012-2013,Paulistano,Minas,1,0.4304444444444444,0.3516666666666667,0.23444444444444446,0.096,0.18955555555555556,0.06577777777777778,0.12377777777777779,0.08922222222222223,0.08600000000000001,1.066,0.03333333333333334,0.08722222222222223,39.41799999999999,0.11722222222222223,0.22366666666666674,52.952,0.096,0.145,65.42,0.01966666666666667,0.04844444444444445,0.588,0.008888888888888889,0.11922222222222223,0.08,0.08600000000000001,0.01411111111111111,0.5343333333333333,0.39846059331229866,0.30341762241031034,0.2022784149402069,0.08678934686677461,0.14116730382909579,0.04290541615888438,0.0982618876702114,0.06691533252088168,0.06091698524788123,1.284,0.03646427716843904,0.10882570686076472,33.410000000000004,0.10113920747010345,0.17871955393065225,56.254,0.08678934686677461,0.1081243329271075,81.412,0.004892194342887987,0.03489715252388663,0.658,0.013558861009554658,0.10393020706387761,0.136,0.06091698524788123,0.015560513736554205,0.45970099553151583
78,77,2012-12-13,7,1,2012-2013,Suzano,Mogi,1,0.42870419988667263,0.3188018965231829,0.21253459768212193,0.07577787311286072,0.14471096123701047,0.05531389626762981,0.08939706496938066,0.05806651546468435,0.079646224398223,0.755,0.046797243030563325,0.12757165637521184,37.3575,0.10626729884106097,0.20320908512753197,52.7625,0.07577787311286072,0.11653919047223651,64.1775,0.00125,0.037250840571157656,0.49,0.009012255414115055,0.11608830961227834,0.08,0.079646224398223,0.010038544868242053,0.43042089341253964,0.3428888888888889,0.2743333333333333,0.18288888888888888,0.075,0.16844444444444445,0.05366666666666666,0.11477777777777778,0.05788888888888889,0.07922222222222222,0.7639999999999999,0.028333333333333332,0.087,32.077999999999996,0.09144444444444444,0.19966666666666666,46.248,0.075,0.10822222222222222,68.25,0.004777777777777778,0.030222222222222223,0.37,0.005,0.11355555555555555,0.048,0.07922222222222222,0.017666666666666667,0.376
75,66,2012-12-13,7,1,2012-2013,Palmeiras,Coop/São José Basketball,1,0.3770738539375521,0.28133313185244885,0.1875554212349659,0.06893516652954773,0.12506473273001,0.03991664427990173,0.0851480884501083,0.062148122030255715,0.04747217744869233,1.3825,0.0401944220576795,0.10891659950637184,36.845,0.09377771061748295,0.203073898711082,46.6875,0.06893516652954773,0.10066662189313678,65.2875,0.008629622167374647,0.0377221886420748,0.7875,0.008472222222222223,0.12018511056263537,0.0675,0.04747217744869233,0.009583333333333333,0.3945739099044645,0.3730659467717278,0.2505188145407488,0.1670125430271659,0.04792775296229041,0.14466329960625193,0.036400765589002126,0.1082625340172498,0.0777857114653596,0.08288385064455919,0.9525,0.05270855026075717,0.12587649290909406,42.147499999999994,0.08350627151358295,0.16624291338934274,50.28999999999999,0.04792775296229041,0.06256134149195779,75.16,0.00361150631335586,0.030985284529069707,0.37750000000000006,0.009609053734867477,0.08822572732009193,0.115,0.08288385064455919,0.011160575902955655,0.40848143684157634
50,59,2012-12-13,7,1,2012-2013,Joinville,Sesi Franca,0,0.3809188893603849,0.3430803552209984,0.22872023681399892,0.08008854387680424,0.1572948992331015,0.04612182739555851,0.11117307183754298,0.06326334692471848,0.08436572510962281,0.7766666666666667,0.02403670288986058,0.10056782982683797,24.168333333333333,0.11436011840699946,0.21424002017182955,53.153333333333336,0.08008854387680424,0.10884942159738749,75.175,0.008055555555555557,0.05029800598184945,0.6183333333333333,0.012825865246438669,0.11307734174646224,0.12000000000000001,0.08436572510962281,0.0184080039523666,0.4222322568874293,0.4004528812480102,0.3820821394460363,0.25472142629735756,0.06879258198026106,0.1522484877427571,0.04481295765679721,0.1074355300859599,0.0794388729703916,0.06955109837631328,1.4466666666666665,0.025646290990130532,0.07754775549188157,34.615,0.12736071314867878,0.2391499522445081,53.583333333333336,0.06879258198026106,0.10012257242916268,68.565,0.014091849729385549,0.05708850684495384,0.9966666666666666,0.01735036612543776,0.09167701368990767,0.18499999999999997,0.06955109837631328,0.016591849729385547,0.48992916268704234
77,87,2012-12-13,7,1,2012-2013,Limeira,Uberlândia,0,0.41620370370370363,0.26638888888888884,0.1775925925925926,0.06777777777777778,0.14731481481481482,0.03722222222222222,0.11009259259259259,0.08537037037037036,0.06898148148148149,1.2833333333333334,0.05694444444444444,0.12287037037037037,46.25833333333333,0.0887962962962963,0.18083333333333332,49.225,0.06777777777777778,0.0850925925925926,80.09666666666665,0.003981481481481482,0.028425925925925927,0.41333333333333333,0.008240740740740741,0.11231481481481483,0.07666666666666666,0.06898148148148149,0.011111111111111112,0.4697222222222222,0.39514941376891477,0.28211995189898786,0.18807996793265858,0.06901262651568293,0.14708417677121957,0.03001683535424391,0.11706734141697565,0.08902946186992684,0.06702314861208539,1.388,0.046018939773524406,0.12205261048201221,37.718,0.09403998396632929,0.1670757590940976,56.324,0.06901262651568293,0.08101683535424391,82.596,0.01900841767712196,0.029010522096402445,0.434,0.007002104419280489,0.11703577512776833,0.06200000000000001,0.06702314861208539,0.01100210441928049,0.46218518889668303
76,90,2012-12-13,7,1,2012-2013,L. Sorocabana,Bauru Basket,0,0.3266669982096677,0.27574219216232343,0.18382812810821564,0.07393554804058086,0.1418603540879252,0.042973145016908694,0.09888720907101652,0.0379570320270539,0.060935548040580864,0.6599999999999999,0.022967774020290432,0.09092480604734435,27.689999999999998,0.09191406405410782,0.18879590212850608,48.858000000000004,0.07393554804058086,0.10588720907101652,68.702,0.007994629003381739,0.03395166103043565,0.6279999999999999,0.003994629003381738,0.09590332206087131,0.042,0.060935548040580864,0.010989258006763477,0.32964551422319477,0.374,0.2946666666666667,0.19644444444444445,0.06255555555555556,0.154,0.05388888888888889,0.10011111111111111,0.06855555555555556,0.0621111111111111,1.1359999999999997,0.03833333333333333,0.12,32.958,0.09822222222222222,0.18333333333333335,54.134,0.06255555555555556,0.08666666666666667,73.50399999999999,0.007888888888888888,0.02366666666666667,0.42200000000000004,0.0064444444444444445,0.07844444444444444,0.088,0.0621111111111111,0.010666666666666668,0.40844444444444444
102,88,2012-12-13,7,1,2012-2013,Flamengo,Brasília,1,0.41,0.375,0.25,0.0925,0.155,0.035,0.12,0.06,0.10250000000000001,0.605,0.0225,0.07500000000000001,30.995,0.125,0.195,65.175,0.0925,0.1225,75.41499999999999,0.0025,0.045,0.455,0.0075,0.09,0.08,0.10250000000000001,0.0225,0.475,0.4125,0.2175,0.14500000000000002,0.08750000000000001,0.14,0.037500000000000006,0.10250000000000001,0.08249999999999999,0.075,1.3499999999999999,0.060000000000000005,0.14,43.59,0.07250000000000001,0.1725,42.57,0.08750000000000001,0.1125,76.07,0.005,0.0425,0.665,0.015,0.115,0.15,0.075,0.0175,0.45499999999999996
80,90,2012-12-15,8,1,2012-2013,Paulistano,Espírito Santo,0,0.43537037037037035,0.3530555555555555,0.23537037037037037,0.09166666666666667,0.18462962962962962,0.06148148148148148,0.12314814814814816,0.08851851851851854,0.08666666666666667,1.045,0.036111111111111115,0.08601851851851851,43.26499999999999,0.11768518518518518,0.22138888888888894,53.65,0.09166666666666667,0.13666666666666666,66.79666666666667,0.019722222222222224,0.04453703703703704,0.5366666666666666,0.009907407407407408,0.11685185185185186,0.09000000000000001,0.08666666666666667,0.014259259259259258,0.5369444444444444,0.3785714285714286,0.26571428571428574,0.17714285714285713,0.06857142857142857,0.14142857142857143,0.04428571428571428,0.09714285714285713,0.056428571428571425,0.06714285714285714,0.9114285714285714,0.04428571428571428,0.1142857142857143,38.019999999999996,0.08857142857142856,0.1857142857142857,47.862857142857145,0.06857142857142857,0.09428571428571428,71.67999999999999,0.0064285714285714285,0.03642857142857143,0.5871428571428571,0.008571428571428572,0.09714285714285713,0.09428571428571429,0.06714285714285714,0.018571428571428572,0.4057142857142857
91,77,2012-12-15,8,1,2012-2013,Pinheiros,Minas,1,0.4361111111111111,0.25625,0.17083333333333334,0.12277777777777779,0.13847222222222222,0.02347222222222222,0.11499999999999999,0.0636111111111111,0.07611111111111112,1.0150000000000001,0.0475,0.12916666666666668,37.6925,0.08541666666666667,0.14375,60.6525,0.12277777777777779,0.15791666666666665,77.7,0.008194444444444445,0.035972222222222225,0.595,0.009166666666666667,0.11416666666666667,0.08750000000000001,0.07611111111111112,0.008472222222222223,0.4756944444444444,0.39705049442691553,0.3028480186752586,0.2018986791168391,0.08399112238897884,0.13597275319091315,0.04075451346573698,0.09521823972517617,0.06826277710073474,0.05993082103990102,1.2966666666666666,0.03705356430703253,0.1090214223839706,33.90166666666667,0.10094933955841955,0.18143296160887687,55.42499999999999,0.08399112238897884,0.10760361077258958,78.955,0.004076828619073322,0.03574762710323886,0.6699999999999999,0.012132384174628882,0.10660850588656468,0.12000000000000001,0.05993082103990102,0.015467094780461836,0.45225082960959656
53,73,2012-12-15,8,1,2012-2013,Tijuca,Brasília,0,0.33583333333333326,0.2525,0.16833333333333333,0.07250000000000001,0.1225,0.030833333333333334,0.09166666666666667,0.053333333333333344,0.06083333333333333,1.0666666666666667,0.03166666666666667,0.10333333333333333,29.396666666666665,0.08416666666666667,0.17666666666666667,47.76666666666667,0.07250000000000001,0.09333333333333334,76.94,0.005833333333333333,0.03833333333333333,0.7833333333333333,0.0075,0.08333333333333333,0.10333333333333335,0.06083333333333333,0.022500000000000003,0.355,0.42166666666666663,0.23500000000000001,0.15666666666666668,0.10000000000000002,0.13833333333333334,0.043333333333333335,0.09500000000000001,0.075,0.05833333333333333,1.7,0.055,0.135,41.06,0.07833333333333334,0.17666666666666667,44.596666666666664,0.10000000000000002,0.135,73.86,0.006666666666666667,0.041666666666666664,0.9766666666666667,0.013333333333333334,0.12833333333333333,0.12,0.05833333333333333,0.015000000000000001,0.46833333333333327
80,100,2012-12-15,8,1,2012-2013,Suzano,Coop/São José Basketball,0,0.42096335990933814,0.2970415172185463,0.19802767814569755,0.08062229849028857,0.13776876898960838,0.048251117014103846,0.08951765197550451,0.05845321237174748,0.0817169795185784,0.738,0.04743779442445066,0.12905732510016948,37.294,0.09901383907284877,0.19256726810202557,51.544000000000004,0.08062229849028857,0.11723135237778921,68.008,0.003,0.03880067245692612,0.492,0.010209804331292044,0.11387064768982266,0.092,0.0817169795185784,0.015030835894593642,0.4243367147300317,0.36445275741738226,0.2514150516325991,0.16761003442173272,0.052342202369832336,0.14973063968500155,0.041120612471201703,0.10861002721379984,0.07522856917228768,0.08230708051564736,0.924,0.04816684020860574,0.12670119432727525,38.33399999999999,0.08380501721086636,0.1689943307114742,49.675999999999995,0.052342202369832336,0.06904907319356623,74.864,0.002889205050684688,0.029788227623255763,0.36400000000000005,0.009687242987893982,0.09758058185607354,0.10600000000000001,0.08230708051564736,0.009928460722364524,0.3927851494732611
71,62,2012-12-15,8,1,2012-2013,Joinville,Uberlândia,1,0.3622161908803299,0.32835459018942714,0.21890306012628477,0.07721875189440364,0.15625277077122984,0.05024728062476443,0.1060054901464654,0.06136858307833013,0.0830277643796767,0.7614285714285715,0.0220314596198805,0.10262956842300397,21.958571428571425,0.10945153006314239,0.2114914458615682,51.42142857142858,0.07721875189440364,0.11115664708347499,71.29285714285714,0.008333333333333335,0.04954114798444238,0.6157142857142857,0.013850741639804574,0.1162091500683962,0.1242857142857143,0.0830277643796767,0.01863543195917137,0.39619907733208226,0.4017911781407623,0.2925999599158232,0.19506663994388215,0.06667718876306912,0.14423681397601631,0.027514029461869927,0.11672278451414637,0.09085788489160569,0.07085262384340447,1.3416666666666666,0.046682449811270336,0.11837717540167685,39.765,0.09753331997194108,0.16506313257841468,59.30166666666667,0.06667718876306912,0.07668069612853659,85.49666666666667,0.017507014730934963,0.02584210174700204,0.37999999999999995,0.005835087016067074,0.10919647927314029,0.05166666666666667,0.07085262384340447,0.013335087016067074,0.4718209907472359
78,75,2012-12-15,8,1,2012-2013,Mogi,Palmeiras,1,0.3499074074074075,0.2786111111111111,0.18574074074074073,0.07333333333333333,0.17370370370370372,0.056388888888888884,0.11731481481481482,0.054907407407407405,0.08685185185185185,0.69,0.03027777777777778,0.09083333333333334,32.791666666666664,0.09287037037037037,0.20305555555555554,46.115,0.07333333333333333,0.10518518518518517,68.91166666666668,0.003981481481481482,0.028518518518518516,0.335,0.005,0.11296296296296295,0.04833333333333334,0.08685185185185185,0.018055555555555557,0.3725,0.3766590831500417,0.2700665054819591,0.18004433698797273,0.07014813322363819,0.135051786184008,0.04193331542392138,0.09311847076008664,0.05971849762420457,0.05297774195895386,1.24,0.042155537646143604,0.11713327960509748,36.141999999999996,0.09002216849398637,0.1924591189688656,47.35,0.07014813322363819,0.10553329751450943,64.22999999999999,0.006903697733899717,0.03917775091365984,0.75,0.0077777777777777776,0.1201480884501083,0.062,0.05297774195895386,0.012666666666666665,0.40065912792357156
72,58,2012-12-15,8,1,2012-2013,Limeira,Sesi Franca,1,0.41174603174603164,0.27119047619047615,0.18079365079365078,0.0630952380952381,0.14341269841269844,0.03976190476190476,0.10365079365079365,0.0853174603174603,0.06484126984126984,1.4042857142857146,0.055952380952380955,0.1296031746031746,43.85142857142858,0.09039682539682539,0.18142857142857144,49.91428571428572,0.0630952380952381,0.07936507936507937,79.76571428571427,0.006269841269841271,0.030793650793650793,0.5157142857142857,0.007063492063492063,0.10698412698412699,0.06571428571428571,0.06484126984126984,0.010952380952380951,0.45976190476190476,0.3853881839268659,0.3660704052394597,0.24404693682630646,0.07110792741165234,0.15335584663664892,0.04126824942011189,0.11208759721653705,0.07166189111747852,0.07675808432255425,1.27,0.023411106562969027,0.07289807613589849,32.84428571428571,0.12202346841315323,0.23141424478100697,52.878571428571426,0.07110792741165234,0.10581934779642517,67.44285714285714,0.014935871196616185,0.05393300586710329,0.8957142857142857,0.016300313821803792,0.09215172601992086,0.1742857142857143,0.07675808432255425,0.02136444262518761,0.4663678537317506
86,61,2012-12-15,8,1,2012-2013,Flamengo,Fortaleza B. C. / CFO,1,0.44333333333333336,0.38999999999999996,0.26,0.10333333333333333,0.17,0.05000000000000001,0.12,0.05499999999999999,0.08333333333333333,0.7366666666666667,0.02666666666666667,0.08666666666666667,31.27,0.13,0.20333333333333334,64.66333333333334,0.10333333333333333,0.145,72.20666666666666,0.0033333333333333335,0.03333333333333333,0.3766666666666667,0.005,0.11166666666666665,0.05333333333333334,0.08333333333333333,0.02,0.5099999999999999,0.3711413272948142,0.32890729929589924,0.21927153286393283,0.05709687577398011,0.15089340598426684,0.04720798688509122,0.10368541909917561,0.06293368243522154,0.06539236221679699,1.05,0.03159097288563375,0.08846562643739164,35.786,0.10963576643196642,0.21323611553385463,52.116,0.05709687577398011,0.08395972354904527,66.798,0.0061229168878038425,0.034468055997829906,0.662,0.012962153109483543,0.10727882154524762,0.124,0.06539236221679699,0.013839236221679698,0.4203704961728526
74,79,2012-12-17,4,1,2012-2013,Tijuca,Coop/São José Basketball,0,0.3257142857142857,0.26142857142857145,0.1742857142857143,0.06785714285714287,0.12285714285714286,0.03357142857142857,0.08928571428571429,0.05214285714285715,0.060714285714285714,1.0214285714285714,0.027857142857142858,0.09714285714285713,26.38714285714286,0.08714285714285715,0.18357142857142858,47.61000000000001,0.06785714285714287,0.09571428571428572,71.14285714285714,0.004999999999999999,0.03571428571428571,0.7185714285714286,0.007142857142857143,0.08428571428571428,0.09714285714285717,0.060714285714285714,0.020714285714285716,0.3378571428571428,0.38707731118648736,0.2870435554321279,0.19136237028808525,0.057790837575767307,0.15978953867307552,0.04677217906013507,0.11301735961294045,0.08519947791168031,0.08192790256389314,1.0516666666666667,0.04597470110754493,0.12392499820723651,37.24833333333333,0.09568118514404263,0.18167828212884288,51.94166666666666,0.057790837575767307,0.07421423032903895,76.55333333333333,0.0024076708755705733,0.032326524219859994,0.3966666666666667,0.010573702890071715,0.09799048754779505,0.11333333333333334,0.08192790256389314,0.009107384068690457,0.4381986423014805
72,91,2012-12-17,3,1,2012-2013,Suzano,Pinheiros,0,0.4174694665911151,0.2975345976821219,0.19835639845474795,0.07801858207524047,0.13397397415800696,0.042709264178419866,0.09126470997958709,0.06371101030978955,0.08393081626548199,0.7733333333333333,0.04703149535370888,0.12504777091680788,38.221666666666664,0.09917819922737398,0.19297272341835467,51.5,0.07801858207524047,0.113526126981491,68.07666666666667,0.0025,0.03900056038077177,0.48,0.011841503609410038,0.11072553974151889,0.11166666666666668,0.08393081626548199,0.0141923632454947,0.4244472622750264,0.4398888888888889,0.28300000000000003,0.18866666666666668,0.10722222222222225,0.14177777777777778,0.024777777777777777,0.11699999999999999,0.06688888888888889,0.0768888888888889,1.012,0.048,0.12533333333333335,39.24400000000001,0.09433333333333334,0.15699999999999997,60.902,0.10722222222222225,0.1393333333333333,76.006,0.008555555555555556,0.03777777777777778,0.588,0.010333333333333333,0.10933333333333332,0.10400000000000001,0.0768888888888889,0.0077777777777777776,0.4875555555555556
70,64,2012-12-17,4,1,2012-2013,Flamengo,Mogi,1,0.44,0.37124999999999997,0.2475,0.10250000000000001,0.18375,0.046250000000000006,0.1375,0.047499999999999994,0.07875,0.6475,0.03,0.09125,32.9775,0.12375,0.1975,63.08,0.10250000000000001,0.14,74.155,0.005,0.028749999999999998,0.34,0.005,0.11374999999999999,0.05,0.07875,0.015,0.50625,0.3556349206349207,0.2816666666666667,0.18777777777777777,0.07928571428571429,0.17031746031746034,0.05333333333333333,0.11698412698412698,0.057777777777777775,0.08515873015873014,0.7342857142857142,0.029523809523809525,0.08928571428571429,32.57142857142857,0.09388888888888888,0.20119047619047617,47.04571428571428,0.07928571428571429,0.11015873015873015,70.80142857142857,0.003412698412698413,0.026587301587301587,0.3157142857142858,0.0064285714285714285,0.11253968253968252,0.06142857142857144,0.08515873015873014,0.016190476190476193,0.3807142857142857
89,73,2012-12-19,9,1,2012-2013,Uberlândia,Palmeiras,1,0.38919789600017,0.29632809190680437,0.19755206127120292,0.06510123146217625,0.14675695230435437,0.033700815216608865,0.11305613708774552,0.08655021110036111,0.07012551315848499,1.2814285714285714,0.04218153442226363,0.1180875297742534,35.94714285714286,0.09877603063560146,0.17328010658539492,57.64857142857143,0.06510123146217625,0.07728900970120156,83.10428571428572,0.017174018639119024,0.025763716280340652,0.37999999999999995,0.0057241718274967015,0.10515968096800474,0.052857142857142866,0.07012551315848499,0.014320749268671471,0.44777811232112613,0.3763825692917014,0.26755542123496595,0.1783702808233106,0.06512344435303181,0.13420982182000668,0.04077776285326782,0.09343205896673885,0.058098748020170475,0.05831478496579489,1.1316666666666666,0.04429628137178634,0.12011106633758123,36.90833333333333,0.0891851404116553,0.18954926580738798,47.553333333333335,0.06512344435303181,0.10127774792875786,61.85833333333333,0.005753081444916431,0.04181479242804986,0.7333333333333334,0.00814814814814815,0.1201234070417569,0.065,0.05831478496579489,0.015555555555555553,0.39971593993630966
97,89,2012-12-20,9,1,2012-2013,Brasília,Limeira,1,0.4075,0.2475,0.165,0.09625000000000002,0.15625,0.0475,0.10875000000000001,0.07625,0.065,1.5099999999999998,0.04875,0.13125,37.045,0.0825,0.17125,48.769999999999996,0.09625000000000002,0.12625,76.645,0.00625,0.03875,0.8200000000000001,0.0125,0.12125,0.11499999999999999,0.065,0.0225,0.4774999999999999,0.4052777777777777,0.26541666666666663,0.17694444444444443,0.06083333333333333,0.14611111111111114,0.04041666666666666,0.10569444444444444,0.08652777777777776,0.0661111111111111,1.3875000000000002,0.05583333333333333,0.1334027777777778,42.667500000000004,0.08847222222222222,0.179375,49.35625,0.06083333333333333,0.07756944444444444,78.44874999999999,0.005486111111111112,0.030069444444444444,0.4925,0.0061805555555555555,0.10423611111111111,0.057499999999999996,0.0661111111111111,0.012083333333333333,0.45166666666666666
59,87,2012-12-20,9,1,2012-2013,L. Sorocabana,Flamengo,0,0.33555583184138976,0.28728516013526956,0.19152344009017971,0.07661295670048406,0.13821696173993767,0.04164428751409058,0.09657267422584709,0.03913086002254492,0.05661295670048405,0.765,0.022473145016908693,0.09243733837278695,26.40833333333333,0.09576172004508986,0.19482991844042175,49.23333333333334,0.07661295670048406,0.10823934089251376,69.75166666666667,0.007495524169484783,0.03495971752536304,0.7133333333333333,0.0066621908361514486,0.10075276838405943,0.06166666666666667,0.05661295670048405,0.009991048338969563,0.3388712618526623,0.422,0.36,0.24,0.101,0.183,0.045000000000000005,0.138,0.05299999999999999,0.068,1.1179999999999999,0.027000000000000003,0.091,29.715999999999998,0.12,0.20600000000000002,59.214,0.101,0.137,74.524,0.005,0.03,0.5519999999999999,0.004,0.10699999999999998,0.04,0.068,0.013999999999999999,0.488
81,68,2012-12-20,9,1,2012-2013,Bauru Basket,Tijuca,1,0.3870132610006028,0.29578661844484627,0.19719107896323085,0.07138487040385774,0.16098352421137233,0.04993051369633648,0.11105301051503584,0.06382710468153506,0.06347984060009376,1.0416666666666665,0.039479103877838054,0.11255776572232268,37.464999999999996,0.09859553948161542,0.18793952180028128,53.04833333333334,0.07138487040385774,0.09650056928537942,74.47166666666666,0.008248442837050432,0.021396590985198582,0.37500000000000006,0.006207554751858549,0.08546279552608665,0.08,0.06347984060009376,0.012237626414841605,0.4257631772821646,0.33125,0.271875,0.18125,0.07125000000000001,0.130625,0.036875,0.09375,0.051875000000000004,0.060625,0.9974999999999999,0.026250000000000002,0.09375,25.767500000000002,0.090625,0.19125000000000003,47.526250000000005,0.07125000000000001,0.098125,72.57625,0.004999999999999999,0.035625,0.70125,0.008125,0.090625,0.09875000000000002,0.060625,0.019375000000000003,0.34812499999999996
108,66,2012-12-20,9,1,2012-2013,Sesi Franca,Suzano,1,0.37346466093600766,0.3521866045845272,0.23479106972301814,0.0678444364851958,0.1573113658070678,0.044234718242597906,0.11307664756446992,0.0745791547277937,0.07778832378223496,1.2512500000000002,0.0236097182425979,0.07878581661891118,31.3425,0.11739553486150907,0.2262374641833811,51.86125,0.0678444364851958,0.10071692932187201,67.66624999999999,0.014318887297039161,0.04969138013371538,0.81375,0.01676277459407832,0.09188276026743075,0.18,0.07778832378223496,0.01931888729703916,0.4493218720152818,0.40925954279238436,0.3107439408703902,0.20716262724692683,0.07258735606449183,0.1348348349925774,0.04303651215293131,0.09179832283964608,0.06032372312267676,0.08122641394184171,0.7514285714285714,0.0431698531603219,0.12575523221440676,34.958571428571425,0.10358131362346341,0.202548048644304,51.285714285714285,0.07258735606449183,0.10587953741270659,67.87571428571428,0.002142857142857143,0.04414333746923294,0.5757142857142856,0.01443557452235146,0.1063361769213019,0.15,0.08122641394184171,0.015022025638995459,0.41524051052145117
93,77,2012-12-20,9,1,2012-2013,Coop/São José Basketball,Pinheiros,1,0.4018563940209364,0.2965983834781259,0.1977322556520839,0.07525904674632009,0.16179946886041857,0.046299690979561374,0.11549977788085719,0.0792373757094573,0.08086834811503964,0.9842857142857143,0.042955030540844166,0.12218807448232816,35.10142857142856,0.09886612782604196,0.18943160865844758,51.66428571428571,0.07525904674632009,0.09377142038138142,77.80142857142857,0.0020637178933462057,0.035691773055085564,0.4471428571428572,0.010837245844392867,0.10439367376363538,0.11,0.08086834811503964,0.007806329201734678,0.4465617138030962,0.4424074074074074,0.28583333333333333,0.19055555555555556,0.10185185185185186,0.15731481481481482,0.028148148148148144,0.12916666666666665,0.06824074074074074,0.07990740740740741,0.9750000000000001,0.049999999999999996,0.1252777777777778,40.70333333333334,0.09527777777777778,0.16333333333333333,59.298333333333325,0.10185185185185186,0.1336111111111111,75.24333333333334,0.00962962962962963,0.035648148148148144,0.5333333333333333,0.011944444444444445,0.10527777777777776,0.12666666666666668,0.07990740740740741,0.00814814814814815,0.500462962962963
77,73,2012-12-20,9,1,2012-2013,Mogi,Paulistano,1,0.3511805555555556,0.2783333333333333,0.18555555555555553,0.07875,0.17152777777777778,0.050416666666666665,0.12111111111111111,0.059305555555555556,0.08201388888888889,0.78875,0.028958333333333332,0.09125,31.47625,0.09277777777777776,0.19791666666666666,47.23625,0.07875,0.10763888888888888,72.3675,0.0029861111111111113,0.02451388888888889,0.29750000000000004,0.0062499999999999995,0.11347222222222221,0.058750000000000004,0.08201388888888889,0.01604166666666667,0.379375,0.43031746031746027,0.35619047619047617,0.23746031746031745,0.08285714285714287,0.1846825396825397,0.06412698412698413,0.12055555555555555,0.08515873015873018,0.08357142857142856,1.0385714285714285,0.03666666666666667,0.09158730158730158,41.65571428571428,0.11873015873015873,0.22333333333333336,53.58428571428571,0.08285714285714287,0.125,65.04714285714286,0.018333333333333337,0.04103174603174604,0.5042857142857142,0.009920634920634922,0.11730158730158731,0.08857142857142856,0.08357142857142856,0.012936507936507937,0.520952380952381
82,84,2012-12-20,9,1,2012-2013,Espírito Santo,Minas,0,0.38750000000000007,0.27187500000000003,0.18125,0.07125000000000001,0.141875,0.042499999999999996,0.09937499999999999,0.06125,0.06625,0.995,0.045,0.11125,40.2125,0.090625,0.188125,48.2825,0.07125000000000001,0.09687499999999999,72.5025,0.0062499999999999995,0.035625000000000004,0.5762499999999999,0.008125,0.09624999999999999,0.09,0.06625,0.02,0.424375,0.3953289952230704,0.311012587435936,0.20734172495729064,0.07770667633341044,0.1344052170207827,0.03921815439920313,0.09518706262157957,0.07208238037205834,0.06208356089134374,1.292857142857143,0.03676019797745646,0.10701836204340336,34.32142857142858,0.10367086247864532,0.18694253852189444,55.3,0.07770667633341044,0.10151738066221963,76.46714285714286,0.004208710244919991,0.037783680374204744,0.6699999999999999,0.012542043578253326,0.10495014790276971,0.12571428571428572,0.06208356089134374,0.01468608124039586,0.4512149968082256
78,62,2012-12-20,9,1,2012-2013,Fortaleza B. C. / CFO,Joinville,1,0.3633193406436322,0.3086363201458209,0.2057575467638806,0.05998218255325696,0.14966159241713087,0.047312351547656624,0.10234924086947422,0.05510218952160038,0.060694361551467596,0.9466666666666667,0.03252653710883156,0.09852426084770678,33.98833333333334,0.1028787733819403,0.21312948506375565,48.846666666666664,0.05998218255325696,0.08856861540328137,66.77666666666667,0.005988248792808455,0.034924106368995025,0.7183333333333334,0.012573430363846791,0.11065865122569908,0.11666666666666665,0.060694361551467596,0.014190151010315509,0.39282801335336265,0.3613141670202887,0.32293526641574877,0.21529017761049918,0.07694140790760318,0.16297117442482612,0.05521637054666888,0.10775480387815722,0.05744751019353886,0.0826492938322171,0.71375,0.023027527167395437,0.10042587237012847,23.624999999999996,0.10764508880524959,0.21505501512887218,49.941250000000004,0.07694140790760318,0.10913706619804062,72.25,0.007916666666666667,0.04647350448638709,0.5774999999999999,0.013369398934829002,0.11168300630984668,0.125,0.0826492938322171,0.01880600296427495,0.392924192665572
94,83,2012-12-22,10,1,2012-2013,Brasília,Joinville,1,0.42299999999999993,0.258,0.17200000000000001,0.09200000000000001,0.152,0.045,0.10700000000000001,0.081,0.061,1.652,0.053000000000000005,0.139,37.872,0.08600000000000001,0.166,52.80999999999999,0.09200000000000001,0.119,77.982,0.007000000000000001,0.037,0.79,0.012,0.11499999999999999,0.11399999999999999,0.061,0.019,0.4969999999999999,0.35561259290692326,0.3220535701473322,0.21470238009822148,0.0778368070289806,0.16152993282206765,0.05463677381926122,0.10689315900280642,0.05606445350536788,0.0829104834064152,0.6933333333333334,0.02102446859324039,0.0987118865512253,21.65333333333333,0.10735119004911074,0.21616001344788638,49.57777777777778,0.0778368070289806,0.11034405884270276,72.09222222222223,0.008148148148148147,0.04630978176567741,0.5722222222222222,0.013550576830959112,0.11205156116430816,0.12555555555555553,0.0829104834064152,0.017272002634911066,0.3809326157027307
68,76,2012-12-22,10,1,2012-2013,Coop/São José Basketball,Paulistano,0,0.40974934476831937,0.3045235855433601,0.2030157236955734,0.07897666590303007,0.16657453525286625,0.0467622296071162,0.11981230564575004,0.08245770374577513,0.08263480460065968,1.0,0.042585651723238645,0.12066456517203714,35.25874999999999,0.1015078618477867,0.19200265757614163,52.348749999999995,0.07897666590303007,0.09767499283370874,78.57625,0.0030557531566779298,0.03623030142319987,0.44375000000000003,0.011982590113843759,0.10571946454318096,0.11750000000000001,0.08263480460065968,0.008705538051517844,0.4644914995777092,0.4221527777777777,0.3491666666666666,0.23277777777777778,0.08000000000000002,0.17972222222222223,0.06173611111111111,0.11798611111111111,0.0838888888888889,0.08,1.0787499999999999,0.03645833333333333,0.09451388888888888,40.2525,0.11638888888888889,0.2235416666666667,52.44125,0.08000000000000002,0.12,65.74000000000001,0.018541666666666668,0.04027777777777779,0.52125,0.011180555555555556,0.11513888888888889,0.10250000000000001,0.08,0.012569444444444444,0.5045833333333333
72,67,2012-12-22,10,1,2012-2013,L. Sorocabana,Tijuca,1,0.32976214157833406,0.28910156583023106,0.19273437722015402,0.0706682486004149,0.13561453863423228,0.04140938929779192,0.09420514933644035,0.0406835943050385,0.05709682002898633,0.7742857142857142,0.022119838585921734,0.09566057574810309,25.119999999999997,0.09636718861007701,0.19771135866321865,48.84428571428572,0.0706682486004149,0.09920514933644038,70.89857142857143,0.006424735002415528,0.034965472164596896,0.6942857142857142,0.006424735002415527,0.09850237290062236,0.06142857142857143,0.05709682002898633,0.011420898576259626,0.32688965301656764,0.3322222222222222,0.2733333333333333,0.1822222222222222,0.06833333333333334,0.13444444444444445,0.03777777777777777,0.09666666666666666,0.052222222222222225,0.05888888888888889,1.0222222222222221,0.027222222222222224,0.09277777777777778,27.480000000000004,0.0911111111111111,0.19333333333333336,47.272222222222226,0.06833333333333334,0.09444444444444446,72.20444444444445,0.004999999999999999,0.033888888888888885,0.6722222222222223,0.007777777777777778,0.09222222222222222,0.09333333333333335,0.05888888888888889,0.020000000000000004,0.35388888888888886
97,102,2012-12-22,10,1,2012-2013,Bauru Basket,Flamengo,0,0.3922868527438045,0.2916625134524674,0.1944416756349783,0.07614041460376571,0.16415429784626534,0.05027427458280366,0.1138800232634617,0.0636809765673055,0.06039264507454971,1.107142857142857,0.04056825416835348,0.11367447515823308,37.70285714285715,0.09722083781748915,0.1865117694953072,52.612857142857145,0.07614041460376571,0.10140650220947048,75.26142857142857,0.007817763001780467,0.020582942554524787,0.3757142857142858,0.005320761215878757,0.08671186928277315,0.06857142857142857,0.06039264507454971,0.012732401494218807,0.43596843467975027,0.42416666666666664,0.35999999999999993,0.24,0.09666666666666666,0.17583333333333337,0.04166666666666668,0.13416666666666668,0.05416666666666666,0.07,1.0566666666666666,0.02916666666666667,0.085,36.885,0.12,0.20666666666666667,58.86833333333333,0.09666666666666666,0.12833333333333333,76.81,0.0075,0.030833333333333334,0.5333333333333333,0.004166666666666667,0.10249999999999998,0.043333333333333335,0.07,0.014166666666666666,0.4908333333333333
65,84,2012-12-22,10,1,2012-2013,Fortaleza B. C. / CFO,Limeira,0,0.3671308634088276,0.3009739886964179,0.20064932579761194,0.0656990136170774,0.15399565064325502,0.046982015612277106,0.10701363503097791,0.05794473387565747,0.05988088132982937,1.0057142857142858,0.03359417466471277,0.10087793786946296,34.10142857142857,0.10032466289880597,0.2069681300546477,49.01142857142857,0.0656990136170774,0.09377309891709831,68.66571428571429,0.005847070393835818,0.03564923403056717,0.7200000000000001,0.012920083169011536,0.11127884390774208,0.11857142857142856,0.05988088132982937,0.013591558008841863,0.4074240114457394,0.40969135802469125,0.27925925925925926,0.18617283950617283,0.06129629629629629,0.1470987654320988,0.04148148148148148,0.10561728395061727,0.08691358024691356,0.06432098765432098,1.4333333333333336,0.05407407407407407,0.1352469135802469,40.89000000000001,0.09308641975308642,0.18055555555555555,51.47444444444445,0.06129629629629629,0.0767283950617284,80.05,0.0054320987654320994,0.030617283950617285,0.5155555555555555,0.005493827160493827,0.10320987654320987,0.05111111111111111,0.06432098765432098,0.011851851851851851,0.45870370370370367
109,73,2012-12-22,10,1,2012-2013,Uberlândia,Suzano,1,0.39617315900014877,0.30053708041845384,0.20035805361230255,0.06633857752940422,0.15153733326631008,0.03448821331453276,0.11704911995177733,0.08823143471281597,0.07010982401367435,1.2999999999999998,0.04315884261948067,0.11832658855247172,36.6625,0.10017902680615128,0.17474509326222057,57.875,0.06633857752940422,0.07762788348855136,84.435,0.018777266309229147,0.02504325174529807,0.36874999999999997,0.008133650349059614,0.10263972084700414,0.0825,0.07010982401367435,0.014405655610087538,0.4636808482809853,0.3993520999433363,0.30377594826159143,0.20251729884106096,0.07226393655643035,0.13610548061850522,0.0457819481338149,0.09032353248469031,0.059033257732342165,0.0866981121991115,0.7075,0.04152362151528166,0.12003582818760591,35.27625,0.10125864942053048,0.201604542563766,50.323750000000004,0.07226393655643035,0.10764459523611826,66.6825,0.0025,0.04237542028557882,0.53375,0.013256127707057528,0.10054415480613915,0.14125000000000001,0.0866981121991115,0.016894272434121026,0.4014604467062698
82,61,2012-12-22,10,1,2012-2013,Sesi Franca,Palmeiras,1,0.39196858749867347,0.3697214262973575,0.246480950864905,0.06586172132017404,0.15705454738406027,0.04431974954897591,0.11273479783508439,0.0846259153135944,0.07636739891754218,1.3944444444444446,0.026541971771198134,0.0839207258834766,32.30444444444444,0.1232404754324525,0.22609996816300543,54.49444444444444,0.06586172132017404,0.09730393717499736,68.08444444444444,0.019950122041812585,0.053059004563302564,0.86,0.016011355194736284,0.09167356468216066,0.17222222222222222,0.07636739891754218,0.01939456648625703,0.48550833068025046,0.37475648796431543,0.26576178962997077,0.1771745264199805,0.06439152373117013,0.13075127584572002,0.03852379673137241,0.09222747911434759,0.06051321258871755,0.054984101399252756,1.2757142857142856,0.04439681260438828,0.12152377114649819,36.58142857142857,0.08858726320999025,0.191042227834904,46.83142857142857,0.06439152373117013,0.09895235536750673,63.105714285714285,0.00707406980992837,0.04155553636689988,0.7914285714285715,0.006984126984126984,0.11724863460722021,0.055714285714285716,0.054984101399252756,0.013333333333333332,0.39332794851683683
76,95,2012-12-22,10,1,2012-2013,Mogi,Pinheiros,0,0.3549382716049383,0.28074074074074074,0.18716049382716046,0.07888888888888888,0.17135802469135802,0.04981481481481481,0.12154320987654321,0.06104938271604938,0.08012345679012345,0.8288888888888888,0.02962962962962963,0.09166666666666666,32.07222222222222,0.09358024691358023,0.1975925925925926,47.68555555555555,0.07888888888888888,0.10734567901234567,72.79222222222224,0.002654320987654321,0.02623456790123457,0.33333333333333337,0.0061111111111111106,0.11253086419753086,0.05777777777777778,0.08012345679012345,0.014814814814814817,0.38833333333333336,0.4342063492063492,0.2835714285714286,0.18904761904761905,0.10373015873015874,0.1576984126984127,0.034126984126984124,0.12357142857142855,0.07134920634920636,0.07563492063492064,1.092857142857143,0.04714285714285714,0.13023809523809524,37.56714285714286,0.09452380952380952,0.16428571428571428,58.38999999999999,0.10373015873015874,0.13452380952380952,76.22857142857143,0.008253968253968255,0.035555555555555556,0.5571428571428572,0.013095238095238096,0.10738095238095237,0.13285714285714287,0.07563492063492064,0.006984126984126984,0.49039682539682544
51,77,2013-01-05,11,1,2012-2013,Paulistano,Sesi Franca,0,0.4174691358024691,0.35537037037037034,0.2369135802469136,0.07666666666666669,0.18030864197530866,0.060987654320987655,0.11932098765432099,0.0823456790123457,0.07611111111111112,1.1322222222222222,0.03462962962962963,0.09401234567901234,38.24888888888889,0.1184567901234568,0.22481481481481483,52.99777777777777,0.07666666666666669,0.11333333333333334,67.69444444444446,0.019814814814814816,0.0380246913580247,0.5122222222222222,0.011049382716049383,0.110679012345679,0.10555555555555557,0.07611111111111112,0.011728395061728396,0.499074074074074,0.39377172874880617,0.3702492836676218,0.24683285577841452,0.06477554918815664,0.15884909264565425,0.04538777459407832,0.11346131805157596,0.08666332378223496,0.07573065902578797,1.405,0.027387774594078318,0.08302865329512894,33.741,0.12341642788920726,0.2254899713467049,54.727,0.06477554918815664,0.10007354345749761,65.676,0.020455109837631328,0.0527531041069723,0.845,0.017910219675262656,0.09200620821394459,0.192,0.07573065902578797,0.01845510983763133,0.4949574976122254
70,94,2013-01-05,11,1,2012-2013,Tijuca,Flamengo,0,0.33249999999999996,0.27599999999999997,0.184,0.069,0.1355,0.0375,0.098,0.0485,0.061,0.9389999999999998,0.026500000000000003,0.0895,28.065000000000005,0.092,0.19650000000000004,46.989000000000004,0.069,0.0965,71.506,0.004499999999999999,0.0325,0.6300000000000001,0.0075000000000000015,0.0915,0.09000000000000001,0.061,0.0195,0.3475,0.4218571428571428,0.3428571428571428,0.22857142857142856,0.10114285714285713,0.17242857142857143,0.037428571428571436,0.135,0.05671428571428571,0.06685714285714286,1.1199999999999999,0.03071428571428572,0.086,37.82714285714286,0.11428571428571428,0.19942857142857143,57.784285714285716,0.10114285714285713,0.13285714285714287,77.26571428571428,0.0064285714285714285,0.029285714285714283,0.5171428571428571,0.0035714285714285718,0.10042857142857141,0.037142857142857144,0.06685714285714286,0.012714285714285714,0.48928571428571427
97,77,2013-01-05,11,1,2012-2013,Minas,Coop/São José Basketball,1,0.3984128708201866,0.307761014006444,0.2051740093376293,0.07424334179173414,0.13135456489318487,0.03681588509930274,0.09453867979388211,0.07119708282555104,0.06744811577992577,1.20875,0.0396651732302744,0.10676606678797794,37.173750000000005,0.10258700466881465,0.18357472120665763,55.809999999999995,0.07424334179173414,0.09882770807944218,74.72125,0.004932621464304992,0.03993572032742915,0.6512499999999999,0.010974288130971661,0.1049563794149235,0.11000000000000001,0.06744811577992577,0.016600321085346377,0.45293812220719737,0.40199941757183943,0.2990209649274312,0.1993473099516208,0.07575703635824896,0.16195514244699222,0.04489975965076995,0.11705538279622225,0.0799624033295779,0.07845315964503083,1.0366666666666666,0.04229835708732324,0.12336850237514413,34.40666666666666,0.0996736549758104,0.18789125117879257,52.62555555555556,0.07575703635824896,0.0934888825188522,79.10444444444445,0.00271622502815816,0.034982490153955444,0.4566666666666667,0.01231785787897223,0.10286174626060529,0.12555555555555556,0.07845315964503083,0.00884936715690475,0.4523257774024082
87,92,2013-01-05,11,1,2012-2013,Pinheiros,Uberlândia,0,0.43930555555555556,0.278125,0.18541666666666665,0.10201388888888889,0.1554861111111111,0.03111111111111111,0.12437499999999999,0.07555555555555556,0.07493055555555556,1.14375,0.050624999999999996,0.13270833333333334,39.12125,0.09270833333333332,0.15999999999999998,58.78375,0.10201388888888889,0.13395833333333332,75.35375,0.007847222222222222,0.03611111111111111,0.5587500000000001,0.013333333333333334,0.10958333333333332,0.13125,0.07493055555555556,0.006736111111111111,0.5022222222222222,0.4127094746667989,0.30881073814973675,0.20587382543315783,0.06841206891502598,0.15192207401449787,0.03510063405736245,0.1168214399571354,0.08898349752250308,0.0678753991232661,1.3666666666666665,0.046141193439538375,0.11740141204664153,39.66,0.10293691271657891,0.1769956384553072,58.56666666666667,0.06841206891502598,0.08122478532315676,83.63888888888889,0.018913125608203685,0.027260668218042725,0.42777777777777776,0.008341022532497433,0.10012419630844811,0.08777777777777779,0.0678753991232661,0.013360582764522256,0.4893829762497648
71,85,2013-01-05,11,1,2012-2013,Suzano,Fortaleza B. C. / CFO,0,0.3955351999496323,0.29502306512141463,0.1966820434142764,0.0697901658279381,0.1337604272164491,0.04625062056339102,0.08750980665305806,0.0580295624287486,0.08484276639921023,0.7077777777777778,0.04302099690247259,0.11947629172231637,36.67111111111111,0.0983410217071382,0.20087070450112535,49.00555555555556,0.0697901658279381,0.10290630687654957,67.82,0.0022222222222222222,0.04100037358718118,0.5222222222222221,0.01178322462849558,0.10103924871656814,0.12555555555555556,0.08484276639921023,0.015572686608107579,0.39185373040557314,0.3618645054827242,0.29897724010936566,0.19931816007291045,0.06311163691494273,0.15287119431284815,0.047359263660742466,0.10551193065210566,0.05445164214120028,0.0561457711636007,1.005,0.03314490283162368,0.10701819563578009,32.338750000000005,0.09965908003645522,0.20734711379781673,48.54,0.06311163691494273,0.09267646155246102,66.7,0.006366186594606341,0.03244307977674627,0.6712500000000001,0.012555072772885093,0.10674398841927431,0.12,0.0561457711636007,0.014392613257736631,0.390871010015022
78,88,2013-01-05,11,1,2012-2013,Palmeiras,Brasília,0,0.36603692696877604,0.2569165659262244,0.17127771061748293,0.06696758326477387,0.13065736636500502,0.03870832213995086,0.09194904422505414,0.05794906101512785,0.06123608872434616,1.16375,0.042597211028839746,0.12070829975318592,35.269999999999996,0.08563885530874146,0.18591194935554098,46.39375,0.06696758326477387,0.10033331094656839,64.87625,0.007439811083687324,0.04073609432103739,0.73375,0.00798611111111111,0.11884255528131768,0.06375,0.06123608872434616,0.017291666666666664,0.3810369549522322,0.43083333333333335,0.27,0.18000000000000002,0.09083333333333334,0.14833333333333334,0.04416666666666667,0.10416666666666667,0.08333333333333333,0.056666666666666664,1.8283333333333331,0.05333333333333334,0.1391666666666667,38.108333333333334,0.09000000000000001,0.1691666666666667,53.91833333333332,0.09083333333333334,0.11666666666666665,78.47666666666666,0.006666666666666667,0.03666666666666667,0.8250000000000001,0.015,0.10999999999999999,0.15333333333333332,0.056666666666666664,0.017499999999999998,0.5099999999999999
71,83,2013-01-05,11,1,2012-2013,Joinville,Bauru Basket,0,0.36155133361623093,0.32884821313259904,0.2192321420883993,0.07505312632608255,0.16087693953986087,0.0546730964373351,0.10620384310252577,0.05745800815483108,0.08211943506577367,0.717,0.02242202173391635,0.09884069789610277,22.987999999999996,0.10961607104419965,0.22054401210309776,49.620000000000005,0.07505312632608255,0.10630965295843249,72.026,0.008833333333333334,0.044678803589109674,0.5549999999999999,0.014195519147863201,0.11034640504787734,0.13399999999999998,0.08211943506577367,0.01804480237141996,0.38733935413245757,0.3917509961508289,0.289704699270909,0.193136466180606,0.074122862778295,0.16313501061548216,0.0489899902599532,0.11414502035552898,0.06622085449639231,0.05834356444023099,1.2074999999999998,0.0414972223973093,0.11346516576345395,38.347500000000004,0.096568233090303,0.1901977983083938,51.36,0.074122862778295,0.09823068943328667,75.7225,0.006840542626557908,0.02301007473520919,0.44250000000000006,0.004655666063893912,0.0903728856224265,0.06,0.05834356444023099,0.012640851307441456,0.4374723803447815
92,85,2013-01-05,11,1,2012-2013,Espírito Santo,Mogi,1,0.39000000000000007,0.2666666666666667,0.17777777777777776,0.0788888888888889,0.14055555555555557,0.04222222222222222,0.09833333333333333,0.05888888888888889,0.06722222222222222,0.9433333333333334,0.04444444444444444,0.11444444444444445,38.91888888888889,0.08888888888888888,0.1827777777777778,48.87,0.0788888888888889,0.105,73.59666666666666,0.007222222222222223,0.03777777777777778,0.5933333333333333,0.007222222222222223,0.09611111111111109,0.08,0.06722222222222222,0.018333333333333333,0.42166666666666663,0.35744444444444445,0.29016666666666663,0.19344444444444442,0.078,0.17022222222222222,0.048833333333333326,0.12138888888888891,0.06194444444444445,0.0776111111111111,0.8729999999999999,0.028666666666666667,0.093,30.77,0.09672222222222221,0.20183333333333336,48.12499999999999,0.078,0.10611111111111111,72.88100000000001,0.002888888888888889,0.029111111111111115,0.4,0.005999999999999999,0.11227777777777778,0.05700000000000001,0.0776111111111111,0.013833333333333336,0.3915
85,66,2013-01-05,11,1,2012-2013,Limeira,L. Sorocabana,1,0.41076005627286777,0.2858644113035065,0.19057627420233764,0.0576689186934908,0.1549091571303062,0.04233783738698162,0.11257131974332454,0.08723032951878912,0.06439474415863165,1.4280000000000002,0.05417162112567977,0.13173123032951878,42.301,0.09528813710116882,0.1850202682414173,51.438,0.0576689186934908,0.07406005960920384,77.04499999999999,0.006390240104983375,0.028056005960920383,0.472,0.005444894849809273,0.10139654578009097,0.052000000000000005,0.06439474415863165,0.012668468288125978,0.4673824275180996,0.3335418738810423,0.29796387010145214,0.19864258006763477,0.06933471752536305,0.13428772130495326,0.039358215635567934,0.09492950566938531,0.041848145016908686,0.05620971752536304,0.8025,0.021854858762681516,0.09620300377959021,24.479999999999997,0.09932129003381739,0.19987243883031633,49.715,0.06933471752536305,0.09555450566938534,72.75,0.007496643127113587,0.038094788144022285,0.7575,0.007496643127113586,0.09993957628804456,0.07125000000000001,0.05620971752536304,0.011868286254227173,0.3360284463894967
97,82,2013-01-07,12,1,2012-2013,Pinheiros,Sesi Franca,1,0.4388271604938272,0.2788888888888889,0.1859259259259259,0.0995679012345679,0.1504320987654321,0.03265432098765432,0.11777777777777776,0.07438271604938272,0.07327160493827162,1.1366666666666667,0.05111111111111111,0.1340740740740741,38.988888888888894,0.09296296296296296,0.16277777777777777,57.95777777777778,0.0995679012345679,0.1307407407407407,75.44666666666666,0.006975308641975309,0.035987654320987654,0.5611111111111112,0.012407407407407409,0.10685185185185184,0.12333333333333335,0.07327160493827162,0.008209876543209878,0.4941975308641975,0.3929742988625511,0.373408439697838,0.24893895979855865,0.06252322653468786,0.16077190240514022,0.04398888599461666,0.11678301641052359,0.08560302162021359,0.0743005991143527,1.3909090909090909,0.027170704176434836,0.08138968481375358,34.17,0.12446947989927933,0.22635451940609536,54.974545454545456,0.06252322653468786,0.09688503950681601,65.3,0.019050099852392116,0.05250282191542937,0.8436363636363636,0.018100199704784232,0.09273291655813144,0.19272727272727275,0.0743005991143527,0.018141008943301208,0.49768863419293224
76,88,2013-01-07,12,1,2012-2013,Paulistano,Uberlândia,0,0.40122222222222215,0.3423333333333333,0.22822222222222224,0.07200000000000002,0.17727777777777778,0.059888888888888894,0.1173888888888889,0.07611111111111113,0.077,1.043,0.033666666666666664,0.0956111111111111,36.697,0.11411111111111112,0.22233333333333336,51.448,0.07200000000000002,0.10800000000000001,65.92500000000001,0.017833333333333333,0.03722222222222223,0.496,0.010944444444444444,0.11111111111111112,0.10400000000000001,0.077,0.011055555555555556,0.4666666666666666,0.41743852720011904,0.31542966433476305,0.21028644288984202,0.06607086202352339,0.15372986661304805,0.0365905706516262,0.11713929596142188,0.09108514777025277,0.06958785921093949,1.359,0.047027074095584535,0.11966127084197739,39.623000000000005,0.10514322144492101,0.17679607460977648,59.852999999999994,0.06607086202352339,0.07960230679084108,82.19800000000001,0.018021813047383317,0.027534601396238458,0.41999999999999993,0.00850692027924769,0.10011177667760332,0.089,0.06958785921093949,0.01552452448807003,0.49994467862478825
86,93,2013-01-07,12,1,2012-2013,Espírito Santo,Coop/São José Basketball,0,0.3970000000000001,0.2595,0.173,0.08600000000000001,0.14500000000000002,0.042499999999999996,0.1025,0.06000000000000001,0.0715,0.913,0.046,0.11750000000000001,39.165,0.0865,0.18,48.177,0.08600000000000001,0.1135,74.132,0.007000000000000001,0.0395,0.584,0.0095,0.10149999999999999,0.092,0.0715,0.0205,0.43499999999999994,0.3999466147792331,0.30181641611861176,0.20121094407907453,0.07709884572713052,0.16111756726595414,0.04635479235549726,0.11476277491045686,0.08137909339047693,0.07754368712863277,1.069,0.04054560832434271,0.11994916514233618,33.74399999999999,0.10060547203953726,0.1874325694594766,53.309000000000005,0.07709884572713052,0.0975162637740267,77.861,0.002444602525342344,0.034952162862612414,0.461,0.012076906869375726,0.10050224986095051,0.12600000000000003,0.07754368712863277,0.007964430441214275,0.4536624342423011
84,86,2013-01-07,12,1,2012-2013,Minas,Mogi,0,0.40803366295127697,0.3085653457835058,0.20571023052233717,0.07654963714820812,0.1284262799050532,0.03661412008826911,0.0918121598167841,0.07495296251160093,0.06606499180437847,1.2866666666666666,0.04192459842691058,0.1087920593670915,38.37666666666667,0.10285511526116858,0.18206641885036234,56.47111111111111,0.07654963714820812,0.10006907384839304,76.01444444444445,0.004384552412715548,0.03883175140215925,0.6399999999999999,0.010866033894197031,0.10496122614659867,0.1088888888888889,0.06606499180437847,0.015866952075863448,0.46483388640639767,0.36358585858585857,0.29378787878787876,0.19585858585858584,0.08272727272727273,0.16838383838383836,0.04893939393939394,0.11944444444444446,0.059494949494949496,0.07691919191919191,0.839090909090909,0.028333333333333335,0.09499999999999999,29.94909090909091,0.09792929292929292,0.20712121212121212,47.596363636363634,0.08272727272727273,0.111010101010101,73.6418181818182,0.0026262626262626263,0.029191919191919193,0.4027272727272727,0.005454545454545454,0.11343434343434344,0.051818181818181826,0.07691919191919191,0.014393939393939396,0.3877272727272727
81,92,2013-01-07,12,1,2012-2013,Suzano,Brasília,0,0.3914816799546691,0.30152075860927313,0.20101383907284873,0.06981114924514428,0.13738438449480417,0.04862555850705192,0.08875882598775225,0.05772660618587374,0.0873584897592892,0.687,0.04021889721222533,0.11452866255008473,35.147,0.10050691953642436,0.2037836340510128,49.322,0.06981114924514428,0.10511567618889461,66.638,0.002,0.03890033622846306,0.4879999999999999,0.012104902165646022,0.10093532384491133,0.128,0.0873584897592892,0.015515417947296823,0.3881683573650158,0.4321428571428571,0.2785714285714286,0.18571428571428572,0.09214285714285715,0.15857142857142859,0.04642857142857143,0.11214285714285714,0.08,0.05928571428571428,1.6814285714285713,0.05142857142857143,0.13571428571428573,37.63285714285714,0.09285714285714286,0.17285714285714288,54.27428571428571,0.09214285714285715,0.11785714285714285,78.6942857142857,0.0064285714285714285,0.034999999999999996,0.7542857142857143,0.017142857142857144,0.11214285714285713,0.1657142857142857,0.05928571428571428,0.016428571428571428,0.5157142857142857
81,86,2013-01-07,12,1,2012-2013,Palmeiras,Fortaleza B. C. / CFO,0,0.36869949063891205,0.25503694748997724,0.17002463165998483,0.07174896290202121,0.13336210343556001,0.04274073079106743,0.09062137264449256,0.05651027645789143,0.05887652331052992,1.1600000000000001,0.042308632025635326,0.12285182200283194,34.52555555555555,0.08501231582999241,0.18858839942714753,45.47222222222222,0.07174896290202121,0.10696294306361635,65.30666666666667,0.008279832074388732,0.041209861618699904,0.7777777777777778,0.007654320987654321,0.1173044935833935,0.06222222222222223,0.05887652331052992,0.015370370370370368,0.37981062662420645,0.36887956042908815,0.30742421343054727,0.20494947562036483,0.06554367725772686,0.15144106161142057,0.04543045658732663,0.10601060502409393,0.060068126347733584,0.05712957436764506,1.0733333333333333,0.03279546918366549,0.10346061834291563,33.190000000000005,0.10247473781018242,0.20930854559805934,49.32,0.06554367725772686,0.09404574360218758,68.28333333333335,0.006769943639650081,0.034949404245996685,0.6911111111111112,0.013382286909231194,0.10543910081713272,0.13,0.05712957436764506,0.013348989562432561,0.4074408977911307
86,93,2013-01-07,12,1,2012-2013,Joinville,L. Sorocabana,0,0.3609557578329372,0.3262256483023627,0.21748376553490847,0.07277556938734776,0.16034267230896446,0.053339178579395546,0.10700349372956888,0.05814364377711916,0.08192675915070334,0.7254545454545455,0.02356547430356032,0.10121881626918433,23.44363636363636,0.10874188276745424,0.21731273827554343,50.02272727272727,0.07277556938734776,0.10255422996221135,72.47090909090909,0.008484848484848486,0.04425345780828152,0.5499999999999999,0.014723199225330181,0.10986036822534304,0.13909090909090907,0.08192675915070334,0.017313456701290874,0.3875812310295069,0.3331483323387043,0.2981901067568463,0.19879340450456423,0.06940863780032272,0.13270019671551403,0.03831841389828261,0.09438178281723138,0.04275390668169661,0.05774197113365603,0.7922222222222222,0.02164876334460579,0.09551378113741352,24.228888888888886,0.09939670225228212,0.19710883451583674,50.54,0.06940863780032272,0.09604844948389807,72.44444444444444,0.008330349446323188,0.03830647835024203,0.7366666666666667,0.007219238335212077,0.09772406781159516,0.07,0.05774197113365603,0.011660698892646376,0.33646973012399706
82,84,2013-01-07,12,1,2012-2013,Limeira,Bauru Basket,0,0.41205459661169797,0.2816949193668241,0.18779661291121605,0.05742628972135528,0.15446287011846016,0.043034397624528736,0.11142847249393141,0.0879366631988992,0.06490431287148332,1.4218181818181819,0.055610564659708886,0.1293011184813807,44.51636363636364,0.09389830645560802,0.18547297112856118,50.59,0.05742628972135528,0.0736909632810944,77.18363636363637,0.006718400095439431,0.02914182360083671,0.4809090909090909,0.005404449863462975,0.1008150416182645,0.051818181818181826,0.06490431287148332,0.012425880261932708,0.47125675228918146,0.39435267062591134,0.2975312946433691,0.1983541964289127,0.07200054566998682,0.16001490072583344,0.046881325209060715,0.11313357551677274,0.06386498257489108,0.05964183630292552,1.1444444444444444,0.041332642842337265,0.1103061488570082,39.31555555555556,0.09917709821445635,0.1896284906754439,52.86,0.07200054566998682,0.10009905931929514,72.62333333333333,0.007747815934824849,0.02545540056495052,0.4644444444444445,0.006361481301381313,0.08977967762053934,0.08,0.05964183630292552,0.014015201606792475,0.4449979026211761
77,82,2013-01-10,13,1,2012-2013,Tijuca,Limeira,0,0.33409090909090905,0.2768181818181818,0.18454545454545454,0.06909090909090909,0.13590909090909092,0.03772727272727273,0.09818181818181819,0.04772727272727273,0.05954545454545455,0.9345454545454545,0.02681818181818182,0.09272727272727273,27.69545454545455,0.09227272727272727,0.19590909090909092,47.26272727272728,0.06909090909090909,0.09681818181818183,71.36909090909091,0.00409090909090909,0.03090909090909091,0.6027272727272728,0.00681818181818182,0.09363636363636364,0.08181818181818183,0.05954545454545455,0.018181818181818184,0.3445454545454545,0.4118833802273898,0.2844703427529221,0.1896468951686147,0.05805743224457568,0.15075763094192182,0.041531531155818015,0.1092260997861038,0.08894194126565759,0.06574562013219304,1.4141666666666666,0.054726350938066486,0.12769269194126567,44.215833333333336,0.09482344758430734,0.1858502235345144,50.979166666666664,0.05805743224457568,0.07463338300766986,77.12416666666667,0.006158533420819478,0.030046671634100314,0.48500000000000004,0.0057874123748410606,0.10283045481674247,0.05416666666666667,0.06574562013219304,0.011807056906771649,0.469485356265083
96,99,2013-01-10,13,1,2012-2013,Brasília,Pinheiros,0,0.435625,0.27937500000000004,0.18625,0.09,0.16062500000000002,0.04875,0.111875,0.081875,0.0625,1.61125,0.053125,0.140625,37.57125,0.093125,0.17187500000000003,54.68749999999999,0.09,0.11374999999999999,79.88749999999999,0.0062499999999999995,0.03625,0.7262500000000001,0.016875,0.11124999999999999,0.16249999999999998,0.0625,0.015624999999999998,0.518125,0.4434444444444445,0.281,0.1873333333333333,0.09561111111111112,0.1478888888888889,0.033388888888888885,0.11449999999999998,0.08044444444444446,0.07144444444444445,1.268,0.05349999999999999,0.13516666666666668,40.262,0.09366666666666665,0.16749999999999998,56.924,0.09561111111111112,0.12616666666666665,74.961,0.008277777777777778,0.03788888888888889,0.6050000000000001,0.011666666666666669,0.10566666666666666,0.11600000000000002,0.07144444444444445,0.00788888888888889,0.5022777777777778
94,67,2013-01-10,13,1,2012-2013,Flamengo,Joinville,1,0.427875,0.34874999999999995,0.23249999999999998,0.101625,0.174625,0.04025000000000001,0.13437500000000002,0.058374999999999996,0.061625000000000006,1.33,0.03125,0.089,37.07625,0.11624999999999999,0.19949999999999998,58.68625,0.101625,0.13625,75.81125,0.006875,0.03,0.6275,0.004375,0.10099999999999998,0.045,0.061625000000000006,0.012374999999999999,0.505,0.36672378374915343,0.32530068181217986,0.2168671212081199,0.0737971064055223,0.1594857849506844,0.05306258103137936,0.10642320391930503,0.059134007729399383,0.08552036422214498,0.7116666666666668,0.025353185378503718,0.10070374951392584,25.4375,0.10843356060405995,0.21545984602028856,50.34166666666667,0.0737971064055223,0.10567937933277403,71.49083333333333,0.007777777777777778,0.043483503457778135,0.5275,0.0147467661566327,0.11070933914053804,0.1383333333333333,0.08552036422214498,0.017538002242956676,0.39321463451280897
93,73,2013-01-10,13,1,2012-2013,L. Sorocabana,Palmeiras,1,0.3463334991048338,0.3043710960811617,0.20291406405410778,0.07146777402029045,0.1324301770439626,0.039986572508454346,0.09244360453550823,0.042478516013526944,0.05746777402029043,0.7859999999999999,0.02398388701014521,0.09496240302367216,26.805999999999994,0.10145703202705389,0.19839795106425306,51.2,0.07146777402029045,0.10194360453550826,71.006,0.008997314501690869,0.041475830515217825,0.79,0.00799731450169087,0.09645166103043565,0.081,0.05746777402029043,0.011494629003381737,0.35682275711159733,0.37232954157502085,0.2655332527409795,0.17702216849398633,0.07057406661181909,0.13802589309200403,0.04446665771196069,0.0935592353800433,0.052859248812102286,0.05948887097947693,1.0750000000000002,0.04157776882307179,0.11806663980254875,35.739999999999995,0.08851108424699317,0.19672955948443277,45.369,0.07057406661181909,0.10376664875725472,66.776,0.007451848866949859,0.04108887545682991,0.762,0.007388888888888889,0.11457404422505416,0.06200000000000001,0.05948887097947693,0.014833333333333332,0.3823295639617858
85,44,2013-01-10,13,1,2012-2013,Bauru Basket,Suzano,1,0.39739098398502215,0.29963335049530865,0.1997555669968724,0.07238505903543492,0.16171073582895926,0.048766484896275185,0.11294425093268408,0.06860251728499059,0.06429604777805846,1.135,0.04175011931757161,0.10938829121456975,39.884,0.0998777834984362,0.1913967939565874,52.696000000000005,0.07238505903543492,0.10171882421711735,71.88300000000001,0.00848994792783172,0.025438049819271065,0.44200000000000006,0.007242246757732537,0.08990319137742156,0.089,0.06429604777805846,0.01665878434341818,0.45359008788618593,0.3927106181406082,0.30410978055388466,0.20273985370258976,0.06937377204104025,0.13762216772254926,0.049205053188229014,0.08841711453432023,0.058842369259885216,0.08941680887208109,0.6827272727272727,0.040198997465659386,0.11548060231825885,34.86090909090909,0.10136992685129488,0.2020760309554662,50.24363636363637,0.06937377204104025,0.10601425108081329,65.71818181818182,0.002727272727272727,0.04036394202587551,0.489090909090909,0.011913547423314567,0.09812302167719213,0.1290909090909091,0.08941680887208109,0.016377652679360748,0.39242577942274165
88,86,2013-01-10,13,1,2012-2013,Uberlândia,Minas,1,0.41948957018192645,0.3167542403043301,0.21116949353622003,0.06915532911229398,0.1524816969209528,0.03508233695602382,0.11739935996492899,0.09007740706386615,0.06735259928267226,1.3972727272727272,0.046388249177804125,0.12014660985634308,38.93,0.10558474676811001,0.17572370419070588,60.47272727272727,0.06915532911229398,0.08372936980985553,81.99818181818182,0.01774710277034847,0.027758728542034962,0.44272727272727264,0.007733563890225173,0.10237434243418483,0.08090909090909092,0.06735259928267226,0.015022294989154573,0.5013133442043529,0.4092302966561493,0.3107088112051552,0.20713920747010345,0.07839467343338731,0.1290836519145479,0.035952708079442196,0.0931309438351057,0.07345766626044084,0.06445849262394063,1.278,0.04123213858421952,0.10741285343038236,38.223,0.10356960373505172,0.1823597769653261,56.769999999999996,0.07839467343338731,0.10156216646355373,76.674,0.0039460971714439935,0.035948576261943324,0.5959999999999999,0.011279430504777328,0.1069651035319388,0.11000000000000001,0.06445849262394063,0.016780256868277103,0.46635049776575793
96,86,2013-01-10,13,1,2012-2013,Sesi Franca,Espírito Santo,1,0.39439310729067184,0.37104106972301815,0.24736071314867877,0.0648129576567972,0.1627909105380452,0.044906478828398606,0.11788443170964662,0.08305276981852913,0.07727554918815664,1.3166666666666667,0.0274064788283986,0.08127387774594078,34.4475,0.12368035657433939,0.2254083094555874,54.850833333333334,0.0648129576567972,0.09839461954791467,66.38,0.019129258198026106,0.050210920089143594,0.7925,0.017841849729385545,0.09208850684495383,0.19166666666666668,0.07727554918815664,0.017879258198026108,0.4932979146768546,0.4,0.2590909090909091,0.17272727272727273,0.08545454545454546,0.14136363636363639,0.04181818181818182,0.09954545454545455,0.05954545454545456,0.06863636363636363,0.9554545454545456,0.04727272727272727,0.12090909090909091,39.12363636363636,0.08636363636363636,0.1781818181818182,48.627272727272725,0.08545454545454546,0.11363636363636363,73.71727272727274,0.00681818181818182,0.03909090909090909,0.6109090909090908,0.008636363636363636,0.10272727272727272,0.08363636363636363,0.06863636363636363,0.020454545454545454,0.43499999999999994
105,67,2013-01-10,13,1,2012-2013,Coop/São José Basketball,Mogi,1,0.40586055889021194,0.30301492374419253,0.20200994916279502,0.07963531429739139,0.15965233387814012,0.04532253850499752,0.1143297953731426,0.07989008490043358,0.07367607920784798,1.1409090909090909,0.04140509847667519,0.11995378649303289,34.46454545454545,0.10100497458139751,0.18539324496316054,54.24818181818182,0.07963531429739139,0.10001478524911517,78.41909090909091,0.0022223659321294036,0.03313832987510219,0.4581818181818182,0.010979006244887023,0.1013656816917732,0.11454545454545456,0.07367607920784798,0.008149482219285704,0.461056758402092,0.3691203703703703,0.28805555555555556,0.192037037037037,0.08666666666666667,0.16560185185185183,0.04777777777777778,0.1178240740740741,0.061620370370370374,0.07342592592592592,0.9716666666666666,0.030138888888888892,0.09541666666666666,31.62,0.0960185185185185,0.20444444444444443,47.20166666666666,0.08666666666666667,0.11509259259259258,74.27583333333335,0.0024074074074074076,0.027592592592592596,0.3933333333333333,0.006249999999999999,0.11356481481481483,0.05833333333333334,0.07342592592592592,0.01402777777777778,0.3970833333333333
95,76,2013-01-10,13,1,2012-2013,Fortaleza B. C. / CFO,Paulistano,1,0.37499160438617934,0.32018179208749253,0.21345452805832835,0.06698930953195417,0.15279695545027852,0.044387410928593975,0.10840954452168453,0.06206131371296022,0.05841661693088056,1.08,0.031515922265298944,0.10261455650862408,31.976000000000006,0.10672726402916417,0.21187769103825338,50.558,0.06698930953195417,0.09414116924196882,69.876,0.006592949275685073,0.03595446382139701,0.686,0.013044058218308074,0.10339519073541945,0.129,0.05841661693088056,0.012514090606189304,0.4166968080120176,0.3992929292929292,0.33984848484848484,0.22656565656565658,0.07272727272727274,0.1825252525252525,0.06580808080808082,0.11671717171717173,0.07282828282828285,0.07454545454545455,1.020909090909091,0.03333333333333333,0.09828282828282826,35.54272727272728,0.11328282828282829,0.22712121212121214,50.24181818181818,0.07272727272727274,0.10954545454545456,65.75000000000001,0.017121212121212124,0.03611111111111112,0.49636363636363634,0.011313131313131313,0.11282828282828282,0.10545454545454547,0.07454545454545455,0.010505050505050505,0.4592424242424242
58,79,2013-01-12,14,1,2012-2013,Tijuca,Joinville,0,0.3383333333333333,0.27999999999999997,0.18666666666666665,0.07041666666666667,0.13416666666666668,0.0375,0.09666666666666668,0.049999999999999996,0.058750000000000004,0.9816666666666666,0.027083333333333338,0.09458333333333334,27.561666666666667,0.09333333333333332,0.19416666666666668,48.32416666666668,0.07041666666666667,0.0979166666666667,71.86083333333333,0.0037499999999999994,0.03125,0.6108333333333335,0.007083333333333334,0.09416666666666668,0.08333333333333336,0.058750000000000004,0.017083333333333336,0.35083333333333333,0.3642834926915262,0.3198929370573968,0.21326195803826453,0.07388963668202059,0.15721764764678559,0.05398084402896556,0.10323680361782002,0.058046776365599434,0.08624956697428768,0.6930769230769231,0.02571063265708036,0.10103423032054692,25.678461538461537,0.10663097901913227,0.21465524248026638,49.658461538461545,0.07388963668202059,0.1056271193840991,71.48615384615384,0.0071794871794871795,0.04206169549948751,0.5069230769230769,0.014381630298430184,0.1102701592066505,0.13538461538461538,0.08624956697428768,0.016958155916575395,0.38335197031951596
84,85,2013-01-12,14,1,2012-2013,Fortaleza B. C. / CFO,Pinheiros,0,0.3840832767147085,0.3224379928068114,0.21495866187120757,0.06544482684723107,0.14799723222752592,0.042170373571449066,0.10582685865607684,0.06778301246632747,0.05628783357352778,1.3063636363636364,0.03455992933208995,0.10374050591693097,34.20727272727273,0.10747933093560379,0.2098888100347758,51.46454545454546,0.06544482684723107,0.09103742658360801,71.09909090909092,0.005993590250622793,0.03723133074672456,0.7536363636363638,0.013221871107552796,0.10308653703219951,0.1309090909090909,0.05628783357352778,0.011830991460172096,0.4342698254654706,0.44813131313131316,0.2827272727272727,0.18848484848484848,0.09464646464646465,0.14671717171717172,0.03308080808080807,0.11363636363636362,0.0844949494949495,0.07358585858585859,1.2727272727272727,0.055,0.13515151515151516,41.31545454545455,0.09424242424242424,0.1677272727272727,57.09636363636364,0.09464646464646465,0.12378787878787878,75.87363636363636,0.009797979797979799,0.03717171717171717,0.5790909090909092,0.013333333333333334,0.1056060606060606,0.13181818181818183,0.07358585858585859,0.008535353535353537,0.5111616161616162
68,67,2013-01-12,14,1,2012-2013,Brasília,Paulistano,1,0.44055555555555553,0.29166666666666674,0.19444444444444445,0.0911111111111111,0.1577777777777778,0.04777777777777778,0.11,0.08611111111111111,0.06222222222222223,1.6544444444444446,0.051666666666666666,0.13666666666666666,37.63,0.09722222222222222,0.17833333333333334,54.8911111111111,0.0911111111111111,0.11444444444444442,80.27,0.006666666666666666,0.03722222222222222,0.7288888888888889,0.018333333333333333,0.10888888888888887,0.1811111111111111,0.06222222222222223,0.014999999999999998,0.5266666666666666,0.3976851851851851,0.3315277777777778,0.22101851851851853,0.07375000000000001,0.18106481481481482,0.06532407407407408,0.11574074074074076,0.07050925925925929,0.07416666666666667,0.9891666666666667,0.034305555555555554,0.09842592592592592,36.33083333333334,0.11050925925925927,0.2240277777777778,49.564166666666665,0.07375000000000001,0.11083333333333334,65.93750000000001,0.01652777777777778,0.03435185185185186,0.4725,0.010787037037037038,0.11134259259259259,0.10083333333333334,0.07416666666666667,0.011296296296296297,0.4538888888888888
98,81,2013-01-12,14,1,2012-2013,Flamengo,Limeira,1,0.4325555555555555,0.3516666666666666,0.23444444444444443,0.09811111111111111,0.1691111111111111,0.038555555555555565,0.1305555555555556,0.063,0.060888888888888895,1.3844444444444446,0.03333333333333333,0.09022222222222222,38.51222222222222,0.11722222222222221,0.1973333333333333,59.88111111111112,0.09811111111111111,0.1338888888888889,74.1511111111111,0.01,0.03333333333333333,0.6788888888888889,0.006666666666666667,0.10144444444444442,0.06666666666666667,0.060888888888888895,0.011555555555555555,0.5183333333333333,0.4117385048252829,0.28335723946423574,0.18890482630949051,0.059745322071916004,0.14916089010023553,0.040644490297678165,0.10851639980255735,0.0878694842452224,0.06607288012202435,1.3876923076923076,0.05436278548129214,0.12671633102270677,44.159230769230774,0.09445241315474526,0.18386174480109024,51.38461538461539,0.059745322071916004,0.07581543046861833,78.02923076923076,0.006069415465371827,0.03081231227763106,0.4915384615384616,0.005342226807545595,0.1022281121385315,0.05,0.06607288012202435,0.013206514067789214,0.47029417501392273
87,70,2013-01-12,14,1,2012-2013,L. Sorocabana,Suzano,1,0.3573081848394504,0.31779088284671153,0.21186058856447432,0.07455834381697758,0.1331745902561901,0.04000386390063292,0.09317072635555719,0.04637825572799173,0.058635191035648807,0.8245454545454546,0.02362975081933286,0.09135155452204975,27.674545454545452,0.10593029428223716,0.2009067168994214,52.60636363636363,0.07455834381697758,0.10545952433941343,71.3690909090909,0.010918702580338424,0.044097060576491896,0.8090909090909091,0.008639948790937789,0.09635785978478188,0.0881818181818182,0.058635191035648807,0.010449662730347033,0.3787142855658592,0.37831806662889084,0.29626729884106096,0.1975115325607073,0.06650929103762024,0.13782032041233683,0.04885463208920993,0.08896568832312689,0.056438838488228116,0.09029874146607435,0.6508333333333333,0.038099081010187774,0.11335721879173728,33.345,0.09875576628035365,0.198153028375844,49.82,0.06650929103762024,0.10217973015741218,65.1025,0.0025,0.03950028019038588,0.4733333333333332,0.011337418471371687,0.09619610320409278,0.12416666666666666,0.09029874146607435,0.017096181622747352,0.3755569644708465
91,67,2013-01-12,14,1,2012-2013,Bauru Basket,Palmeiras,1,0.39990089453183836,0.3010303186320988,0.20068687908806584,0.07171369003221356,0.16064612348087204,0.048878622632977445,0.11176750084789462,0.0723659248045369,0.06254186161641678,1.2536363636363637,0.042500108470519646,0.11035299201324524,40.046363636363644,0.10034343954403292,0.19217890359689765,52.67818181818182,0.07171369003221356,0.09928984019737941,73.22727272727273,0.007718134479847019,0.029943681653882784,0.5536363636363637,0.007038406143393216,0.08900290125220141,0.08636363636363636,0.06254186161641678,0.01559889485765289,0.4632637162601691,0.37166321961365534,0.26457568430998135,0.17638378953998757,0.06961278782892645,0.13547808462909458,0.044515143374509715,0.09096294125458483,0.054417498920092996,0.05953533725406994,1.0836363636363637,0.041888880748247086,0.11824239982049885,35.9,0.08819189476999378,0.19293596316766617,46.23,0.06961278782892645,0.10387877159750429,65.89999999999999,0.007228953515408963,0.04098988677893628,0.7536363636363638,0.007171717171717173,0.11597640384095831,0.06000000000000001,0.05953533725406994,0.014848484848484849,0.3839359672379871
73,64,2013-01-12,14,1,2012-2013,Uberlândia,Espírito Santo,1,0.4211987726667659,0.3141080536123026,0.20940536907486837,0.07547571835293615,0.1510248888442067,0.03632547554302184,0.1146994133011849,0.0904876231418773,0.06882321600911624,1.3741666666666665,0.045439228412987115,0.11805105903498116,38.755833333333335,0.10470268453743418,0.1752467288414804,60.089999999999996,0.07547571835293615,0.0892519223257009,83.22083333333333,0.016684844206152766,0.02794550116353205,0.4349999999999999,0.007505766899373076,0.10217648056466944,0.07833333333333334,0.06882321600911624,0.01418710374005836,0.5003705655206568,0.4025,0.2625,0.17500000000000002,0.08750000000000001,0.14250000000000002,0.0425,0.09999999999999999,0.06000000000000002,0.06916666666666667,0.9483333333333334,0.04666666666666667,0.12375000000000001,38.01416666666666,0.08750000000000001,0.18041666666666667,48.63999999999999,0.08750000000000001,0.11416666666666668,75.21333333333334,0.007083333333333334,0.04125,0.6325,0.008333333333333333,0.10416666666666667,0.08,0.06916666666666667,0.019583333333333335,0.4349999999999999
78,77,2013-01-12,14,1,2012-2013,Sesi Franca,Minas,1,0.40097825288369704,0.3713456028212475,0.24756373521416503,0.06828888399088973,0.16373007126588787,0.04414444199544487,0.11958562927044304,0.08358717214018073,0.07710050694291383,1.3076923076923077,0.028375211226214093,0.08232973330394534,35.03692307692308,0.12378186760708251,0.22345382411284992,55.439230769230775,0.06828888399088973,0.10351811035192124,66.40230769230769,0.019580853721254867,0.05019469546690178,0.783076923076923,0.018392476673278965,0.09000477554918815,0.20615384615384616,0.07710050694291383,0.016503930644331793,0.5026596135478658,0.4111184515055903,0.30973528291377744,0.20649018860918497,0.08126788493944301,0.12689422901322536,0.03495700734494745,0.0919372216682779,0.07359787841858258,0.062234993294491475,1.3327272727272728,0.041120125985654114,0.1062844122094385,38.57636363636364,0.10324509430459249,0.1821452517866601,56.66,0.08126788493944301,0.1032383331486852,78.03727272727272,0.003587361064949085,0.036316887510857564,0.6327272727272727,0.010708573186161209,0.10633191230176255,0.10454545454545455,0.062234993294491475,0.015254778971161002,0.4675913616052345
83,75,2013-01-14,3,1,2012-2013,Flamengo,Coop/São José Basketball,1,0.4383,0.3555,0.23700000000000002,0.0978,0.16570000000000001,0.03820000000000001,0.12750000000000003,0.0607,0.06080000000000001,1.3130000000000002,0.034499999999999996,0.09169999999999999,38.947,0.11850000000000001,0.19659999999999997,60.735,0.0978,0.133,74.336,0.0095,0.034499999999999996,0.6859999999999999,0.006500000000000001,0.09979999999999997,0.06599999999999999,0.06080000000000001,0.011899999999999999,0.5215,0.41578884564936097,0.31151368009884317,0.20767578673256212,0.0804990381059421,0.16426463938829514,0.04446232696291439,0.11980231242538071,0.08656591115873076,0.07378640594052731,1.2233333333333334,0.042538006936952255,0.1207909709519468,35.11833333333333,0.10383789336628106,0.18744380788289716,55.085,0.0804990381059421,0.09959688647835557,79.77916666666667,0.00328716877111862,0.03454346905217701,0.47583333333333333,0.012147422391146438,0.10125187488412545,0.12583333333333335,0.07378640594052731,0.008720358701011895,0.4863853618685843
92,77,2013-01-15,3,1,2012-2013,Brasília,Fortaleza B. C. / CFO,1,0.4329865589955465,0.29308432151097286,0.19538954767398187,0.08843880452862585,0.16131641358587756,0.04782910339646938,0.11348731018940816,0.0834022374845737,0.06243880452862586,1.581,0.04971940226431292,0.1358776090572517,36.367000000000004,0.09769477383699093,0.1819626817620862,54.152,0.08843880452862585,0.10997537157267798,81.474,0.006,0.036719402264312924,0.7060000000000001,0.018109701132156465,0.11034104201319954,0.176,0.06243880452862586,0.014573134088104307,0.5142425283039115,0.3870763369884828,0.3243181600729104,0.2162121067152736,0.06582442460996181,0.15233079620856543,0.044072842440494975,0.10825795376807044,0.06546776142746685,0.05493051410906714,1.2808333333333335,0.035013268554415784,0.1042621304238534,34.38666666666667,0.1081060533576368,0.20906474253187782,51.9675,0.06582442460996181,0.09178430770164069,71.00750000000001,0.005910791063070894,0.036212053184497515,0.7433333333333335,0.012536715181923397,0.10324599227951621,0.12416666666666666,0.05493051410906714,0.01251174217182442,0.44099734001001467
85,94,2013-01-15,4,1,2012-2013,Palmeiras,Pinheiros,0,0.3686079513125174,0.26252771061748287,0.1750184737449886,0.07214505550984925,0.13418824424333667,0.04372221475996724,0.09046602948336942,0.05404937401008525,0.06040739248289745,1.0525000000000002,0.04048147401922649,0.11630553316879061,35.10166666666667,0.0875092368724943,0.19060796623702733,46.4175,0.07214505550984925,0.10563887396437893,67.075,0.006626540722458216,0.03965739621402493,0.7208333333333333,0.006990740740740742,0.11381170352087845,0.06000000000000002,0.06040739248289745,0.014861111111111111,0.37902463663482155,0.4462037037037037,0.2866666666666667,0.19111111111111112,0.0925925925925926,0.14282407407407408,0.0311574074074074,0.11166666666666665,0.08370370370370371,0.07078703703703705,1.3233333333333333,0.05416666666666667,0.13180555555555556,41.82,0.09555555555555556,0.16874999999999998,57.43083333333334,0.0925925925925926,0.1226388888888889,74.85416666666667,0.008981481481481481,0.03449074074074074,0.5416666666666667,0.013055555555555556,0.10472222222222222,0.13000000000000003,0.07078703703703705,0.008240740740740741,0.5068981481481482
77,94,2013-01-17,15,1,2012-2013,Pinheiros,L. Sorocabana,0,0.44803418803418804,0.2853846153846154,0.19025641025641027,0.09393162393162394,0.14376068376068377,0.031068376068376067,0.11269230769230767,0.08111111111111112,0.07034188034188035,1.2807692307692307,0.054615384615384614,0.13012820512820514,42.79923076923077,0.09512820512820513,0.1673076923076923,57.62846153846154,0.09393162393162394,0.12435897435897436,74.93153846153847,0.00829059829059829,0.03337606837606837,0.5238461538461539,0.012435897435897438,0.10589743589743589,0.1230769230769231,0.07034188034188035,0.008376068376068376,0.509059829059829,0.3657507420947466,0.33216228924452335,0.22144152616301552,0.0753737902138847,0.13657328127200488,0.04150239975463482,0.09507088151737005,0.04734559226304707,0.05726324597350569,0.8708333333333332,0.022978475239282148,0.09076756669353418,26.93083333333333,0.11072076308150776,0.20525041563610202,53.604166666666664,0.0753737902138847,0.10765348332413198,70.755,0.0117659711273907,0.04261875606438484,0.7941666666666668,0.008798533272733213,0.09579596995822542,0.09083333333333334,0.05726324597350569,0.0100181476100049,0.39152306259456965
87,66,2013-01-17,15,1,2012-2013,Coop/São José Basketball,Sesi Franca,1,0.4211875205422898,0.3174570351224666,0.21163802341497776,0.08128485842559179,0.16309284378706318,0.041042147965767134,0.12205069582129606,0.08389445435581247,0.07359328529057065,1.1853846153846155,0.04275487956724008,0.12296330369197245,34.7576923076923,0.10581901170748888,0.18797802633059538,55.97615384615384,0.08128485842559179,0.09941207396859644,80.82153846153847,0.0035327420648863517,0.034876873705132226,0.4815384615384615,0.011711437714142799,0.1049272150139835,0.11923076923076925,0.07359328529057065,0.009046426737872386,0.4878488328039034,0.4001940919634329,0.37589234547687267,0.2505948969845818,0.06841110656296903,0.1613207804611816,0.04384841042434167,0.11747237003683997,0.08297380270159639,0.07623618501841999,1.2964285714285713,0.027062696138627374,0.08002046663937781,33.962857142857146,0.1252974484922909,0.22713569381907492,55.24571428571429,0.06841110656296903,0.10255253104106973,67.21499999999999,0.019253649884022377,0.0516093600764088,0.8042857142857143,0.017793014053759038,0.08893300586710327,0.2007142857142857,0.07623618501841999,0.016039364169736666,0.4988982125801611
83,81,2013-01-17,15,1,2012-2013,Mogi,Uberlândia,1,0.3664957264957265,0.2832051282051282,0.18880341880341878,0.08615384615384616,0.16286324786324785,0.04833333333333334,0.11452991452991455,0.061111111111111116,0.07354700854700855,0.9530769230769229,0.030512820512820518,0.09653846153846155,31.635384615384616,0.09440170940170939,0.20448717948717948,46.385384615384616,0.08615384615384616,0.11547008547008544,73.69076923076923,0.002606837606837607,0.027777777777777783,0.39384615384615385,0.005769230769230768,0.11213675213675214,0.05384615384615385,0.07354700854700855,0.013333333333333336,0.38769230769230767,0.41687579015393783,0.3141766648728947,0.2094511099152631,0.0735160477104026,0.15209989739465235,0.035454285116635544,0.11664561227801684,0.08968088290019444,0.07122143016226114,1.3299999999999998,0.04463621084275734,0.11781636218613646,38.11538461538462,0.10472555495763156,0.1736892881613665,60.678461538461534,0.0735160477104026,0.08777100522372391,82.31384615384614,0.01617062542106409,0.028488154920183435,0.42846153846153834,0.007697630984036684,0.09970136667507948,0.08307692307692308,0.07122143016226114,0.013480403452361563,0.49495744509599093
85,94,2013-01-17,15,1,2012-2013,Espírito Santo,Fortaleza B. C. / CFO,0,0.3961538461538462,0.2642307692307692,0.17615384615384616,0.08499999999999999,0.1423076923076923,0.04346153846153847,0.09884615384615383,0.05961538461538463,0.06884615384615385,0.9407692307692308,0.045000000000000005,0.12461538461538463,36.51461538461538,0.08807692307692308,0.18153846153846154,48.646153846153844,0.08499999999999999,0.11038461538461539,75.93692307692308,0.006923076923076924,0.04346153846153847,0.666923076923077,0.008076923076923077,0.10192307692307692,0.07923076923076923,0.06884615384615385,0.019230769230769232,0.42692307692307685,0.3869166187585995,0.32244753237499424,0.2149650215833295,0.06806869963996474,0.15484381188482962,0.04529800840661075,0.10954580347821886,0.0646625490099694,0.05724355148529274,1.2323076923076923,0.03462763251176842,0.10393427423740315,34.049230769230775,0.10748251079166475,0.20913668541404107,51.63307692307693,0.06806869963996474,0.09395474557074524,71.63538461538462,0.006225345596680825,0.03458035678569001,0.7000000000000001,0.011956967860236981,0.10261168518109189,0.11846153846153847,0.05724355148529274,0.013087762004761002,0.4378436984707828
86,90,2013-01-17,15,1,2012-2013,Minas,Brasília,0,0.41268586511779426,0.31742484685856737,0.21161656457237824,0.0810096129346718,0.12981310281916772,0.03343979162957425,0.09637331118959348,0.07165232657381794,0.06681982146355744,1.2575,0.040019895870248075,0.10533729782887345,37.81250000000001,0.10580828228618912,0.18371689956490744,57.494166666666665,0.0810096129346718,0.10207976927983654,78.82583333333334,0.0032884143095366614,0.03701279549839032,0.6116666666666666,0.00981619208731444,0.10770728663023561,0.09583333333333334,0.06681982146355744,0.016309994440296058,0.46724443583587966,0.4354423263595877,0.2964402922827026,0.1976268615218017,0.0872170950260235,0.16028764871443413,0.04802645763315399,0.11226119108128016,0.0849111249859761,0.060398913207841694,1.6645454545454548,0.05019945660392084,0.13943419005204702,35.91818181818182,0.09881343076090085,0.1822388016018965,54.63454545454545,0.0872170950260235,0.10725033779334363,82.59,0.005454545454545454,0.03747218387664811,0.7445454545454546,0.017372455574687695,0.11031003819381778,0.16818181818181818,0.060398913207841694,0.01415739462554937,0.5165841166399195
76,73,2013-01-17,15,1,2012-2013,Paulistano,Bauru Basket,1,0.3928632478632478,0.327948717948718,0.21863247863247864,0.07230769230769232,0.1802136752136752,0.06452991452991454,0.1156837606837607,0.06854700854700857,0.07346153846153847,0.9661538461538461,0.03397435897435897,0.09777777777777777,36.1,0.10931623931623932,0.22371794871794876,49.07307692307692,0.07230769230769232,0.11038461538461539,64.89461538461539,0.015256410256410259,0.03324786324786326,0.45999999999999996,0.01111111111111111,0.11047008547008547,0.10461538461538462,0.07346153846153847,0.012735042735042735,0.447051282051282,0.40450576213393646,0.3109567130350917,0.20730447535672777,0.07157292491102929,0.16018013560697836,0.04855671703976516,0.11162341856721324,0.07217080678565901,0.061498165325644095,1.2658333333333334,0.041876120622059775,0.10990997291772509,39.48666666666667,0.10365223767836389,0.19325330955726386,53.979166666666664,0.07157292491102929,0.09810150021560993,73.9875,0.007908581708645508,0.03161650035998793,0.5908333333333334,0.008535935053408135,0.09033905638676824,0.09916666666666667,0.061498165325644095,0.015132612054967557,0.47300866249472806
74,105,2013-01-17,15,1,2012-2013,Suzano,Flamengo,0,0.37973824691776925,0.30225498693610514,0.20150332462407008,0.06488137115898404,0.13593920588357047,0.04684067318293801,0.08909853270063246,0.053841479089724024,0.0872768862911662,0.6346153846153846,0.03778451704490505,0.11292185888171563,33.209230769230764,0.10075166231203504,0.19817127274632945,50.823076923076925,0.06488137115898404,0.09998804249145304,64.82846153846154,0.0027437147366860554,0.03820588681479273,0.4707692307692307,0.01046530935818925,0.09708082910850531,0.11461538461538462,0.0872768862911662,0.01621711315768361,0.37457340265945815,0.43621391364477985,0.34911295055342495,0.23274196703561667,0.09846266599336709,0.16291953160186157,0.038366729902235094,0.12455280169962654,0.061095936091132,0.058457252300819336,1.3627272727272728,0.03500309353859871,0.09428200788852342,38.43636363636364,0.11637098351780834,0.19646962645521418,59.64272727272728,0.09846266599336709,0.13182746243397797,75.53272727272727,0.008636363636363636,0.03500309353859871,0.7272727272727272,0.005909090909090909,0.0993709835178083,0.05999999999999999,0.058457252300819336,0.01127311396505211,0.5145798701623653
77,79,2013-01-17,15,1,2012-2013,Palmeiras,Tijuca,0,0.3729458012115545,0.27348711749306115,0.1823247449953741,0.07390312816293776,0.13463530237846463,0.04535896747073898,0.08927633490772562,0.05566096062469407,0.05999143921498226,1.0761538461538462,0.03890597601774753,0.11505126138657595,33.94,0.09116237249768705,0.19479196883417907,47.08538461538462,0.07390312816293776,0.10789742212096518,67.32846153846154,0.00688603758996143,0.03968375035140762,0.7215384615384616,0.006837606837606839,0.11582618786542626,0.05846153846153848,0.05999143921498226,0.014487179487179489,0.3844842799706045,0.33871201533271716,0.28304487369173403,0.18869658246115606,0.06818672864095128,0.13477208061512969,0.03689161935892124,0.09788046125620845,0.051161562589626744,0.06014897956396448,0.9715384615384615,0.027276234743536635,0.0941363965383022,28.005384615384614,0.09434829123057803,0.19880638802518427,47.82692307692309,0.06818672864095128,0.09630282571781065,70.47538461538463,0.003916785410245787,0.031577635538397805,0.5992307692307693,0.007448955435876191,0.09375178115368683,0.08692307692307695,0.06014897956396448,0.016224477717938095,0.34842948907634946
77,62,2013-01-17,15,1,2012-2013,Joinville,Limeira,1,0.36647752892784574,0.32811487012472557,0.21874324674981707,0.07182609120473339,0.15955924424344375,0.05333935516975374,0.10621988907369002,0.059614863768056615,0.08473174076183855,0.7314285714285715,0.02530273032443176,0.10060321386907929,25.347857142857144,0.10937162337490854,0.21539415373167592,50.714285714285715,0.07182609120473339,0.10236803942809203,71.73714285714286,0.007380952380952381,0.042271574392381266,0.5199999999999999,0.014425799562828027,0.10775086212046117,0.13999999999999999,0.08473174076183855,0.017175430493962866,0.39346968672526483,0.41125718305204845,0.2845460080739332,0.18969733871595548,0.06047779906677914,0.14636368366450442,0.03952702670498687,0.10683665695951754,0.08587880679913508,0.06421053154187975,1.3957142857142857,0.05369401508977128,0.124808021663942,44.21928571428572,0.09484866935797774,0.18465733445815521,51.37714285714286,0.06047779906677914,0.07647147114943131,78.33785714285715,0.005635885789273839,0.03111143282922884,0.5192857142857144,0.005317782035578053,0.1031403898429221,0.04928571428571429,0.06421053154187975,0.012620334491518557,0.468487448227214
59,95,2013-01-19,16,1,2012-2013,Mogi,Sesi Franca,0,0.36996031746031743,0.2854761904761905,0.19031746031746027,0.08714285714285716,0.16194444444444442,0.04845238095238096,0.11349206349206352,0.06138888888888889,0.07007936507936507,1.0707142857142855,0.03083333333333334,0.09714285714285716,31.756428571428568,0.09515873015873014,0.20773809523809522,46.07214285714286,0.08714285714285716,0.11579365079365078,74.37928571428573,0.002420634920634921,0.027936507936507943,0.45142857142857146,0.00607142857142857,0.11305555555555556,0.055714285714285716,0.07007936507936507,0.012380952380952383,0.3907142857142857,0.3955144858325374,0.37383285577841446,0.24922190385227636,0.06551703279210444,0.15989939509710283,0.04392518306271889,0.11597421203438397,0.08110888252148997,0.07615377268385864,1.2586666666666666,0.026925183062718884,0.0806857688634193,33.550666666666665,0.12461095192613818,0.22565998089780326,55.302666666666674,0.06551703279210444,0.09971569563833176,65.51199999999999,0.018303406558420887,0.05016873607131488,0.7773333333333333,0.017273479783508437,0.08833747214262973,0.196,0.07615377268385864,0.015303406558420888,0.48830499840815034
94,96,2013-01-19,16,1,2012-2013,Paulistano,L. Sorocabana,0,0.3919444444444444,0.3280952380952381,0.21873015873015875,0.07214285714285716,0.17841269841269838,0.0634920634920635,0.11492063492063494,0.06936507936507938,0.07428571428571429,0.9642857142857143,0.033690476190476194,0.09686507936507936,36.042142857142856,0.10936507936507937,0.2198809523809524,50.19,0.07214285714285716,0.11035714285714286,64.805,0.015238095238095242,0.03265873015873017,0.44785714285714284,0.011031746031746031,0.11007936507936508,0.1042857142857143,0.07428571428571429,0.012539682539682542,0.4479761904761904,0.3737699157797661,0.33199595930263687,0.22133063953509127,0.08188349865897049,0.1383753365587737,0.042925292081201376,0.09545004447757235,0.047165162088966525,0.056704534744774486,0.8730769230769231,0.02351859252856814,0.09147775387095464,27.166923076923073,0.11066531976754564,0.20676961443332495,53.24153846153846,0.08188349865897049,0.11283398460689106,72.34538461538462,0.011630127194514494,0.042801928674816775,0.8023076923076924,0.00850633840559989,0.09611935688451578,0.08769230769230771,0.056704534744774486,0.010401367024619908,0.40025205777960277
61,106,2013-01-19,16,1,2012-2013,Palmeiras,Flamengo,0,0.373813692129909,0.27860134278412046,0.185734228522747,0.07434004793710294,0.13895054950789915,0.0471202915354072,0.0918302579724919,0.05668642803550835,0.05927865806575363,1.0992857142857144,0.03791313855668633,0.11254902878762411,33.74785714285714,0.0928671142613735,0.19945432936417082,46.88142857142857,0.07434004793710294,0.10804957103209045,67.71428571428571,0.007465874257659502,0.038278125415615115,0.6985714285714286,0.00634920634920635,0.1161264606966012,0.054285714285714305,0.05927865806575363,0.01416684528274926,0.3877430833213985,0.44424520408561663,0.35679423460042475,0.23786282306694992,0.09871124381034557,0.1662505039345579,0.038973712402773746,0.1272767915317842,0.06403571806747545,0.057812714600630595,1.4075,0.035890379069440405,0.09530166388006016,38.805,0.11893141153347496,0.19954089754505885,59.92583333333334,0.09871124381034557,0.1314090905433453,75.905,0.009607426663285146,0.035890379069440405,0.7416666666666666,0.007530116662439766,0.0991211782085954,0.07666666666666666,0.057812714600630595,0.010333687801297769,0.5304521241979937
80,76,2013-01-19,16,1,2012-2013,Coop/São José Basketball,Uberlândia,1,0.4221741262178405,0.3215672468994333,0.2143781645996222,0.07905022568090667,0.16108621208798724,0.03989628025392662,0.12118993183406064,0.08754485047325444,0.07262233634124417,1.2614285714285713,0.04291524531243722,0.12132306771397441,35.489285714285714,0.1071890822998111,0.18705102444983854,57.07999999999999,0.07905022568090667,0.0983826401136967,79.25,0.003280403345965898,0.03559995415476564,0.5007142857142857,0.011946335020275454,0.10314669965584182,0.1242857142857143,0.07262233634124417,0.008400253399452929,0.4958596304607674,0.41602751942865657,0.31316404595340225,0.20877603063560146,0.07433633001680241,0.15444990472360573,0.036850407608304436,0.11759949711530135,0.08720367697875198,0.06934847086495678,1.322142857142857,0.04430505292541753,0.11725805060141244,37.99,0.10438801531780073,0.1762829104355546,59.74571428571428,0.07433633001680241,0.09150164770774362,80.77071428571428,0.0153727236052738,0.027524715283027475,0.4214285714285713,0.007862085913748349,0.09900841191257381,0.085,0.06934847086495678,0.01287466034862145,0.4917461990177059
76,74,2013-01-19,16,1,2012-2013,Minas,Fortaleza B. C. / CFO,1,0.4140177216471947,0.324161397100216,0.21610759806681068,0.08016271963200475,0.12559671029461636,0.03279057688883777,0.0928061334057786,0.0692175322219858,0.0678336813509761,1.1992307692307693,0.03924913464945977,0.10531135184203702,37.10153846153847,0.10805379903340534,0.1842002149829915,58.53692307692307,0.08016271963200475,0.09999671010446451,79.94153846153846,0.0034200747472646104,0.03647334969082184,0.5938461538461538,0.009061100388290253,0.10672980304329441,0.08846153846153847,0.0678336813509761,0.015824610252580976,0.46014871000235047,0.3928511459901281,0.3304869943482089,0.22032466289880598,0.06963522109425298,0.15378353960734178,0.04420529352042427,0.10957824608691753,0.0650437955092573,0.05958329780777183,1.2,0.03429708733235639,0.10329611179187435,33.87285714285714,0.11016233144940299,0.20776977931303814,53.396428571428565,0.06963522109425298,0.09545797802997771,72.10857142857144,0.0064949637683464805,0.03532461701528358,0.6857142857142858,0.012174327298791485,0.10242513623958534,0.1207142857142857,0.05958329780777183,0.013581493290135216,0.4465691485800126
73,74,2013-01-19,16,1,2012-2013,Pinheiros,Bauru Basket,0,0.443531746031746,0.2842857142857143,0.18952380952380957,0.09222222222222223,0.1427777777777778,0.03099206349206349,0.11178571428571428,0.08210317460317461,0.0713888888888889,1.2692857142857144,0.05392857142857143,0.12761904761904763,43.12571428571429,0.09476190476190478,0.1667857142857143,57.53000000000001,0.09222222222222223,0.12261904761904763,74.57928571428572,0.008412698412698412,0.03277777777777778,0.5071428571428572,0.012976190476190476,0.1069047619047619,0.12642857142857145,0.0713888888888889,0.009206349206349206,0.5062698412698412,0.4014668573544029,0.31011388895546926,0.2067425926369795,0.06952885376402704,0.15862781748336463,0.04905235419055246,0.10957546329281222,0.07161920626368525,0.06099830645444071,1.2592307692307694,0.0417318036511321,0.11107074423174623,38.91076923076923,0.10337129631848975,0.1945415165143974,53.49,0.06952885376402704,0.09517061558363994,74.06538461538462,0.0080694600387497,0.032646000332296546,0.6084615384615385,0.007879324664684433,0.09185143666470916,0.09153846153846154,0.06099830645444071,0.014737795743046976,0.4654695346105182
86,79,2013-01-19,16,1,2012-2013,Suzano,Tijuca,1,0.3790426578522143,0.3010224878692405,0.20068165857949366,0.06667555893334233,0.13658640546331544,0.04635205366987101,0.09023435179344443,0.05392423058331517,0.08711425155608289,0.6357142857142858,0.037228480113126114,0.11378458324730736,32.551428571428566,0.10034082928974683,0.19901618183587735,50.424285714285716,0.06667555893334233,0.10070318231349211,66.04214285714285,0.0025477351126370514,0.036905466328021816,0.45428571428571424,0.011503501546890017,0.09728934131504065,0.12428571428571429,0.08711425155608289,0.015773033646420496,0.3713895881837826,0.3427325856660945,0.27782738271375307,0.18521825514250206,0.07188767659516904,0.13693121771404898,0.03675650369042687,0.10017471402362212,0.05250716526179627,0.0604954810236813,0.9792857142857142,0.02854221797614116,0.09419808249985205,29.388571428571428,0.09260912757125103,0.197463074594814,47.188571428571436,0.07188767659516904,0.09942405245225275,71.56357142857144,0.0036370150237996597,0.03003637585708368,0.5671428571428573,0.009059744333313607,0.09491236821413777,0.10000000000000002,0.0604954810236813,0.015779872166656803,0.3560416684280388
94,85,2013-01-19,16,1,2012-2013,Espírito Santo,Brasília,1,0.39821428571428574,0.26571428571428574,0.17714285714285713,0.08607142857142858,0.14071428571428574,0.044642857142857144,0.09607142857142857,0.06000000000000002,0.07071428571428572,0.9221428571428572,0.045000000000000005,0.12535714285714286,36.287142857142854,0.08857142857142856,0.18321428571428572,48.48142857142857,0.08607142857142858,0.11035714285714286,77.00642857142859,0.006785714285714286,0.04357142857142858,0.6528571428571429,0.008571428571428572,0.10285714285714286,0.08285714285714287,0.07071428571428572,0.020714285714285713,0.4260714285714285,0.43665546582962206,0.2954869345924774,0.19699128972831823,0.08786567044052153,0.15693034465489797,0.04652425283039116,0.11040609182450682,0.08741853123714476,0.05994900377385489,1.7000000000000002,0.05059950188692744,0.13739800754770976,36.910833333333336,0.09849564486415911,0.1820522348017385,54.48,0.08786567044052153,0.10664614297723167,83.62416666666667,0.005,0.039349501886927436,0.7733333333333334,0.017591417610130385,0.10945086834433297,0.1708333333333333,0.05994900377385489,0.014227611740086923,0.5218687735865929
86,75,2013-01-21,6,1,2012-2013,Brasília,L. Sorocabana,1,0.44011588993101874,0.2949867540460305,0.19665783603068696,0.09026013068908173,0.15575563441329446,0.04730420604387038,0.1084514283694241,0.08592451910557555,0.05926040964856289,1.6715384615384619,0.05106597440375002,0.13990515572226,36.635384615384616,0.09832891801534348,0.18068856822901253,54.79846153846154,0.09026013068908173,0.11151881919566485,82.57615384615384,0.004615384615384615,0.039373736451312605,0.7738461538461539,0.017981728397216387,0.11410779645760451,0.16769230769230767,0.05926040964856289,0.015312551014142584,0.5240048181318184,0.37754825512883045,0.3263772003048295,0.21758480020321969,0.08206642335793292,0.1364278918839407,0.041763961694448896,0.0946639301894918,0.049827967971500665,0.05741611559633821,0.9014285714285714,0.025965677189225968,0.09288013653096582,28.940714285714282,0.10879240010160984,0.20533368959284934,52.67,0.08206642335793292,0.11175854126195439,73.34642857142856,0.010799403823477743,0.04355417186471082,0.8021428571428573,0.00885112375758085,0.09750765678959006,0.09000000000000001,0.05741611559633821,0.01061079318952801,0.40594833936677394
90,105,2013-01-21,2,1,2012-2013,Minas,Flamengo,0,0.41158788438668076,0.32243558302162917,0.2149570553477528,0.0840796682297187,0.12698265955928661,0.03330553568249221,0.09367712387679442,0.06820199420612967,0.0683455612544778,1.1657142857142857,0.03751705360306978,0.10350339813903439,35.79071428571429,0.1074785276738764,0.18818591391277778,57.33214285714285,0.0840796682297187,0.10356837366843132,80.66,0.0035329265510314237,0.03601096757004885,0.58,0.009842450360555236,0.10839195996877339,0.09285714285714286,0.0683455612544778,0.015765709520253766,0.4533523735736112,0.4508417268482615,0.36165621655423824,0.2411041443694922,0.10111807120954976,0.16730815747805347,0.03712958067948346,0.13017857679857003,0.06641758590843888,0.05644250578519748,1.4823076923076923,0.03620650375640652,0.09566307435082476,38.89692307692308,0.1205520721847461,0.20226852081082353,59.89846153846155,0.10111807120954976,0.1332237758861649,76.51769230769231,0.009253009227647827,0.03659111914102191,0.7715384615384614,0.007335492303790553,0.0988041645002419,0.07461538461538461,0.05644250578519748,0.009538788739659479,0.5404173454135326
64,73,2013-01-24,17,1,2012-2013,Tijuca,Pinheiros,0,0.3462170799550215,0.28030555719950284,0.18687037146633526,0.0754284981554911,0.13646913653311238,0.036639403444398415,0.09982973308871397,0.05434002091100985,0.06112911562210255,0.99,0.027972736777731752,0.09425154366652858,28.832666666666668,0.09343518573316763,0.19696553628849306,47.726666666666674,0.0754284981554911,0.10479578228876923,71.42200000000001,0.0037278806888796823,0.030700617466611433,0.5673333333333335,0.009122428044426034,0.09591821033319527,0.09933333333333336,0.06112911562210255,0.014727880688879683,0.3606388905328362,0.4382962962962963,0.2843333333333333,0.1895555555555556,0.08774074074074074,0.14225925925925928,0.030592592592592595,0.11166666666666666,0.08196296296296297,0.06996296296296298,1.2913333333333334,0.05366666666666667,0.12944444444444445,42.40133333333333,0.0947777777777778,0.16666666666666666,57.53333333333334,0.08774074074074074,0.11711111111111112,73.77400000000002,0.008851851851851852,0.03192592592592593,0.5000000000000001,0.012777777777777779,0.10477777777777778,0.12666666666666668,0.06996296296296298,0.008925925925925926,0.49851851851851847
94,67,2013-01-24,17,1,2012-2013,Brasília,Mogi,1,0.4393933263645174,0.2964162716141711,0.19761084774278073,0.08881297849700447,0.1614159462409163,0.049639619897879635,0.11177632634303668,0.08585848202660587,0.061456094673665536,1.6192857142857147,0.05098983337491074,0.13991193031352717,36.56928571428571,0.09880542387139037,0.18063938478408306,55.050714285714285,0.08881297849700447,0.10962461782454593,82.55999999999999,0.004285714285714286,0.03941846956193314,0.75,0.019197319225986647,0.11381438242491848,0.17857142857142855,0.061456094673665536,0.014575940227418113,0.5276473311224028,0.36496296296296293,0.28144444444444444,0.1876296296296296,0.08800000000000002,0.16114814814814812,0.0468888888888889,0.11425925925925928,0.06096296296296297,0.07407407407407408,1.0273333333333332,0.029777777777777785,0.09433333333333334,31.45733333333333,0.0938148148148148,0.2058888888888889,45.778666666666666,0.08800000000000002,0.11774074074074073,74.01866666666668,0.0022592592592592595,0.02807407407407408,0.4366666666666667,0.005666666666666665,0.11385185185185186,0.052000000000000005,0.07407407407407408,0.01288888888888889,0.383
75,60,2013-01-24,17,1,2012-2013,Joinville,Palmeiras,1,0.36771236033265603,0.32124054544974384,0.21416036363316257,0.0727043517910845,0.16158862796054752,0.05345006482510349,0.10813856313544402,0.06030720618351951,0.08241629137771599,0.7760000000000001,0.026949214969469646,0.10056299961114067,26.991333333333333,0.10708018181658129,0.21403454348289752,49.897333333333336,0.0727043517910845,0.1022101701328859,72.62133333333333,0.007555555555555555,0.04078680276622251,0.512,0.014797412925306157,0.1072341379790971,0.144,0.08241629137771599,0.017363735127698676,0.39957170761024724,0.3692261126545817,0.2760279199318458,0.18401861328789723,0.07405071140796275,0.1390205128740392,0.045978938766380054,0.09304157410765912,0.0555739994998078,0.06066008086137006,1.0593333333333335,0.037052262652907245,0.11071242686844918,33.458666666666666,0.09200930664394862,0.20182404073989274,46.025333333333336,0.07405071140796275,0.10751293296328443,67.86666666666666,0.006968149307148869,0.037726250387907445,0.6773333333333335,0.00625925925925926,0.11771802998349447,0.05333333333333335,0.06066008086137006,0.014222388930565977,0.37789354443330525
96,65,2013-01-24,17,1,2012-2013,Limeira,Suzano,1,0.4045149741565684,0.28658467756368217,0.19105645170912147,0.059113679555831265,0.14594317291413503,0.04022655879153449,0.10571661412260053,0.08215435333265413,0.06226409647923716,1.3599999999999999,0.05144828096387189,0.12349028800679406,42.541333333333334,0.09552822585456074,0.18635244773517456,51.285333333333334,0.059113679555831265,0.07770924075320805,75.92266666666666,0.006594026950074284,0.030704670907386957,0.532,0.005630196673248866,0.10326716497384215,0.05266666666666667,0.06226409647923716,0.01277937901881468,0.4575964216000349,0.3824398139954,0.30595432201129114,0.2039695480075274,0.06923052167111951,0.1381473117657611,0.04692858342521295,0.09121872834054813,0.055995948544427486,0.08630663478567736,0.6686666666666667,0.03641324810558437,0.11219894436415355,32.233333333333334,0.1019847740037637,0.20308176971348554,50.26800000000001,0.06923052167111951,0.10132297015925931,68.00266666666667,0.0037112194384612478,0.037111768572820364,0.4593333333333333,0.011736601443764016,0.09980338522737127,0.12333333333333334,0.08630663478567736,0.015721498069992464,0.377963615638197
94,70,2013-01-24,17,1,2012-2013,Flamengo,Paulistano,1,0.4561387463591,0.36475220108607836,0.24316813405738563,0.10032392326601049,0.16821471765819251,0.04054889634523464,0.1276658213129579,0.06774490120069324,0.056696612514826224,1.4778571428571428,0.03754889634523463,0.09704428332576585,39.535000000000004,0.12158406702869282,0.20424934075290757,59.81285714285715,0.10032392326601049,0.13192207760858168,76.64214285714286,0.008949222854244413,0.03540603920237749,0.7399999999999999,0.006811528567805514,0.0971038670359389,0.06928571428571428,0.056696612514826224,0.00992887525825523,0.5453875350268518,0.3936666666666666,0.3373333333333334,0.22488888888888894,0.07177777777777779,0.17718518518518517,0.06281481481481482,0.11437037037037039,0.06829629629629631,0.07496296296296297,0.9420000000000001,0.03233333333333333,0.09366666666666666,35.45733333333333,0.11244444444444447,0.22270370370370374,50.79866666666667,0.07177777777777779,0.10981481481481482,64.83266666666667,0.015703703703703706,0.03314814814814816,0.4493333333333333,0.011185185185185185,0.10896296296296296,0.10666666666666667,0.07496296296296297,0.012592592592592594,0.44951851851851843
82,84,2013-01-24,17,1,2012-2013,L. Sorocabana,Minas,0,0.37737837145357506,0.3206187202845075,0.21374581352300506,0.08192866180073739,0.1356660324250113,0.04231303091481897,0.09335300151019235,0.05050610344006728,0.05692170788991567,0.9213333333333332,0.02723463204327757,0.09568812742890143,29.23333333333333,0.10687290676150253,0.20597811028665938,51.63933333333333,0.08192866180073739,0.11230797184449078,72.90133333333333,0.010746110235245894,0.04531722707373009,0.8420000000000002,0.008594382173742126,0.0976738130036174,0.08733333333333335,0.05692170788991567,0.010570073643559476,0.40355178340898906,0.4141486920942354,0.3239398774868539,0.21595991832456926,0.08114102368107079,0.1261838155886675,0.0347518333036594,0.09143198228500812,0.06898852792572102,0.06678919050417928,1.2066666666666668,0.039015916696198465,0.10526983826309877,36.48133333333333,0.10797995916228463,0.1896401863185926,57.16066666666666,0.08114102368107079,0.09999714875720257,80.616,0.0032973981142959954,0.03627690306537893,0.6006666666666667,0.009852953669851554,0.10683249597085516,0.09466666666666666,0.06678919050417928,0.015714662218903514,0.4564622153353704
85,70,2013-01-24,17,1,2012-2013,Bauru Basket,Espírito Santo,1,0.3992192246862313,0.3072486111729358,0.20483240744862383,0.06956250706659653,0.15908297337741,0.04876290031979872,0.11032007305761134,0.0707892629591363,0.060212713136266374,1.2550000000000001,0.04160810339033695,0.10920854821519292,39.49285714285715,0.10241620372431191,0.19743140819194044,52.404999999999994,0.06956250706659653,0.09408700018480852,75.02499999999999,0.008564498607410435,0.032099857451418225,0.6007142857142858,0.00803080147434983,0.09064776261722993,0.09428571428571428,0.060212713136266374,0.014756524618543623,0.46115028213833836,0.40299999999999997,0.267,0.178,0.09000000000000001,0.14100000000000001,0.04566666666666667,0.09533333333333333,0.058333333333333355,0.06933333333333333,0.9073333333333333,0.04500000000000001,0.12433333333333335,36.59533333333333,0.089,0.18333333333333332,48.67266666666667,0.09000000000000001,0.11466666666666668,77.39666666666668,0.006333333333333334,0.04200000000000001,0.636,0.008,0.10566666666666666,0.07733333333333334,0.06933333333333333,0.02,0.42933333333333323
91,87,2013-01-24,17,1,2012-2013,Uberlândia,Sesi Franca,1,0.41362568480007944,0.3092864428898421,0.20619096192656136,0.07338057468234892,0.15315324440869868,0.03672704710108414,0.1164261973076146,0.08805676518016851,0.06839190614062633,1.3553333333333333,0.04468471606372303,0.11744084722798492,38.23533333333333,0.10309548096328068,0.1761973830731843,59.00066666666667,0.07338057468234892,0.09006820452722739,81.1,0.014681208698255547,0.028356400930825643,0.44199999999999995,0.008004613519498459,0.09807451778506888,0.08733333333333333,0.06839190614062633,0.012349682992046689,0.4892964524165255,0.40651448583253735,0.37783285577841447,0.25188857051894303,0.06885036612543777,0.15856606176376953,0.043925183062718885,0.11464087870105062,0.08244221585482331,0.0718204393505253,1.371333333333333,0.028591849729385548,0.08301910219675263,34.5,0.12594428525947152,0.22499331423113658,56.021333333333345,0.06885036612543777,0.10538236230499841,64.82866666666665,0.01863673989175422,0.04916873607131489,0.8166666666666667,0.016940146450175105,0.09233747214262973,0.1873333333333333,0.0718204393505253,0.014303406558420887,0.5026383317414836
73,63,2013-01-24,17,1,2012-2013,Fortaleza B. C. / CFO,Coop/São José Basketball,1,0.3913277362574529,0.3254545280583283,0.2169696853722189,0.07432620635463612,0.156531303633519,0.04459160728572932,0.11193969634778969,0.06604087580864014,0.06161107795392037,1.1793333333333333,0.033343948176865965,0.10074303767241606,33.666000000000004,0.10848484268610945,0.21025179402550226,52.14933333333333,0.07432620635463612,0.09942744616131254,73.32266666666668,0.0060619661837900485,0.03463630921426467,0.6586666666666667,0.013029372145538719,0.10393012715694631,0.126,0.06161107795392037,0.014342727070792868,0.4451312053413451,0.42069585113665114,0.32112943043947106,0.2140862869596474,0.07844687730217956,0.16201379794878806,0.04123652823699818,0.12077726971178993,0.08937519377503748,0.07211418058516122,1.2953333333333332,0.042720895624941406,0.12056819653304279,35.54733333333333,0.1070431434798237,0.18824762281984933,56.68933333333333,0.07844687730217956,0.09749046410611692,79.45666666666666,0.0033950431229015044,0.035559957211114594,0.5033333333333333,0.01181657935225709,0.10127025301211903,0.12466666666666668,0.07211418058516122,0.008173569839489402,0.4964689884300496
52,74,2013-01-26,18,1,2012-2013,Tijuca,Paulistano,0,0.34421707995502154,0.28330555719950284,0.18887037146633526,0.07642849815549109,0.14013580319977903,0.03863940344439842,0.10149639975538063,0.051673354244343175,0.059795782288769216,0.9646666666666667,0.02630607011106508,0.09358487699986191,26.67866666666667,0.09443518573316763,0.1986322029551597,47.808,0.07642849815549109,0.10746244895543589,70.49933333333335,0.0033945473555463492,0.030367284133278105,0.5673333333333335,0.009455761377759365,0.0952515436665286,0.10400000000000001,0.059795782288769216,0.013727880688879686,0.35830555719950286,0.3883333333333333,0.33533333333333337,0.2235555555555556,0.06977777777777779,0.17685185185185184,0.06281481481481484,0.11403703703703703,0.06629629629629631,0.07329629629629632,0.9506666666666668,0.03166666666666667,0.09366666666666669,34.71666666666667,0.1117777777777778,0.22370370370370374,50.248666666666665,0.06977777777777779,0.10714814814814816,64.33000000000001,0.015370370370370371,0.031814814814814824,0.45399999999999996,0.011518518518518518,0.1082962962962963,0.11066666666666666,0.07329629629629632,0.01325925925925926,0.44085185185185183
90,57,2013-01-26,18,1,2012-2013,Brasília,Coop/São José Basketball,1,0.44143377127354955,0.30265518683989306,0.20177012455992868,0.08689211326387085,0.1643215498248552,0.04799697857135433,0.11632457125350089,0.08680124989149882,0.06302568836208783,1.5900000000000003,0.050923844483250026,0.13991780162595868,36.51199999999999,0.10088506227996434,0.18059675913181086,56.19533333333334,0.08689211326387085,0.10798297663624286,81.76199999999999,0.004333333333333333,0.04012390492447093,0.7393333333333333,0.01825083127758754,0.11456009026325725,0.1693333333333333,0.06302568836208783,0.014937544212256905,0.5341375090475761,0.42102918446998455,0.3181294304394712,0.21208628695964737,0.07678021063551288,0.16268046461545477,0.04023652823699819,0.1224439363784566,0.09070852710837082,0.0757808472518279,1.2719999999999998,0.04405422895827473,0.12290152986637613,35.89533333333334,0.10604314347982369,0.184914289486516,56.955999999999996,0.07678021063551288,0.0964904641061169,77.72466666666668,0.003061709789568172,0.036559957211114595,0.5013333333333333,0.012816579352257095,0.10227025301211903,0.13333333333333333,0.0757808472518279,0.010173569839489404,0.5004689884300496
79,67,2013-01-26,18,1,2012-2013,Joinville,Suzano,1,0.366851828854147,0.32983872629511574,0.21989248419674381,0.06857041207287512,0.16749077408741275,0.0550359990739591,0.11245477501345366,0.06274023632441482,0.08366033156557642,0.7926666666666669,0.02612964419484269,0.09839297404785668,26.494666666666667,0.10994624209837191,0.2176944923563295,50.26533333333334,0.06857041207287512,0.09647317471049723,72.336,0.009222222222222222,0.04185041372870987,0.514,0.017202917948788712,0.10420845579611156,0.17933333333333332,0.08366033156557642,0.01731908855496222,0.4097833478218874,0.37521882341747886,0.3048001425383229,0.20320009502554862,0.06985607381166131,0.13505737373986296,0.04623365052183545,0.0888237232180275,0.05563177931650052,0.08691933863680516,0.6626666666666667,0.03405421819342301,0.11014241189073189,30.45333333333333,0.10160004751277431,0.20129946844209273,50.47200000000001,0.06985607381166131,0.10026386802795484,69.36466666666666,0.0037112194384612478,0.04010405959917196,0.48466666666666663,0.011731462127998409,0.09941094976273344,0.12333333333333335,0.08691933863680516,0.016044552771794583,0.3710810977093749
102,85,2013-01-26,18,1,2012-2013,Flamengo,Pinheiros,1,0.45706282993516,0.36843538768033984,0.24562359178689325,0.0983023283816098,0.16733373648097966,0.040512303255552336,0.12682143322542735,0.06656190778731369,0.05691683834717114,1.4346666666666663,0.037712303255552325,0.09757466443738146,39.43933333333334,0.12281179589344662,0.20429938470271375,60.37800000000001,0.0983023283816098,0.1297939391013429,76.19933333333333,0.008685941330628118,0.036712303255552324,0.7519999999999999,0.006690759996618481,0.0962969425668763,0.06866666666666667,0.05691683834717114,0.009600283574371548,0.5456950326917284,0.4365555555555556,0.2808888888888889,0.18725925925925926,0.08351851851851852,0.14285185185185187,0.031148148148148154,0.11170370370370371,0.0831851851851852,0.06707407407407408,1.3573333333333333,0.055259259259259265,0.13203703703703704,42.97933333333333,0.09362962962962963,0.16785185185185186,56.28333333333334,0.08351851851851852,0.11211111111111112,73.03333333333333,0.008296296296296296,0.03403703703703704,0.5506666666666667,0.012814814814814817,0.10451851851851852,0.12733333333333335,0.06707407407407408,0.009962962962962962,0.5013333333333333
82,76,2013-01-26,18,1,2012-2013,L. Sorocabana,Espírito Santo,1,0.38504503812024177,0.3256187202845075,0.2170791468563384,0.08326199513407072,0.13533269909167797,0.04097969758148564,0.09435300151019235,0.0515061034400673,0.05692170788991568,0.9413333333333331,0.02823463204327757,0.09635479409556809,29.93466666666666,0.1085395734281692,0.20731144361999268,52.124,0.08326199513407072,0.11197463851115744,74.266,0.01041277690191256,0.04565056040706342,0.8486666666666668,0.008261048840408793,0.0976738130036174,0.084,0.05692170788991568,0.009570073643559475,0.41155178340898907,0.40599999999999997,0.26199999999999996,0.17466666666666664,0.09233333333333334,0.14433333333333334,0.046333333333333344,0.098,0.05900000000000002,0.06933333333333333,0.9173333333333332,0.046333333333333344,0.12533333333333335,37.705999999999996,0.08733333333333332,0.18233333333333332,48.09066666666668,0.09233333333333334,0.11533333333333334,79.154,0.006666666666666668,0.04133333333333334,0.6266666666666667,0.008,0.10300000000000001,0.07866666666666666,0.06933333333333333,0.020333333333333335,0.4356666666666666
91,59,2013-01-26,18,1,2012-2013,Bauru Basket,Minas,1,0.4009379430404825,0.3117653704280734,0.20784358028538225,0.06759167326215677,0.15881077515224934,0.048512040298478804,0.11029873485377058,0.07306997876186054,0.060865198927181945,1.2713333333333334,0.04183422983098116,0.11092797833418007,39.08200000000001,0.10392179014269112,0.19626931431247777,53.54066666666666,0.06759167326215677,0.09148120017248794,74.872,0.008993532033583074,0.03295986695465701,0.6033333333333334,0.008828748042726509,0.09093791177608126,0.102,0.060865198927181945,0.014772756310640714,0.46707359666244913,0.4164396054345803,0.3239117811278615,0.21594118741857435,0.08747050065140517,0.12483175134933928,0.03307965754699423,0.09175209380234506,0.06797971338172343,0.06911315838451518,1.18,0.03767597245486694,0.10092052856876978,37.056000000000004,0.10797059370928717,0.18895589056393075,57.39666666666665,0.08747050065140517,0.10765940815187044,80.37400000000001,0.002962962962962963,0.03794081518704635,0.6093333333333334,0.010185185185185186,0.10615205657919226,0.09799999999999999,0.06911315838451518,0.01637967615857063,0.4604137353433836
75,65,2013-01-26,18,1,2012-2013,Limeira,Palmeiras,1,0.40918164082323505,0.2935846775636822,0.19572311837578812,0.062113679555831254,0.1476098395808017,0.041893225458201164,0.10571661412260054,0.08382101999932082,0.06193076314590384,1.383333333333333,0.0504482809638719,0.12182362134012739,42.382666666666665,0.09786155918789406,0.19001911440184122,51.504000000000005,0.062113679555831254,0.08237590741987472,75.632,0.007594026950074284,0.031038004240720295,0.5380000000000001,0.006630196673248866,0.10226716497384217,0.06333333333333332,0.06193076314590384,0.013446045685481347,0.4672630882667016,0.35756144618793506,0.2720298201218648,0.18135321341457658,0.07105094476463175,0.13768801295738084,0.045979172123049056,0.09170884083433178,0.05257429952981079,0.06232721424137473,0.9686666666666667,0.035052429336242245,0.10937982694178985,32.153333333333336,0.09067660670728829,0.20282540754323977,45.07933333333334,0.07105094476463175,0.10484676634662277,66.33999999999999,0.006634882647149534,0.036393150411243115,0.6293333333333334,0.005259325932593259,0.11471856337016646,0.04866666666666667,0.06232721424137473,0.01422245560389998,0.3548952779399892
71,74,2013-01-26,18,1,2012-2013,Fortaleza B. C. / CFO,Mogi,0,0.3919944029241196,0.32445452805832825,0.21630301870555224,0.07365953968796947,0.159531303633519,0.044924940619062666,0.11460636301445636,0.06537420914197349,0.0629444112872537,1.1346666666666667,0.034010614843532634,0.10340970433908273,33.608666666666664,0.10815150935277612,0.20591846069216893,52.897333333333336,0.07365953968796947,0.09876077949464589,73.15200000000002,0.0060619661837900485,0.032302975880931346,0.5806666666666666,0.012696038812205384,0.1029301271569463,0.12399999999999999,0.0629444112872537,0.0156760604041262,0.44746453867467834,0.3636296296296296,0.28744444444444445,0.1916296296296296,0.08566666666666668,0.1588148148148148,0.04688888888888889,0.11192592592592596,0.057629629629629635,0.0754074074074074,0.9766666666666666,0.028777777777777784,0.09499999999999999,30.115333333333332,0.0958148148148148,0.21122222222222223,45.63733333333333,0.08566666666666668,0.11707407407407407,72.45333333333333,0.001925925925925926,0.029407407407407413,0.4466666666666667,0.005,0.11385185185185184,0.04533333333333333,0.0754074074074074,0.01388888888888889,0.37133333333333335
80,60,2013-01-28,5,1,2012-2013,Brasília,Bauru Basket,1,0.4461004379402162,0.313655186839893,0.20910345789326204,0.08722544659720417,0.1659882164915219,0.05066364523802099,0.1153245712535009,0.08513458322483215,0.05835902169542117,1.6440000000000003,0.049923844483250025,0.1389178016259587,36.11066666666667,0.10455172894663102,0.1849300924651442,57.05266666666667,0.08722544659720417,0.10798297663624286,82.36799999999998,0.003999999999999999,0.04045723825780427,0.8013333333333333,0.016250831277587537,0.11422675692992391,0.14933333333333332,0.05835902169542117,0.013937544212256904,0.540137509047576,0.4039379430404824,0.30476537042807333,0.20317691361871557,0.06825833992882344,0.15481077515224934,0.0445120402984788,0.11029873485377056,0.07573664542852722,0.06119853226051529,1.3099999999999998,0.04416756316431448,0.10926131166751339,41.07333333333334,0.10158845680935778,0.19293598097914444,53.312,0.06825833992882344,0.09248120017248794,74.912,0.00966019870024974,0.03562653362132367,0.6466666666666667,0.008828748042726509,0.0932712451094146,0.09999999999999999,0.06119853226051529,0.014439422977307381,0.4757402633291158
78,87,2013-01-28,5,1,2012-2013,Uberlândia,Flamengo,0,0.41595901813341274,0.3142864428898421,0.20952429525989472,0.07638057468234892,0.15581991107536536,0.03872704710108414,0.11709286397428126,0.08672343184683519,0.06805857280729301,1.3419999999999999,0.04335138273038971,0.1141075138946516,38.34066666666668,0.10476214762994736,0.1795307164065176,58.91266666666666,0.07638057468234892,0.09373487119389406,81.04133333333333,0.014347875364922213,0.027023067597492303,0.4266666666666667,0.008004613519498459,0.10007451778506887,0.08600000000000002,0.06805857280729301,0.013016349658713355,0.4929631190831922,0.46372949660182666,0.36543538768033984,0.24362359178689325,0.09996899504827647,0.17066706981431298,0.042178969922219006,0.12848809989209403,0.06689524112064703,0.05425017168050447,1.455333333333333,0.04004563658888565,0.09990799777071481,40.87533333333334,0.12181179589344662,0.20663271803604707,59.053333333333335,0.09996899504827647,0.13146060576800958,76.53466666666667,0.008685941330628118,0.03604563658888566,0.7559999999999999,0.006024093329951814,0.09596360923354298,0.06200000000000001,0.05425017168050447,0.009600283574371548,0.5540283660250616
65,75,2013-01-31,1,2,2012-2013,Tijuca,Minas,0,0.34297347539151957,0.2733728537768763,0.18224856918458424,0.07978598923454824,0.13516858871183277,0.03730952121759705,0.09785906749423573,0.05202394311033638,0.06015327336782636,0.9660000000000001,0.026979638990795696,0.09294064252565308,27.84133333333333,0.09112428459229212,0.1936856951064053,47.27066666666666,0.07978598923454824,0.11183029335408894,71.35666666666665,0.0027278806888796827,0.029710970786207356,0.5546666666666668,0.008790820264358684,0.09661076029885173,0.09066666666666667,0.06015327336782636,0.01407501844834091,0.3540671292957987,0.41995569623930573,0.3310205468205623,0.22068036454704157,0.08702543899158961,0.12794162802970813,0.035967929220511986,0.09197369880919615,0.06953502205113053,0.06748311727797145,1.2113333333333334,0.03741663090022485,0.09991978791032441,36.92733333333334,0.11034018227352078,0.19595403891781735,56.99266666666665,0.08702543899158961,0.10776965516146199,79.91866666666667,0.0033332921856419244,0.03808879874442885,0.6193333333333334,0.01025917696387644,0.10863263281146275,0.09600000000000002,0.06748311727797145,0.014713009491903966,0.46489320058798606
93,77,2013-01-31,1,2,2012-2013,Brasília,Sesi Franca,1,0.4431004379402162,0.3156551868398931,0.21043679122659537,0.08589211326387083,0.17265488315818855,0.05366364523802099,0.11899123792016757,0.08380124989149881,0.05935902169542117,1.5853333333333335,0.04892384448325003,0.13958446829262533,35.34733333333333,0.10521839561329768,0.1859300924651442,57.147999999999996,0.08589211326387083,0.10531630996957618,82.97133333333333,0.004,0.0407905715911376,0.7913333333333334,0.017250831277587537,0.11156009026325724,0.16066666666666665,0.05935902169542117,0.012937544212256904,0.5398041757142428,0.40551448583253735,0.37883285577841447,0.2525552371856097,0.07118369945877111,0.15189939509710285,0.04225851639605222,0.10964087870105062,0.07977554918815663,0.06882043935052533,1.382,0.027258516396052212,0.08435243553008595,32.254666666666665,0.12627761859280484,0.22099331423113658,57.076666666666675,0.07118369945877111,0.10838236230499841,64.90933333333332,0.01897007322508755,0.049168736071314875,0.8646666666666667,0.015940146450175104,0.09267080547596306,0.17866666666666664,0.06882043935052533,0.011303406558420888,0.492971665074817
87,82,2013-01-31,1,2,2012-2013,Bauru Basket,Coop/São José Basketball,1,0.40023423933677876,0.3012098148725178,0.2008065432483452,0.06914722881771233,0.15695892330039746,0.04454907733551584,0.11240984596488168,0.07532923802111981,0.061124458186441216,1.3053333333333332,0.04342682242357374,0.10729834870455043,40.809999999999995,0.1004032716241726,0.19530635134951482,52.01466666666666,0.06914722881771233,0.09451823720952499,74.28666666666666,0.009697235737286777,0.037441348436138486,0.6726666666666667,0.008902822116800583,0.0961601339983035,0.09733333333333333,0.061124458186441216,0.014217200755085157,0.47318470777356014,0.4143625178033179,0.31912943043947106,0.21275295362631402,0.07444687730217954,0.16334713128212144,0.040236528236998186,0.12311060304512327,0.08804186044170415,0.07444751391849455,1.254,0.042387562291608075,0.12123486319970946,35.06866666666667,0.10637647681315701,0.18791428948651598,56.27733333333333,0.07444687730217954,0.09482379743945026,76.39666666666668,0.0027283764562348383,0.036893290544447926,0.5106666666666666,0.012816579352257091,0.10160358634545236,0.13466666666666663,0.07444751391849455,0.00984023650615607,0.49046898843004955
81,74,2013-01-31,1,2,2012-2013,L. Sorocabana,Mogi,1,0.3880450381202418,0.3226187202845076,0.21507914685633844,0.0842619951340707,0.13266603242501132,0.038313030914818975,0.09435300151019235,0.05183943677340062,0.056588374556582346,0.9473333333333332,0.0295679653766109,0.09868812742890141,30.459999999999997,0.10753957342816922,0.20497811028665938,52.25266666666666,0.0842619951340707,0.11230797184449076,75.19733333333333,0.01007944356857923,0.04565056040706343,0.8493333333333335,0.008261048840408793,0.09700714633695075,0.08466666666666668,0.056588374556582346,0.010236740310226143,0.41355178340898896,0.36666666666666664,0.28700000000000003,0.1913333333333333,0.08833333333333333,0.16199999999999998,0.04600000000000001,0.11600000000000002,0.05766666666666667,0.07466666666666667,0.9846666666666665,0.029000000000000005,0.09466666666666665,30.560000000000002,0.09566666666666665,0.2116666666666667,45.47266666666667,0.08833333333333333,0.11866666666666666,74.31733333333334,0.0013333333333333333,0.028000000000000008,0.4286666666666667,0.005,0.11499999999999999,0.04533333333333333,0.07466666666666667,0.013333333333333334,0.3763333333333333
89,68,2013-01-31,1,2,2012-2013,Limeira,Paulistano,1,0.40484830748990164,0.28858467756368217,0.19238978504245483,0.05911367955583126,0.150943172914135,0.0432265587915345,0.10771661412260053,0.0848210199993208,0.06226409647923716,1.390666666666667,0.05111494763053857,0.12149028800679407,43.071333333333335,0.09619489252122741,0.19335244773517454,49.69466666666666,0.05911367955583126,0.07970924075320805,74.41000000000001,0.008260693616740951,0.03203800424072029,0.554,0.006630196673248865,0.09893383164050883,0.06666666666666667,0.06226409647923716,0.014446045685481345,0.46492975493336824,0.3813333333333333,0.33433333333333337,0.22288888888888891,0.06444444444444446,0.17585185185185187,0.061814814814814836,0.11403703703703703,0.06162962962962965,0.07129629629629629,0.9153333333333334,0.03133333333333333,0.091,35.571333333333335,0.11144444444444446,0.22503703703703704,49.712,0.06444444444444446,0.10081481481481483,63.349333333333334,0.013037037037037036,0.028481481481481483,0.42533333333333334,0.011518518518518518,0.10762962962962962,0.11066666666666666,0.07129629629629629,0.01325925925925926,0.4275185185185185
79,87,2013-01-31,1,2,2012-2013,Suzano,Palmeiras,0,0.3735521567508123,0.3028001425383229,0.20186676169221526,0.07552274047832798,0.13605737373986296,0.04656698385516877,0.08949038988469418,0.05329844598316719,0.0872526719701385,0.634,0.03205421819342301,0.10480907855739854,29.628,0.10093338084610763,0.1979661351087594,50.99800000000001,0.07552274047832798,0.10759720136128818,70.05866666666667,0.0033778861051279147,0.03677072626583862,0.4446666666666667,0.01106479546133174,0.09707761642940012,0.11866666666666667,0.0872526719701385,0.01704455277179458,0.3707477643760416,0.3558207054471943,0.27014093123297594,0.1800939541553173,0.06968057439426138,0.1407250499944179,0.04568287582675276,0.09504217416766511,0.05335207730758858,0.06536425127841176,0.9366666666666668,0.03534872563253855,0.10971316027512318,32.31133333333334,0.09004697707765864,0.20212170383953607,44.903333333333336,0.06968057439426138,0.10236528486514128,67.054,0.006671919684186571,0.03535611337420608,0.5906666666666668,0.005000066673333999,0.11271856337016646,0.048,0.06536425127841176,0.014666900048344422,0.35311750016221144
60,72,2013-01-31,1,2,2012-2013,Fortaleza B. C. / CFO,Uberlândia,0,0.39299440292411963,0.32545452805832825,0.21696968537221892,0.07299287302130278,0.15686463696685235,0.04192494061906266,0.1149396963477897,0.06137420914197349,0.055944411287253706,1.140666666666667,0.034343948176865965,0.10540970433908271,33.608666666666664,0.10848484268610946,0.20391846069216896,53.599333333333334,0.07299287302130278,0.09776077949464589,73.20466666666668,0.0060619661837900485,0.031969642547598015,0.6946666666666665,0.01336270547887205,0.10193012715694631,0.13066666666666665,0.055944411287253706,0.013009393737459535,0.4471312053413451,0.4146256848000794,0.3102864428898421,0.20685762859322804,0.07571390801568226,0.1568199110753654,0.03872704710108414,0.11809286397428125,0.08572343184683519,0.067058572807293,1.3733333333333333,0.04401804939705637,0.11344084722798493,39.25,0.10342881429661402,0.18219738307318428,57.51266666666667,0.07571390801568226,0.09440153786056074,79.37466666666666,0.013014542031588883,0.026689734264158972,0.4313333333333334,0.00800461351949846,0.09907451778506887,0.08733333333333332,0.067058572807293,0.012683016325380025,0.4892964524165256
96,77,2013-01-31,1,2,2012-2013,Flamengo,Espírito Santo,1,0.46539616326849326,0.3644353876803399,0.24295692512022657,0.0983023283816098,0.1713337364809796,0.04251230325555234,0.12882143322542736,0.0675619077873137,0.049583505013837806,1.7193333333333327,0.04137896992221899,0.1009079977707148,41.973333333333336,0.12147846256011328,0.20729938470271375,58.74333333333333,0.0983023283816098,0.12912727243467625,76.75666666666666,0.009685941330628119,0.03404563658888566,0.7873333333333332,0.006690759996618481,0.09596360923354298,0.07000000000000002,0.049583505013837806,0.008600283574371549,0.5586950326917283,0.412,0.262,0.17466666666666666,0.09733333333333333,0.14100000000000001,0.04466666666666667,0.09633333333333334,0.058000000000000024,0.06866666666666667,0.9093333333333331,0.046666666666666676,0.12466666666666668,38.18866666666667,0.08733333333333333,0.18066666666666667,48.458000000000006,0.09733333333333333,0.12166666666666669,79.776,0.007333333333333334,0.04100000000000001,0.6273333333333333,0.007333333333333333,0.10566666666666666,0.06866666666666667,0.06866666666666667,0.020000000000000004,0.4393333333333333
63,71,2013-02-02,2,2,2012-2013,Joinville,Paulistano,0,0.3695184955208137,0.32983872629511574,0.21989248419674381,0.0702370787395418,0.1651574407540794,0.05470266574062577,0.11045477501345366,0.06474023632441482,0.07999366489890976,0.8686666666666667,0.02646297752817602,0.10072630738119003,26.097333333333335,0.10994624209837191,0.2156944923563295,50.76533333333334,0.0702370787395418,0.09680650804383055,73.61399999999999,0.009222222222222222,0.043517080395376544,0.5653333333333335,0.017869584615455382,0.10320845579611154,0.18466666666666667,0.07999366489890976,0.01831908855496222,0.4191166811552207,0.3785207854118744,0.3281127112711271,0.21874180751408476,0.06311151115111512,0.17166770010334365,0.06055602226889357,0.1111116778344501,0.06155602226889356,0.07196356302296897,0.9079999999999999,0.03222248891555822,0.09392669266926693,35.38999999999999,0.10937090375704238,0.21881588158815884,50.12133333333334,0.06311151115111512,0.0994821482148215,62.90466666666668,0.013814981498149815,0.028000100010001003,0.418,0.011888955562222891,0.10722292229222921,0.11466666666666667,0.07196356302296897,0.011888988898889888,0.42040980764743136
102,80,2013-02-02,2,2,2012-2013,Brasília,Uberlândia,1,0.4447671046068829,0.3166551868398931,0.21110345789326204,0.08289211326387085,0.1733215498248552,0.05233031190468765,0.12099123792016757,0.08646791655816548,0.06335902169542115,1.504,0.050257177816583364,0.139251134959292,36.55866666666666,0.10555172894663102,0.1845967591318108,57.74333333333333,0.08289211326387085,0.1013163099695762,82.78666666666668,0.003666666666666666,0.042457238257804265,0.7353333333333333,0.01658416461092087,0.10856009026325725,0.15666666666666665,0.06335902169542115,0.013604210878923573,0.5458041757142428,0.41762568480007933,0.31228644288984203,0.20819096192656136,0.07738057468234892,0.1598199110753654,0.03872704710108414,0.12109286397428125,0.08505676518016853,0.06572523947395965,1.3826666666666663,0.044018049397056364,0.11310751389465158,39.40266666666667,0.10409548096328068,0.18486404973985093,57.18466666666667,0.07738057468234892,0.09740153786056076,79.00399999999999,0.013347875364922214,0.0250230675974923,0.41133333333333333,0.008671280186165127,0.09874118445173555,0.094,0.06572523947395965,0.013683016325380024,0.4942964524165256
82,74,2013-02-02,2,2,2012-2013,Tijuca,Espírito Santo,1,0.33930680872485297,0.2703728537768763,0.1802485691845842,0.0771193225678816,0.13616858871183277,0.035976187884263724,0.10019240082756907,0.05335727644366971,0.06181994003449302,0.9666666666666667,0.02731297232412903,0.09360730919231973,28.02533333333333,0.0901242845922921,0.19368569510640526,46.699333333333335,0.0771193225678816,0.10816362668742226,71.30066666666669,0.0027278806888796827,0.029377637452874018,0.5206666666666667,0.008790820264358684,0.09594409363218506,0.09066666666666669,0.06181994003449302,0.014075018448340908,0.3494004626291321,0.4086666666666666,0.2700000000000001,0.18000000000000002,0.09466666666666668,0.1426666666666667,0.046000000000000006,0.09666666666666666,0.05366666666666668,0.06800000000000002,0.8633333333333332,0.044666666666666674,0.12433333333333335,36.66666666666666,0.09000000000000001,0.18366666666666667,49.098666666666674,0.09466666666666668,0.11900000000000001,79.31199999999998,0.007333333333333333,0.04033333333333334,0.622,0.006666666666666668,0.10633333333333335,0.06200000000000001,0.06800000000000002,0.01966666666666667,0.43033333333333335
66,65,2013-02-02,2,2,2012-2013,L. Sorocabana,Coop/São José Basketball,1,0.3953783714535752,0.32061872028450755,0.2137458135230051,0.08592866180073738,0.1356660324250113,0.04064636424815231,0.095019668176859,0.05517277010673395,0.05692170788991568,0.9973333333333333,0.03190129870994424,0.10235479409556808,31.202666666666666,0.10687290676150255,0.2043114436199927,51.996,0.08592866180073738,0.11330797184449075,76.09066666666666,0.009079443568579228,0.0463172270737301,0.8586666666666668,0.008261048840408793,0.0966738130036174,0.08466666666666668,0.05692170788991568,0.010570073643559476,0.426551783408989,0.41314627173313345,0.3177761293943525,0.21185075292956831,0.0794076216304997,0.16247764364510894,0.040530605898651685,0.12194703774645728,0.08859730270527795,0.07064345240094846,1.3266666666666667,0.04062929905768845,0.12107784051299013,33.68,0.10592537646478416,0.18836504995894357,55.87866666666667,0.0794076216304997,0.1004381232105438,76.99666666666668,0.0027283764562348383,0.036854034872768095,0.5313333333333333,0.012810036740310452,0.10115248599707952,0.13466666666666666,0.07064345240094846,0.009493817948929457,0.4898474402951188
87,84,2013-02-02,2,2,2012-2013,Bauru Basket,Mogi,1,0.4022342393367787,0.30420981487251775,0.2028065432483452,0.07114722881771232,0.15929225663373084,0.04354907733551583,0.11574317929821501,0.0733292380211198,0.0607911248531079,1.2766666666666666,0.04276015575690708,0.10663168203788377,40.40866666666667,0.1014032716241726,0.19630635134951482,52.24733333333332,0.07114722881771232,0.09451823720952499,76.19133333333333,0.008697235737286778,0.038108015102805155,0.6920000000000002,0.009902822116800583,0.09716013399830349,0.108,0.0607911248531079,0.014550534088418495,0.47785137444022685,0.369,0.281,0.18733333333333332,0.08966666666666669,0.156,0.044333333333333336,0.11166666666666666,0.05866666666666668,0.07433333333333333,1.004,0.03066666666666667,0.096,31.738,0.09366666666666666,0.2096666666666667,44.842666666666666,0.08966666666666669,0.11933333333333332,75.08999999999999,0.0013333333333333333,0.027666666666666673,0.42466666666666675,0.005666666666666666,0.11233333333333334,0.052,0.07433333333333333,0.014666666666666666,0.376
87,88,2013-02-02,2,2,2012-2013,Fortaleza B. C. / CFO,Sesi Franca,0,0.38787321975177413,0.31204098384858414,0.2080273225657228,0.07718280331886498,0.15993720534246714,0.04378153758329152,0.11615566775917562,0.06069261129319594,0.05573954980758064,1.1340000000000001,0.03422103128906213,0.10814338441550775,32.35,0.1040136612828614,0.20409901477347664,51.471333333333334,0.07718280331886498,0.10318161238570486,73.91399999999999,0.005687660554522102,0.03288769795572879,0.7146666666666666,0.013967913701636794,0.1008742236789008,0.13933333333333334,0.05573954980758064,0.01298890758949223,0.4386002992096534,0.40451448583253735,0.37183285577841446,0.247888570518943,0.07085036612543777,0.14889939509710287,0.04125851639605222,0.10764087870105062,0.08144221585482331,0.06982043935052532,1.3946666666666663,0.028591849729385548,0.08668576886341929,32.558,0.1239442852594715,0.2173266475644699,56.84400000000001,0.07085036612543777,0.10704902897166507,65.72333333333331,0.018303406558420887,0.047502069404648205,0.8300000000000001,0.015273479783508438,0.09467080547596307,0.17133333333333328,0.06982043935052532,0.010970073225087555,0.4873049984081503
90,77,2013-02-02,2,2,2012-2013,Flamengo,Minas,1,0.4633961632684933,0.36643538768033995,0.24429025845355987,0.09596899504827647,0.16700040314764628,0.03884563658888566,0.12815476655876068,0.07189524112064705,0.0505835050138378,1.774666666666666,0.041045636588885666,0.10057466443738147,41.75666666666667,0.12214512922677993,0.20596605136938043,59.50066666666667,0.09596899504827647,0.12412727243467625,77.588,0.009685941330628119,0.03571230325555232,0.8113333333333332,0.007024093329951814,0.09196360923354298,0.07333333333333335,0.0505835050138378,0.009933616907704883,0.5610283660250616,0.4191779184615279,0.3329094357094512,0.2219396238063008,0.08743284639899701,0.13223792432600442,0.038004966257549025,0.0942329580684554,0.06657205908816757,0.06885348764834182,1.1260000000000001,0.03660181608541004,0.09866052865106517,36.21333333333333,0.1109698119031504,0.19739848336226182,56.92733333333332,0.08743284639899701,0.10873261812442496,79.66266666666667,0.003036995889345628,0.037459169114799226,0.5886666666666666,0.009407325112024589,0.11000300318183309,0.08533333333333334,0.06885348764834182,0.013861157640052114,0.4613746820694676
83,69,2013-02-05,3,2,2012-2013,Paulistano,Palmeiras,1,0.3741874520785411,0.3271127112711271,0.21807514084741808,0.06044484448444845,0.16766770010334367,0.06222268893556023,0.10544501116778345,0.05788935560222689,0.06963022968963563,0.8853333333333333,0.03188915558222489,0.09392669266926694,34.83466666666666,0.10903757042370904,0.21914921492149217,49.86933333333333,0.06044484448444845,0.09814881488148815,61.872666666666674,0.012481648164816481,0.029333433343334332,0.44466666666666665,0.011555622228889555,0.1058895889588959,0.11400000000000002,0.06963022968963563,0.012222322232223222,0.41107647431409805,0.3650084184712544,0.2720076516278785,0.18133843441858566,0.07266823369008568,0.1460040842293782,0.04800140031507527,0.0980026839143029,0.05633480032174259,0.06633463358839009,0.9693333333333335,0.037000583454194394,0.11333540040675735,32.618,0.09066921720929283,0.19900570122028458,45.858666666666664,0.07266823369008568,0.10766900050845293,67.60933333333334,0.007000316735849628,0.03666723344002317,0.5986666666666666,0.006666733340000665,0.11466920055346372,0.06066666666666666,0.06633463358839009,0.015000233381677755,0.37467556863213214
72,64,2013-02-05,3,2,2012-2013,Espírito Santo,Limeira,1,0.4066666666666666,0.2780000000000001,0.18533333333333335,0.09433333333333334,0.14633333333333334,0.046000000000000006,0.10033333333333334,0.05300000000000001,0.06433333333333334,0.9373333333333334,0.04233333333333334,0.12533333333333335,34.285999999999994,0.09266666666666667,0.18466666666666667,50.252,0.09433333333333334,0.11833333333333336,79.464,0.007000000000000001,0.04166666666666667,0.712,0.006333333333333334,0.10700000000000001,0.05800000000000001,0.06433333333333334,0.019333333333333334,0.434,0.4093297889713832,0.2892513442303489,0.19283422948689924,0.05970627214842386,0.14864687661783874,0.04207841064338635,0.10656846597445238,0.08700620518450598,0.06115298536812606,1.4553333333333334,0.05226309577868671,0.12063843615494221,44.275333333333336,0.09641711474344962,0.19153763292035972,50.62733333333333,0.05970627214842386,0.07978331482728214,75.00266666666668,0.008001434357481692,0.03451948572220177,0.6093333333333334,0.008000567043619235,0.09982272052939774,0.07800000000000001,0.06115298536812606,0.014223823463259124,0.4780779030815165
68,83,2013-02-05,3,2,2012-2013,Mogi,Tijuca,0,0.37433333333333335,0.284,0.18933333333333335,0.08499999999999999,0.15466666666666665,0.043333333333333335,0.11133333333333333,0.06266666666666669,0.07133333333333333,1.0799999999999998,0.03333333333333334,0.09866666666666667,33.593333333333334,0.09466666666666668,0.20766666666666672,45.86066666666667,0.08499999999999999,0.11233333333333334,75.24066666666667,0.0013333333333333333,0.02666666666666667,0.4326666666666667,0.005000000000000001,0.111,0.04666666666666666,0.07133333333333333,0.013000000000000001,0.3866666666666667,0.34164014205818627,0.2803728537768764,0.1869152358512509,0.07278598923454825,0.1395019220451661,0.03497618788426372,0.10452573416090241,0.05169060977700305,0.058819940034493014,0.9719999999999999,0.02731297232412903,0.09194064252565307,28.558666666666667,0.09345761792562544,0.19635236177307194,48.056666666666665,0.07278598923454825,0.10416362668742227,69.54333333333334,0.0030612140222130158,0.02704430411954068,0.5033333333333333,0.00812415359769202,0.09694409363218505,0.08266666666666667,0.058819940034493014,0.01307501844834091,0.35473379596246535
82,84,2013-02-05,3,2,2012-2013,Coop/São José Basketball,Flamengo,0,0.41021159866419044,0.3133244132286047,0.20888294215240313,0.08033280984556875,0.16277025138712095,0.04019632407993096,0.12257392730718998,0.08663233738427494,0.06901182041327876,1.3213333333333332,0.04033194888873949,0.12133446509061772,33.332,0.10444147107620157,0.18691617924935794,55.46000000000001,0.08033280984556875,0.10214077304159484,76.61600000000001,0.0024319747726732756,0.034963881336696014,0.5173333333333333,0.012254165022959099,0.10241005906009451,0.12599999999999997,0.06901182041327876,0.00986408293203456,0.48420727193896257,0.46472949660182666,0.3684353876803399,0.24562359178689322,0.09596899504827647,0.1630004031476463,0.040178969922219,0.12282143322542735,0.07289524112064703,0.0505835050138378,1.7906666666666664,0.041045636588885666,0.10224133110404814,41.26800000000001,0.12281179589344661,0.20763271803604713,59.352,0.09596899504827647,0.12379393910134293,77.81,0.009352607997294786,0.03804563658888566,0.8473333333333333,0.0066907599966184814,0.09096360923354298,0.07066666666666668,0.0505835050138378,0.012600283574371549,0.561361699358395
85,64,2013-02-05,3,2,2012-2013,Sesi Franca,L. Sorocabana,1,0.40918115249920406,0.3648328557784145,0.24322190385227638,0.07518369945877108,0.14856606176376955,0.03959184972938555,0.10897421203438397,0.08077554918815663,0.07115377268385865,1.2613333333333332,0.030258516396052215,0.08501910219675263,35.66266666666666,0.12161095192613819,0.21732664756446993,55.78333333333334,0.07518369945877108,0.11071569563833174,66.81133333333332,0.017970073225087552,0.04683540273798154,0.7466666666666667,0.015940146450175104,0.09667080547596306,0.17799999999999996,0.07115377268385865,0.011636739891754223,0.49130499840815034,0.3927117047869085,0.3176187202845076,0.21174581352300506,0.08126199513407072,0.1356660324250113,0.039979697581485646,0.09568633484352568,0.056839436773400615,0.05825504122324901,1.0026666666666666,0.03323463204327757,0.1043547940955681,31.932666666666663,0.10587290676150253,0.20431144361999273,51.495999999999995,0.08126199513407072,0.10797463851115743,75.78266666666667,0.009412776901912561,0.04665056040706343,0.8420000000000001,0.00892771550707546,0.0976738130036174,0.09200000000000003,0.05825504122324901,0.012570073643559476,0.425551783408989
94,83,2013-02-05,3,2,2012-2013,Uberlândia,Bauru Basket,1,0.4205292950677741,0.31620627923796246,0.21080418615864166,0.0787038760342879,0.1554427963326421,0.03838402578301947,0.11705877054962262,0.08370778808069286,0.06670937086996448,1.3453333333333333,0.043673744291614865,0.11174441513403079,39.542666666666676,0.10540209307932083,0.1851505844133349,57.81000000000001,0.0787038760342879,0.09838952061869606,80.06466666666668,0.012344487158264889,0.024351146622508143,0.39533333333333337,0.008337245379738296,0.09871936006632938,0.09000000000000001,0.06670937086996448,0.014014483557053184,0.49185422199401424,0.40890090600344536,0.3042098148725178,0.2028065432483452,0.07181389548437898,0.15929225663373084,0.04554907733551583,0.11374317929821502,0.07366257135445313,0.059457791519774546,1.2979999999999998,0.044760155756907075,0.11163168203788378,40.442,0.1014032716241726,0.19597301801618147,52.348,0.07181389548437898,0.09551823720952499,75.986,0.007697235737286778,0.039774681769471826,0.7206666666666668,0.010569488783467251,0.0951601339983035,0.11733333333333333,0.059457791519774546,0.014883867421751826,0.4861847077735602
78,69,2013-02-05,3,2,2012-2013,Minas,Joinville,1,0.4115112517948613,0.3329094357094512,0.2219396238063008,0.08676617973233033,0.1342379243260044,0.039004966257549026,0.09523295806845541,0.061905392421500914,0.06918682098167514,1.0513333333333332,0.0342684827520767,0.09632719531773183,34.37133333333334,0.1109698119031504,0.19873181669559514,56.56599999999999,0.08676617973233033,0.10973261812442496,78.48066666666666,0.0023703292226789617,0.03512583578146589,0.5513333333333333,0.008073991778691256,0.1100030031818331,0.07333333333333333,0.06918682098167514,0.012861157640052114,0.4447080154028009,0.3661851621874803,0.32883872629511574,0.21922581753007717,0.06857041207287513,0.16382410742074607,0.055702665740625774,0.10812144168012032,0.06374023632441482,0.07966033156557643,0.8593333333333334,0.02612964419484269,0.1003929740478567,25.803333333333335,0.10961290876503858,0.21436115902299618,50.89533333333335,0.06857041207287513,0.09580650804383056,72.14266666666667,0.010222222222222221,0.04185041372870989,0.5493333333333333,0.018202917948788713,0.10587512246277822,0.18533333333333335,0.07966033156557643,0.01831908855496222,0.4134500144885541
87,82,2013-02-07,4,2,2012-2013,Pinheiros,Palmeiras,1,0.43555555555555553,0.28388888888888886,0.18925925925925924,0.07551851851851851,0.13951851851851854,0.03081481481481482,0.10870370370370372,0.08518518518518518,0.06540740740740741,1.4259999999999997,0.05692592592592593,0.13637037037037036,42.596,0.09462962962962962,0.16651851851851854,57.30733333333334,0.07551851851851851,0.10444444444444446,71.14533333333334,0.008296296296296296,0.0337037037037037,0.5660000000000001,0.012814814814814817,0.10218518518518517,0.128,0.06540740740740741,0.009296296296296297,0.4993333333333333,0.3623417518045878,0.2680076516278785,0.17867176775191898,0.07466823369008568,0.1460040842293782,0.04766806698174194,0.09833601724763624,0.05366813365507594,0.06900130025505676,0.8780000000000001,0.03633391678752772,0.11266873374009069,32.163333333333334,0.08933588387595949,0.19633903455361787,45.76466666666667,0.07466823369008568,0.11100233384178627,67.30466666666666,0.006666983402516296,0.03833390010668984,0.6066666666666667,0.007333400006667332,0.11300253388679704,0.06666666666666667,0.06900130025505676,0.01566690004834442,0.37100890196546543
85,87,2013-02-07,4,2,2012-2013,Suzano,Paulistano,0,0.3738854900841456,0.30580014253832294,0.20386676169221524,0.07385607381166132,0.13939070707319626,0.0459003171885021,0.09349038988469417,0.05296511264983385,0.08958600530347183,0.6146666666666667,0.032054218193423,0.10380907855739854,29.996000000000002,0.10193338084610762,0.19929946844209276,51.20466666666667,0.07385607381166132,0.1069305346946215,68.78600000000002,0.0037112194384612478,0.036104059599171956,0.43000000000000005,0.010731462127998408,0.09741094976273344,0.11466666666666668,0.08958600530347183,0.01771121943846125,0.372081097709375,0.3721874520785411,0.3181127112711271,0.21207514084741808,0.062444844484448446,0.16333436677001031,0.0598893556022269,0.10344501116778343,0.05755602226889357,0.06863022968963564,0.8933333333333332,0.03255582224889156,0.09326002600260025,35.71333333333334,0.10603757042370904,0.21414921492149214,49.63133333333334,0.062444844484448446,0.09948214821482146,62.75266666666668,0.013148314831483147,0.029000100010000994,0.4473333333333333,0.011222288895556225,0.10355625562556256,0.11266666666666669,0.06863022968963564,0.013222322232223221,0.4090764743140981
67,59,2013-02-07,4,2,2012-2013,Espírito Santo,Joinville,1,0.40800000000000003,0.28400000000000003,0.18933333333333335,0.09666666666666666,0.14800000000000002,0.045333333333333344,0.10266666666666667,0.05366666666666668,0.064,0.9586666666666669,0.04066666666666667,0.12433333333333335,33.053999999999995,0.09466666666666668,0.18666666666666665,50.84266666666667,0.09666666666666666,0.12033333333333335,80.48866666666666,0.007333333333333334,0.04266666666666667,0.7373333333333333,0.006666666666666667,0.10533333333333335,0.06466666666666666,0.064,0.01966666666666667,0.439,0.35618516218748036,0.3128387262951158,0.20855915086341048,0.06423707873954179,0.15782410742074607,0.05436933240729243,0.10345477501345364,0.06240690299108149,0.07899366489890977,0.8526666666666667,0.027796310861509355,0.10172630738119004,27.16666666666667,0.10427957543170524,0.21002782568966286,49.60866666666667,0.06423707873954179,0.09180650804383056,70.61466666666665,0.009222222222222222,0.04118374706204322,0.5473333333333332,0.01986958461545538,0.10520845579611154,0.204,0.07899366489890977,0.01665242188829555,0.395450014488554
81,61,2013-02-07,4,2,2012-2013,Minas,Limeira,1,0.4092130061808262,0.33196206728839855,0.22130804485893235,0.08367846043408472,0.1346765208172325,0.03918040485404026,0.09549611596319227,0.06139662049167636,0.07350261045535937,0.9626666666666666,0.034742166962603016,0.09492368654580201,35.59333333333334,0.11065402242946618,0.20073181669559517,55.760666666666665,0.08367846043408472,0.10571507426477583,78.50466666666667,0.0023703292226789617,0.03731881823760624,0.5366666666666667,0.009144167217287748,0.10933633651516646,0.084,0.07350261045535937,0.013580455885666148,0.4415676645256079,0.4053383257194157,0.2862569464712452,0.19083796431416347,0.05770707246855191,0.152651545151919,0.04407974451026643,0.10857180064165257,0.08300727227801004,0.05848725240827545,1.4426666666666665,0.05226442964556678,0.12197537092885179,43.846,0.09541898215708174,0.19254296838788007,49.897333333333336,0.05770707246855191,0.07878478208085023,72.92533333333334,0.008334901077503034,0.03352015265564182,0.6213333333333334,0.00866763387034993,0.10282605519659795,0.082,0.05848725240827545,0.013557156796592456,0.4724199065495704
81,65,2013-02-07,4,2,2012-2013,Coop/São José Basketball,Tijuca,1,0.4155449319975238,0.3213244132286048,0.21421627548573646,0.07933280984556876,0.1614369180537876,0.038862990746597624,0.12257392730719,0.08696567071760826,0.06634515374661208,1.3840000000000001,0.04066528222207282,0.11866779842395105,34.385999999999996,0.10710813774286823,0.19058284591602462,55.85800000000001,0.07933280984556876,0.1004741063749282,76.94200000000001,0.0027653081060066086,0.034297214670029344,0.522,0.011920831689625766,0.10074339239342785,0.12466666666666666,0.06634515374661208,0.00986408293203456,0.4922072719389626,0.3503068087248529,0.2793728537768763,0.18624856918458424,0.08111932256788158,0.1381685887118328,0.03330952121759706,0.10485906749423574,0.05235727644366971,0.06281994003449302,0.8573333333333334,0.027646305657462362,0.08960730919231974,29.758666666666667,0.09312428459229212,0.1930190284397386,48.52333333333333,0.08111932256788158,0.11449696002075561,69.18,0.0027278806888796827,0.028377637452874017,0.45333333333333337,0.00812415359769202,0.09827742696551839,0.08133333333333334,0.06281994003449302,0.014408351781674242,0.3670671292957987
80,82,2013-02-07,4,2,2012-2013,Sesi Franca,Bauru Basket,0,0.40384781916587076,0.3578328557784145,0.2385552371856097,0.07551703279210444,0.14723272843043617,0.03859184972938555,0.10864087870105063,0.0784422158548233,0.07282043935052532,1.2146666666666668,0.029925183062718883,0.08601910219675264,34.84799999999999,0.11927761859280485,0.21365998089780325,55.84333333333334,0.07551703279210444,0.10971569563833171,67.67533333333333,0.016970073225087555,0.04683540273798153,0.7360000000000001,0.013940146450175108,0.09767080547596306,0.15399999999999997,0.07282043935052532,0.011636739891754223,0.4786383317414837,0.4122712763738157,0.3055431482058511,0.2036954321372341,0.07240648807697157,0.15647744181891604,0.04454907733551583,0.1119283644834002,0.07788479357667535,0.05916149522347826,1.408,0.04538978538653671,0.11059464500084673,41.39066666666667,0.10184771606861705,0.19882486986803333,51.896,0.07240648807697157,0.09525897795026572,76.92733333333332,0.008363902403953443,0.04040431139910146,0.7426666666666667,0.010013933227911694,0.09612309696126647,0.10933333333333334,0.05916149522347826,0.01521720075508516,0.4909254485143009
84,81,2013-02-07,4,2,2012-2013,Uberlândia,L. Sorocabana,1,0.4201959617344408,0.3232062792379624,0.21547085282530834,0.07470387603428791,0.15477612966597543,0.03838402578301947,0.11639210388295593,0.08470778808069286,0.06670937086996448,1.3593333333333333,0.043340410958281526,0.10874441513403076,40.24400000000001,0.10773542641265417,0.18748391774666825,58.296,0.07470387603428791,0.09338952061869606,80.50800000000001,0.013011153824931555,0.024684479955841478,0.4006666666666668,0.00967057871307163,0.09338602673299602,0.10733333333333334,0.06670937086996448,0.013014483557053183,0.49518755532734754,0.39348937205035267,0.3197046562303998,0.21313643748693323,0.0806168124538771,0.13537924772903626,0.04132198257584941,0.09405726515318684,0.05885375943104932,0.06160985854305539,1.0006666666666666,0.03324537403651409,0.10837985874645331,30.613999999999997,0.10656821874346661,0.20137947624382407,52.82666666666667,0.0806168124538771,0.10701223548748526,75.67733333333332,0.009081233900785314,0.04766667339691821,0.8286666666666668,0.008929505839281548,0.09903937231666028,0.09133333333333335,0.06160985854305539,0.013573654307971651,0.42633661200125744
59,63,2013-02-14,5,2,2012-2013,Tijuca,Sesi Franca,0,0.34897347539151957,0.2793728537768763,0.18624856918458424,0.07678598923454824,0.1405019220451661,0.034309521217597054,0.10619240082756908,0.05435727644366971,0.06448660670115967,0.8673333333333333,0.028646305657462356,0.09194064252565307,29.980666666666664,0.09312428459229212,0.19168569510640526,49.11866666666667,0.07678598923454824,0.10949696002075561,68.28266666666667,0.002394547355546349,0.02737763745287402,0.42066666666666663,0.00912415359769202,0.09861076029885171,0.09333333333333334,0.06448660670115967,0.014075018448340908,0.3680671292957987,0.40599999999999997,0.35400000000000004,0.23600000000000004,0.076,0.14833333333333334,0.041,0.10733333333333334,0.07833333333333334,0.07233333333333333,1.2246666666666668,0.03133333333333334,0.08600000000000002,36.260666666666665,0.11800000000000002,0.21533333333333335,54.90800000000001,0.076,0.11199999999999997,67.1,0.017333333333333333,0.046333333333333344,0.7346666666666668,0.014000000000000004,0.09733333333333333,0.1553333333333333,0.07233333333333333,0.011333333333333332,0.4800000000000001
88,86,2013-02-14,5,2,2012-2013,Pinheiros,Paulistano,1,0.4343333333333333,0.284,0.18933333333333333,0.073,0.13766666666666666,0.03066666666666668,0.10700000000000003,0.087,0.06766666666666668,1.3893333333333333,0.05733333333333335,0.13566666666666666,43.02933333333333,0.09466666666666666,0.16566666666666666,57.75466666666667,0.073,0.09933333333333333,72.28533333333333,0.008666666666666666,0.03366666666666667,0.526,0.012000000000000002,0.10166666666666667,0.12000000000000002,0.06766666666666668,0.010333333333333333,0.498,0.37052078541187444,0.3111127112711271,0.20740847418075142,0.06344484448444845,0.16200103343667702,0.06122268893556024,0.10077834450111679,0.056222688935560226,0.06596356302296896,0.9173333333333332,0.03322248891555822,0.09826002600260025,34.12733333333333,0.10370423709037571,0.2128158815881588,48.80466666666666,0.06344484448444845,0.10214881488148814,62.03800000000001,0.011814981498149817,0.029000100010001004,0.46199999999999997,0.010555622228889557,0.10388958895889591,0.10666666666666669,0.06596356302296896,0.012555655565556554,0.40074314098076474
76,86,2013-02-14,5,2,2012-2013,L. Sorocabana,Fortaleza B. C. / CFO,0,0.39515603871701926,0.3157046562303998,0.21046977082026652,0.08095014578721042,0.13671258106236958,0.04465531590918274,0.09205726515318684,0.05985375943104933,0.06160985854305538,1.0286666666666666,0.03457870736984743,0.11004652541311997,31.413999999999998,0.10523488541013326,0.1987128095771574,52.842666666666666,0.08095014578721042,0.1063455688208186,76.43466666666664,0.009414567234118649,0.04633334006358488,0.7906666666666667,0.007596172505948214,0.09703937231666028,0.08066666666666668,0.06160985854305538,0.013906987641304986,0.4290032786679241,0.3922806271591815,0.3088187616263619,0.2058791744175746,0.07996058109664275,0.15756683497209678,0.04285561165736558,0.11471122331473116,0.06339631499689964,0.054480290548321375,1.2280000000000002,0.03548029054832138,0.10992116219328549,32.906,0.1029395872087873,0.2041730888475507,50.94133333333333,0.07996058109664275,0.10577420497829747,74.67133333333331,0.005687660554522102,0.03248029054832138,0.7273333333333333,0.01404198777571087,0.10350385330853043,0.13733333333333334,0.054480290548321375,0.01272964833023297,0.44234103995039414
79,83,2013-02-14,5,2,2012-2013,Limeira,Coop/São José Basketball,0,0.39600499238608244,0.2922569464712452,0.19483796431416348,0.056373739135218585,0.149651545151919,0.04474641117693311,0.10490513397498592,0.08100727227801005,0.05848725240827545,1.416,0.048264429645566785,0.12030870426218511,41.164,0.09741898215708174,0.19320963505454672,50.82333333333334,0.056373739135218585,0.0774514487475169,72.54466666666667,0.008334901077503034,0.03252015265564182,0.608,0.007667633870349927,0.10315938852993128,0.07200000000000001,0.05848725240827545,0.013557156796592454,0.455086573216237,0.4091982599953896,0.3123120082666199,0.20820800551107996,0.07899720893853929,0.1570979824795579,0.0358609899462775,0.12123699253328042,0.08429540261036537,0.06634301955960395,1.350666666666667,0.040664348515256764,0.11833153058348153,34.48666666666667,0.10410400275553998,0.18724297663497885,55.40066666666667,0.07899720893853929,0.10080477197450136,76.35466666666667,0.0027653081060066086,0.0326293475231706,0.5013333333333333,0.011253764862895073,0.10040739132633435,0.11800000000000001,0.06634301955960395,0.010863949545346552,0.4781895315094574
85,90,2013-02-14,5,2,2012-2013,Joinville,Mogi,0,0.3543811953175734,0.30920003367318816,0.2061333557821254,0.062336713992970486,0.15655867745924246,0.054973614436349225,0.1015850630228932,0.06265212503916846,0.07879664178915495,0.8566666666666667,0.028637041847492488,0.09821455926583485,28.998666666666672,0.1030666778910627,0.21355278650481038,48.10333333333333,0.062336713992970486,0.09257282694410235,68.74799999999999,0.009581282203192043,0.041788029091100014,0.5559999999999999,0.0189150156965894,0.10385106756657529,0.19733333333333333,0.07879664178915495,0.017462500118267808,0.3928972749006965,0.373,0.28300000000000003,0.18866666666666668,0.08433333333333334,0.15333333333333332,0.04200000000000001,0.11133333333333333,0.061333333333333344,0.07266666666666666,1.0493333333333335,0.03333333333333334,0.099,33.477333333333334,0.09433333333333334,0.2043333333333334,46.4,0.08433333333333334,0.11200000000000002,74.70133333333334,0.001,0.026000000000000002,0.42133333333333334,0.005000000000000001,0.11266666666666666,0.04666666666666666,0.07266666666666666,0.013000000000000003,0.3833333333333334
87,65,2013-02-14,5,2,2012-2013,Palmeiras,Espírito Santo,1,0.3646750851379211,0.2670076516278785,0.1780051010852523,0.07466823369008568,0.14367075089604484,0.048334733648408595,0.09533601724763623,0.0543348003217426,0.06866796692172342,0.8906666666666667,0.03733391678752772,0.11266873374009068,32.830000000000005,0.08900255054262615,0.19600570122028455,45.65,0.07466823369008568,0.10933566717511961,68.30466666666666,0.007333650069182962,0.03733390010668984,0.5953333333333333,0.007333400006667334,0.11333586722013037,0.06666666666666667,0.06866796692172342,0.01466690004834442,0.3710089019654654,0.4016666666666666,0.279,0.186,0.09666666666666668,0.14866666666666667,0.04433333333333334,0.10433333333333335,0.05366666666666668,0.06733333333333333,0.8893333333333334,0.03966666666666667,0.12200000000000004,32.818666666666665,0.093,0.18533333333333335,50.31066666666666,0.09666666666666668,0.12033333333333333,80.48866666666666,0.006666666666666667,0.04300000000000001,0.6999999999999998,0.007333333333333334,0.10466666666666669,0.07200000000000001,0.06733333333333333,0.01966666666666667,0.43200000000000005
76,97,2013-02-14,5,2,2012-2013,Suzano,Minas,0,0.3667853606922874,0.2969404829384424,0.19796032195896154,0.0730230888410233,0.1415577221025583,0.044844877753844985,0.0967128443487133,0.054511544420511655,0.09373430827948458,0.5953333333333333,0.03193398329743415,0.10217983599743038,30.470000000000006,0.09898016097948077,0.19689268034614368,50.51200000000001,0.0730230888410233,0.10524585269999624,69.04266666666666,0.0037112194384612478,0.03651154442051165,0.4146666666666667,0.010666666666666668,0.09817983599743038,0.11400000000000003,0.09373430827948458,0.019377886105127917,0.36751804406151994,0.41021300618082623,0.3339620672883986,0.22264137819226576,0.0843451271007514,0.13734318748389915,0.04018040485404026,0.09716278262985893,0.061729953825009676,0.0718359437886927,1.0499999999999998,0.034408833629269685,0.09392368654580201,35.62533333333333,0.11132068909613288,0.2003984833622618,56.20133333333333,0.0843451271007514,0.10571507426477583,79.13933333333333,0.003036995889345628,0.03765215157093958,0.588,0.009810833883954413,0.10700300318183312,0.09333333333333332,0.0718359437886927,0.013247122552332815,0.4495676645256079
86,91,2013-02-16,6,2,2012-2013,Flamengo,Sesi Franca,0,0.46939616326849326,0.3714353876803399,0.2476235917868932,0.09463566171494313,0.16033373648097968,0.04084563658888566,0.11948809989209402,0.0715619077873137,0.05058350501383779,1.737333333333333,0.042378969922219,0.10424133110404815,42.10133333333333,0.1238117958934466,0.20896605136938043,59.51199999999999,0.09463566171494313,0.12112727243467626,78.626,0.009019274663961453,0.03671230325555233,0.7939999999999999,0.008024093329951815,0.09129694256687632,0.08666666666666668,0.05058350501383779,0.011933616907704885,0.5603616993583951,0.40733333333333344,0.358,0.23866666666666672,0.07266666666666667,0.148,0.042,0.106,0.07866666666666668,0.06866666666666667,1.2413333333333334,0.032,0.08600000000000001,37.74199999999999,0.11933333333333336,0.217,55.156666666666666,0.07266666666666667,0.10899999999999997,65.50866666666667,0.017,0.046000000000000006,0.7460000000000002,0.013666666666666669,0.0976666666666667,0.15133333333333335,0.06866666666666667,0.010333333333333335,0.48366666666666663
70,100,2013-02-16,6,2,2012-2013,L. Sorocabana,Brasília,0,0.400822705383686,0.31970465623039973,0.21313643748693317,0.08195014578721042,0.13804591439570293,0.04598864924251607,0.09205726515318684,0.05885375943104933,0.05994319187638872,1.0399999999999998,0.035245374036514086,0.10804652541311999,32.60733333333333,0.10656821874346659,0.20137947624382407,52.879333333333335,0.08195014578721042,0.10734556882081862,76.80466666666665,0.009747900567451982,0.04600000673025155,0.8093333333333333,0.007596172505948215,0.09603937231666029,0.08133333333333335,0.05994319187638872,0.01357365430797165,0.43733661200125745,0.45443377127354956,0.31565518683989297,0.21043679122659537,0.08222544659720418,0.17065488315818858,0.05333031190468765,0.11732457125350088,0.0888012498914988,0.059692355028754494,1.6966666666666663,0.05392384448325003,0.14325113495929204,38.03999999999999,0.10521839561329768,0.18626342579847752,56.99066666666667,0.08222544659720418,0.1003163099695762,83.00266666666668,0.004333333333333333,0.044123904924470936,0.8340000000000001,0.016917497944254203,0.10756009026325725,0.16199999999999998,0.059692355028754494,0.010937544212256907,0.5558041757142427
95,84,2013-02-16,6,2,2012-2013,Bauru Basket,Fortaleza B. C. / CFO,1,0.4094659719735746,0.3064507230501348,0.20430048203342321,0.07003772510061367,0.1550840321343671,0.045539834819944204,0.1095441973144229,0.07987247022257986,0.06013992935381111,1.4246666666666665,0.04504258827984594,0.11123820537858432,40.528000000000006,0.10215024101671161,0.1977601722590319,52.31133333333333,0.07003772510061367,0.0932143057916695,76.27799999999999,0.008360821565429567,0.042067897227244244,0.7606666666666667,0.011345726141983087,0.09541946023231329,0.12200000000000001,0.06013992935381111,0.015877705744704075,0.49176832574958323,0.3932806271591814,0.3068187616263619,0.20454584108424131,0.08029391442997608,0.1592335016387634,0.04552227832403224,0.11371122331473114,0.06139631499689964,0.05248029054832138,1.25,0.03614695721498805,0.11025449552661885,33.366,0.10227292054212066,0.20583975551421738,50.11933333333333,0.08029391442997608,0.10577420497829748,75.338,0.004687660554522102,0.03148029054832138,0.712,0.013041987775710868,0.10017051997519709,0.13,0.05248029054832138,0.01272964833023297,0.44100770661706085
63,83,2013-02-16,6,2,2012-2013,Tijuca,Uberlândia,0,0.3509734753915196,0.2763728537768763,0.18424856918458424,0.07978598923454826,0.13950192204516612,0.03230952121759705,0.10719240082756908,0.054357276443669715,0.06315327336782636,0.8926666666666667,0.02897963899079569,0.09194064252565308,30.53666666666667,0.09212428459229212,0.18901902843973858,49.250666666666675,0.07978598923454826,0.10983029335408893,70.786,0.002394547355546349,0.027710970786207354,0.44066666666666665,0.008790820264358686,0.09927742696551838,0.08933333333333333,0.06315327336782636,0.013741685115007573,0.3720671292957987,0.41919876201446876,0.32620887949798844,0.2174725863319923,0.0767044427576269,0.15311016306931574,0.039717592473021805,0.11339257059629394,0.0860419214940342,0.06304293755996683,1.5140000000000002,0.041673910974949865,0.10674488184736877,39.29133333333334,0.10873629316599615,0.1898185178733476,57.91133333333333,0.0767044427576269,0.09705692069203672,78.99266666666668,0.014678053848267222,0.025351279969176143,0.4313333333333334,0.010670678723072629,0.09538669346633602,0.11733333333333333,0.06304293755996683,0.01168118356038685,0.4968578556907172
79,93,2013-02-16,6,2,2012-2013,Joinville,Coop/São José Basketball,0,0.3601960101323882,0.30408892256207715,0.20272594837471802,0.06900338065963715,0.1579290478296128,0.05623287369560849,0.10169617413400432,0.06154101392805735,0.07805590104841421,0.8493333333333334,0.029488893699344338,0.098362707413983,29.81666666666667,0.10136297418735901,0.21470093465295853,47.11933333333333,0.06900338065963715,0.10164690101817643,68.33866666666667,0.009025726647636487,0.04089914020221112,0.5506666666666666,0.020026126807700512,0.10818440089990862,0.2,0.07805590104841421,0.019129166784934475,0.3994528304562521,0.40545137240586215,0.3086017285107465,0.20573448567383104,0.07431866281323751,0.1563219613904131,0.03400991158834678,0.12231204980206635,0.08942147408672736,0.06591076552376629,1.4300000000000002,0.041799407972931205,0.11820643576729699,35.54533333333333,0.10286724283691552,0.18197859686401283,56.289333333333346,0.07431866281323751,0.0964984776961487,75.66866666666667,0.0027653081060066086,0.029950368927218578,0.4666666666666667,0.01147243710001766,0.09891026089852578,0.12066666666666667,0.06591076552376629,0.01225937951220509,0.4834478460772146
96,87,2013-02-16,6,2,2012-2013,Palmeiras,Minas,1,0.36867508513792113,0.2750076516278784,0.18333843441858563,0.07533490035675235,0.1476707508960448,0.05000140031507527,0.09766935058096958,0.05666813365507593,0.06533463358839009,1.0133333333333334,0.03666725012086104,0.11200206707342401,32.514,0.09166921720929282,0.20000570122028455,45.958000000000006,0.07533490035675235,0.11233566717511961,67.63799999999999,0.007666983402516296,0.03766723344002318,0.6660000000000001,0.007000066673334,0.11233586722013039,0.06466666666666666,0.06533463358839009,0.013666900048344418,0.3823422352987986,0.4168796728474929,0.33696206728839856,0.22464137819226573,0.08901179376741807,0.14067652081723248,0.04218040485404025,0.09849611596319226,0.061729953825009676,0.07216927712202605,1.0446666666666666,0.03440883362926969,0.09325701987913533,35.91466666666667,0.11232068909613287,0.20073181669559517,56.56466666666667,0.08901179376741807,0.11171507426477584,79.76800000000001,0.003370329222678962,0.037985484904272906,0.5893333333333334,0.009810833883954418,0.10833633651516644,0.09133333333333334,0.07216927712202605,0.014247122552332814,0.46190099785894123
71,79,2013-02-16,6,2,2012-2013,Limeira,Mogi,0,0.39366379108115057,0.2907601128500593,0.19384007523337282,0.057554318678492436,0.14673003296615814,0.04380532501304901,0.10292470795310911,0.08016443980823458,0.05710248940693214,1.4386666666666665,0.04742313238976175,0.12030256340630331,40.48933333333333,0.09692003761668641,0.19285346541340298,50.674,0.057554318678492436,0.07759422364676848,73.53666666666666,0.009025747364204244,0.03306208318720966,0.6306666666666667,0.007667633870349927,0.10265890877556548,0.07200000000000001,0.05710248940693214,0.012668267907703567,0.44904090060061624,0.37733333333333335,0.28099999999999997,0.18733333333333332,0.08900000000000001,0.14866666666666664,0.03833333333333334,0.11033333333333332,0.063,0.06866666666666667,1.0946666666666667,0.033666666666666664,0.09633333333333335,35.33933333333333,0.09366666666666666,0.20133333333333336,46.79866666666667,0.08900000000000001,0.11966666666666667,74.27666666666667,0.0013333333333333333,0.026000000000000002,0.4313333333333333,0.005000000000000001,0.11499999999999999,0.045333333333333344,0.06866666666666667,0.012666666666666666,0.39366666666666666
88,94,2013-02-16,6,2,2012-2013,Suzano,Espírito Santo,0,0.36611869402562064,0.2989404829384424,0.1992936552922949,0.07002308884102332,0.1435577221025583,0.046844877753844986,0.09671284434871331,0.05684487775384498,0.09306764161281791,0.63,0.032267316630767484,0.10151316933076372,30.934,0.09964682764614745,0.19922601367947704,50.28333333333333,0.07002308884102332,0.10324585269999624,67.56133333333334,0.003044552771794581,0.03517821108717833,0.4019999999999999,0.010000000000000002,0.09884650266409704,0.10733333333333335,0.09306764161281791,0.017377886105127915,0.3671847107281864,0.39333333333333337,0.26999999999999996,0.18000000000000002,0.09833333333333336,0.15066666666666664,0.042666666666666665,0.10800000000000001,0.05200000000000002,0.07033333333333334,0.8540000000000002,0.038333333333333344,0.12000000000000002,32.324666666666666,0.09000000000000001,0.18433333333333332,48.912666666666674,0.09833333333333336,0.12333333333333334,79.87133333333333,0.006333333333333333,0.03933333333333334,0.642,0.007,0.10533333333333333,0.06866666666666667,0.07033333333333334,0.020333333333333335,0.4163333333333334
91,65,2013-02-17,3,2,2012-2013,Pinheiros,Suzano,1,0.433,0.28500000000000003,0.18999999999999997,0.071,0.13900000000000004,0.03066666666666668,0.10833333333333335,0.08666666666666667,0.06433333333333334,1.4206666666666665,0.05733333333333334,0.13499999999999998,43.207333333333324,0.09499999999999999,0.16833333333333333,56.804,0.071,0.09766666666666667,71.51266666666668,0.008,0.03300000000000001,0.5400000000000001,0.012000000000000002,0.10133333333333333,0.12000000000000004,0.06433333333333334,0.010333333333333333,0.4986666666666667,0.3688220732496507,0.3009680173564649,0.2006453449043099,0.07236476593739379,0.14757232368787326,0.04851488192572651,0.09905744176214677,0.0571861376620636,0.09174056610176241,0.6513333333333332,0.03193732080264901,0.10319068288937865,30.127999999999997,0.10032267245215495,0.19857478297442904,50.82866666666668,0.07236476593739379,0.10592378344676302,67.93800000000002,0.003044552771794581,0.0341802970279376,0.3959999999999999,0.009667918231122235,0.10219193445383422,0.10000000000000003,0.09174056610176241,0.017378720481431627,0.37356143162931293
79,90,2013-02-18,5,2,2012-2013,Bauru Basket,Brasília,0,0.4128707450933736,0.3176561974835885,0.21177079832239235,0.06839281311373276,0.15420543615732554,0.04371737882650375,0.11048805733082177,0.0826855230304513,0.061348631225725425,1.4413333333333331,0.04423571121908287,0.1095465565936713,40.37533333333333,0.10588539916119617,0.20156382188133434,53.091333333333345,0.06839281311373276,0.0911581658080684,76.27799999999999,0.008678575966085523,0.04235449376254544,0.7573333333333332,0.01167905947531642,0.09447237277745382,0.126,0.061348631225725425,0.01516430228000527,0.49662166047856565,0.45543377127354956,0.31865518683989297,0.21243679122659534,0.08422544659720418,0.17532154982485523,0.05566364523802099,0.1196579045868342,0.08780124989149882,0.06002568836208784,1.6619999999999997,0.05292384448325003,0.13891780162595868,38.78666666666666,0.10621839561329767,0.19193009246514417,55.726,0.08422544659720418,0.10231630996957622,83.28066666666668,0.005333333333333333,0.044790571591137605,0.8426666666666667,0.01658416461092087,0.10889342359659059,0.158,0.06002568836208784,0.011604210878923575,0.5598041757142427
79,66,2013-02-18,5,2,2012-2013,Flamengo,Uberlândia,1,0.46906282993515996,0.36643538768033995,0.2442902584535599,0.09563566171494314,0.15966706981431297,0.04184563658888566,0.11782143322542736,0.0745619077873137,0.0505835050138378,1.7746666666666668,0.043045636588885654,0.10790799777071482,40.282666666666664,0.12214512922677995,0.20696605136938043,59.22133333333333,0.09563566171494314,0.12379393910134293,77.54333333333334,0.008685941330628118,0.03604563658888567,0.7853333333333333,0.008024093329951815,0.09329694256687632,0.08600000000000001,0.0505835050138378,0.012266950241038216,0.559361699358395,0.425956215137361,0.32796242057447567,0.2186416137163171,0.07832807691383897,0.15098497758435686,0.035662823823352306,0.11532215376100456,0.08799497693717462,0.06332541429003562,1.5386666666666668,0.0429955081690683,0.10365490478005458,41.75533333333335,0.10932080685815855,0.1879797211648625,58.660666666666664,0.07832807691383897,0.09866099461622398,79.48866666666667,0.01366631770905233,0.026331719737151326,0.44400000000000006,0.011333433343334332,0.09699076739052326,0.12266666666666666,0.06332541429003562,0.012332202041433659,0.5122897995730861
77,65,2013-02-19,7,2,2012-2013,Coop/São José Basketball,Palmeiras,1,0.40545137240586215,0.3086017285107465,0.20573448567383104,0.0723186628132375,0.15298862805707975,0.032009911588346776,0.120978716468733,0.09008814075339402,0.06324409885709964,1.4953333333333336,0.042466074639597874,0.11853976910063033,36.019999999999996,0.10286724283691552,0.17997859686401288,56.92466666666667,0.0723186628132375,0.09483181102948204,75.06866666666666,0.0020986414393399425,0.028950368927218577,0.4686666666666667,0.010805770433350992,0.09791026089852578,0.11600000000000002,0.06324409885709964,0.011926046178871755,0.4837811794105479,0.3763417518045878,0.28400765162787844,0.18933843441858567,0.07700156702341902,0.14967075089604484,0.05200140031507528,0.09766935058096958,0.05500146698840926,0.06666796692172343,0.9313333333333332,0.03666725012086105,0.11033540040675734,33.06333333333333,0.09466921720929283,0.2006723678869512,47.25133333333334,0.07700156702341902,0.11466900050845294,67.65400000000001,0.00800031673584963,0.03900056677335651,0.6626666666666666,0.008000066673334,0.11233586722013039,0.07466666666666666,0.06666796692172343,0.01500023338167775,0.39667556863213194
109,114,2013-02-20,7,2,2012-2013,Minas,Paulistano,0,0.4178796728474928,0.3419620672883986,0.22797471152559906,0.09267846043408473,0.1426765208172325,0.044180404854040255,0.09849611596319227,0.06172995382500968,0.07050261045535938,1.0573333333333332,0.03240883362926969,0.09259035321246865,34.210666666666675,0.11398735576279953,0.20473181669559518,56.24266666666666,0.09267846043408473,0.1143817409314425,81.43466666666667,0.003036995889345628,0.03531881823760625,0.5673333333333334,0.010144167217287751,0.10966966984849978,0.09400000000000001,0.07050261045535938,0.012913789218999482,0.4592343311922746,0.3725207854118745,0.30711271127112716,0.20474180751408474,0.0661115111511151,0.160001033436677,0.058222688935560235,0.10177834450111681,0.05822268893556023,0.06496356302296898,0.9773333333333333,0.03388915558222489,0.09759335933593359,34.89266666666666,0.10237090375704237,0.2108158815881588,48.67333333333333,0.0661115111511151,0.10414881488148814,63.891333333333336,0.01214831483148315,0.029333433343334336,0.4746666666666667,0.010555622228889557,0.10355625562556256,0.10733333333333335,0.06496356302296898,0.012555655565556554,0.406076474314098
74,78,2013-02-21,7,2,2012-2013,Espírito Santo,Pinheiros,0,0.39466666666666667,0.27099999999999996,0.18066666666666667,0.10000000000000002,0.152,0.043000000000000003,0.10899999999999999,0.05166666666666667,0.07066666666666667,0.8406666666666667,0.03800000000000001,0.12166666666666669,31.229333333333333,0.09033333333333333,0.18366666666666662,49.258666666666656,0.10000000000000002,0.12666666666666665,79.30066666666667,0.007000000000000001,0.04000000000000001,0.65,0.007,0.10700000000000001,0.06733333333333333,0.07066666666666667,0.019000000000000006,0.4166666666666667,0.433,0.27399999999999997,0.18266666666666664,0.07233333333333333,0.13966666666666666,0.031333333333333345,0.10833333333333335,0.08800000000000001,0.063,1.4653333333333332,0.059333333333333335,0.1396666666666667,43.13999999999999,0.09133333333333332,0.16266666666666663,56.67733333333334,0.07233333333333333,0.099,71.99533333333332,0.008,0.03266666666666667,0.5473333333333333,0.011333333333333336,0.10066666666666667,0.1126666666666667,0.063,0.011,0.501
86,65,2013-02-21,7,2,2012-2013,Mogi,Suzano,1,0.3776666666666666,0.279,0.186,0.09266666666666665,0.14633333333333332,0.037000000000000005,0.10933333333333332,0.061333333333333344,0.067,1.0946666666666667,0.033,0.09466666666666668,35.074,0.093,0.19833333333333333,47.428000000000004,0.09266666666666665,0.12466666666666669,74.07199999999999,0.0013333333333333333,0.027333333333333334,0.46466666666666673,0.004666666666666666,0.114,0.043333333333333335,0.067,0.013666666666666669,0.397,0.36648873991631736,0.2919680173564649,0.1946453449043099,0.07203143260406045,0.14723899035453994,0.04884821525905984,0.09839077509548008,0.05785280432873027,0.09274056610176241,0.6519999999999999,0.03327065413598233,0.10352401622271197,31.077999999999996,0.09732267245215495,0.19390811630776233,50.478,0.07203143260406045,0.10525711678009636,68.16000000000001,0.003044552771794581,0.031846963694604276,0.3526666666666667,0.007667918231122237,0.10285860112050088,0.07466666666666667,0.09274056610176241,0.017045387148098293,0.368561431629313
70,52,2013-02-21,7,2,2012-2013,Sesi Franca,Joinville,1,0.4183333333333334,0.37300000000000005,0.2486666666666667,0.07366666666666667,0.14533333333333334,0.04133333333333334,0.10400000000000002,0.07700000000000001,0.06666666666666667,1.2513333333333334,0.032,0.08400000000000002,38.20533333333333,0.12433333333333335,0.22033333333333338,56.61866666666666,0.07366666666666667,0.11233333333333331,64.37133333333334,0.018000000000000006,0.04733333333333334,0.7786666666666668,0.013666666666666667,0.09866666666666668,0.14933333333333332,0.06666666666666667,0.010666666666666668,0.49766666666666665,0.36986267679905477,0.3140889225620771,0.2093926150413847,0.07200338065963716,0.1589290478296128,0.05589954036227516,0.10302950746733766,0.060874347261390696,0.07472256771508086,0.9113333333333333,0.029488893699344338,0.09702937408064967,29.938666666666666,0.10469630752069235,0.2207009346529585,47.42466666666667,0.07200338065963716,0.10164690101817644,70.73866666666666,0.008692393314303156,0.040899140202211116,0.6306666666666667,0.01869279347436718,0.10551773423324193,0.18999999999999997,0.07472256771508086,0.01779583345160114,0.40878616378958543
86,96,2013-02-21,7,2,2012-2013,Uberlândia,Limeira,0,0.41828954847069433,0.3239624205744757,0.21597494704965045,0.07432807691383897,0.1519849775843569,0.035996157156685644,0.11598882042767124,0.08532831027050798,0.06365874762336894,1.4966666666666666,0.04266217483573497,0.10432157144672125,41.28533333333334,0.10798747352482523,0.18931305449819588,57.62333333333333,0.07432807691383897,0.0949943279495573,77.23866666666666,0.012332984375718996,0.026331719737151326,0.4426666666666667,0.010333433343334334,0.09799076739052327,0.11,0.06365874762336894,0.012998868708100325,0.4986231329064194,0.39166379108115057,0.2827601128500593,0.1885067419000395,0.05988765201182577,0.14606336629949146,0.04280532501304901,0.10325804128644242,0.0794977731415679,0.05943582274026547,1.3633333333333333,0.047756465723095096,0.11863589673963663,41.057333333333325,0.09425337095001975,0.18885346541340298,50.27066666666666,0.05988765201182577,0.08126089031343513,73.018,0.007692414030870909,0.03139541652054299,0.5733333333333334,0.008334300537016594,0.10732557544223216,0.07666666666666667,0.05943582274026547,0.012668267907703567,0.44570756726728283
92,86,2013-02-21,7,2,2012-2013,Fortaleza B. C. / CFO,Tijuca,1,0.3996666666666666,0.31599999999999995,0.21066666666666667,0.07899999999999999,0.15866666666666665,0.04566666666666667,0.113,0.066,0.052333333333333336,1.3833333333333333,0.036666666666666674,0.10833333333333334,34.199333333333335,0.10533333333333333,0.20866666666666667,50.95933333333333,0.07899999999999999,0.10266666666666668,76.53466666666667,0.004333333333333333,0.03133333333333334,0.712,0.014000000000000002,0.09766666666666667,0.14333333333333337,0.052333333333333336,0.012333333333333333,0.45466666666666666,0.3473068087248529,0.27137285377687637,0.18091523585125088,0.07945265590121492,0.13583525537849944,0.03164285455093038,0.10419240082756907,0.05302394311033638,0.06215327336782636,0.8819999999999999,0.028979638990795694,0.09294064252565307,30.284666666666666,0.09045761792562544,0.18735236177307196,48.84866666666667,0.07945265590121492,0.11016362668742226,70.27866666666665,0.002727880688879683,0.026710970786207353,0.4313333333333334,0.00812415359769202,0.09694409363218505,0.08533333333333334,0.06215327336782636,0.013075018448340909,0.3610671292957987
85,94,2013-02-21,7,2,2012-2013,Bauru Basket,L. Sorocabana,0,0.4133374117600403,0.3232561974835885,0.21550413165572568,0.0687261464470661,0.15313876949065888,0.043384045493170424,0.10975472399748844,0.08241885636378463,0.06074863122572542,1.4666666666666666,0.04303571121908287,0.10974655659367129,39.25733333333334,0.10775206582786284,0.20083048854800103,54.15466666666667,0.0687261464470661,0.09209149914140173,75.82933333333332,0.009345242632752191,0.04135449376254544,0.7439999999999998,0.012345726141983088,0.09307237277745381,0.13333333333333333,0.06074863122572542,0.015030968946671937,0.4970883271452323,0.4001560387170192,0.31770465623039973,0.21180310415359987,0.08261681245387709,0.14037924772903626,0.0493219825758494,0.09105726515318684,0.058520426097715995,0.060276525209722064,1.028,0.035245374036514086,0.10771319207978665,32.67733333333333,0.10590155207679994,0.2040461429104907,52.03466666666666,0.08261681245387709,0.10867890215415195,76.27600000000001,0.009414567234118649,0.04366667339691822,0.7593333333333334,0.00726283917261488,0.09670603898332694,0.07733333333333334,0.060276525209722064,0.01324032097463832,0.43233661200125745
82,70,2013-02-21,7,2,2012-2013,Brasília,Flamengo,1,0.45410043794021626,0.320655186839893,0.21377012455992872,0.0815587799305375,0.17698821649152185,0.053663645238021,0.12332457125350088,0.08780124989149882,0.06035902169542117,1.6399999999999997,0.05292384448325002,0.13758446829262536,39.22266666666667,0.10688506227996436,0.19193009246514417,56.086,0.0815587799305375,0.09931630996957622,82.884,0.005000000000000001,0.0437905715911376,0.8093333333333333,0.014917497944254206,0.10956009026325725,0.13799999999999996,0.06035902169542117,0.011604210878923575,0.559137509047576,0.4681961632684933,0.36943538768033984,0.2462902584535599,0.09276899504827645,0.16120040314764633,0.04371230325555233,0.11748809989209404,0.07176190778731371,0.05071683834717113,1.7146666666666668,0.04304563658888567,0.10977466443738146,39.606,0.12314512922677995,0.2098993847027138,58.96933333333333,0.09276899504827645,0.12146060576800959,76.74333333333334,0.009019274663961453,0.037378969922218994,0.8106666666666666,0.008690759996618481,0.09176360923354299,0.096,0.05071683834717113,0.013333616907704881,0.556361699358395
120,126,2013-02-23,8,2,2012-2013,Espírito Santo,Paulistano,0,0.39200000000000007,0.27399999999999997,0.18266666666666667,0.09333333333333334,0.15166666666666664,0.04300000000000001,0.10866666666666666,0.05166666666666667,0.06866666666666665,0.8646666666666668,0.038666666666666676,0.12066666666666669,31.991333333333333,0.09133333333333334,0.18766666666666668,48.68733333333332,0.09333333333333334,0.11899999999999998,78.65933333333334,0.006333333333333333,0.039666666666666676,0.6753333333333333,0.007,0.10633333333333336,0.06733333333333333,0.06866666666666665,0.019000000000000003,0.414,0.3758238157149048,0.30747634763476345,0.20498423175650898,0.06962666266626663,0.16100103343667702,0.05934390105677234,0.10165713237990467,0.056131779844651127,0.06396356302296898,0.9593333333333334,0.03373764043070973,0.09453275327532754,36.022000000000006,0.10249211587825449,0.20987648764876488,48.92933333333333,0.06962666266626663,0.11036093609360935,63.40333333333332,0.0112998299829983,0.028454645464546464,0.4686666666666667,0.009464713137980465,0.1031926192619262,0.09666666666666668,0.06396356302296898,0.012616261626162617,0.4113492015868253
101,75,2013-02-23,8,2,2012-2013,Minas,Pinheiros,1,0.4119705819384019,0.3449620672883987,0.2299747115255991,0.09167846043408473,0.14634318748389916,0.04499858667222208,0.10134460081167711,0.061275408370464225,0.07071473166748057,1.0426666666666666,0.03010580332623939,0.09031762593974138,32.87733333333333,0.11498735576279955,0.2074590894228679,55.91866666666667,0.09167846043408473,0.11359386214356372,81.10933333333332,0.0037642686166183556,0.03525821217700019,0.5640000000000001,0.009962349035469565,0.1101848213636513,0.09133333333333334,0.07071473166748057,0.013459243764454029,0.4548706948286381,0.42866666666666664,0.275,0.1833333333333333,0.07133333333333333,0.133,0.03000000000000001,0.10300000000000001,0.08666666666666667,0.06233333333333334,1.4559999999999997,0.058,0.1383333333333333,42.48,0.09166666666666665,0.16033333333333336,57.63400000000001,0.07133333333333333,0.09766666666666667,71.93933333333332,0.007333333333333334,0.03233333333333334,0.5459999999999999,0.011666666666666667,0.09933333333333333,0.12200000000000004,0.06233333333333334,0.011333333333333336,0.49233333333333335
99,73,2013-02-23,8,2,2012-2013,Uberlândia,Joinville,1,0.4106228818040277,0.3189624205744757,0.21264161371631712,0.07499474358050563,0.1489849775843569,0.03499615715668565,0.11398882042767121,0.0846616436038413,0.06399208095670227,1.4733333333333334,0.0409955081690683,0.10432157144672123,39.769999999999996,0.10632080685815856,0.1879797211648625,57.15933333333333,0.07499474358050563,0.09399432794955728,78.75399999999999,0.011666317709052331,0.024331719737151324,0.40066666666666667,0.010000100010001001,0.09865743405718994,0.10533333333333333,0.06399208095670227,0.013332202041433658,0.4829564662397527,0.3635293434657215,0.31108892256207704,0.20739261504138468,0.07167004732630383,0.15526238116294613,0.05323287369560849,0.10202950746733766,0.06154101392805736,0.0770559010484142,0.9093333333333332,0.028155560366011006,0.09602937408064965,28.538666666666668,0.10369630752069234,0.21703426798629183,47.66866666666667,0.07167004732630383,0.10298023435150977,69.53333333333333,0.009025726647636489,0.04256580686887779,0.6386666666666667,0.019359460141033846,0.10918440089990862,0.1913333333333333,0.0770559010484142,0.019462500118267802,0.4034528304562521
82,101,2013-02-23,8,2,2012-2013,Fortaleza B. C. / CFO,Flamengo,0,0.40433333333333327,0.323,0.2153333333333333,0.078,0.15866666666666668,0.045666666666666675,0.113,0.06766666666666668,0.04966666666666667,1.7373333333333334,0.03700000000000001,0.10600000000000002,35.63066666666667,0.10766666666666665,0.21233333333333332,51.181333333333335,0.078,0.10300000000000002,75.56,0.004,0.031000000000000014,0.8186666666666667,0.014000000000000002,0.09766666666666665,0.14333333333333337,0.04966666666666667,0.012333333333333337,0.4646666666666666,0.46019616326849333,0.3604353876803399,0.2402902584535599,0.09276899504827645,0.16253373648097966,0.04271230325555233,0.11982143322542736,0.07109524112064705,0.053383505013837804,1.5893333333333333,0.04237896992221899,0.10977466443738147,39.00000000000001,0.12014512922677995,0.21156605136938048,57.154666666666664,0.09276899504827645,0.11946060576800957,77.75266666666667,0.008685941330628118,0.03704563658888566,0.748,0.00869075999661848,0.092763609233543,0.09466666666666668,0.053383505013837804,0.012666950241038215,0.5400283660250617
90,79,2013-02-23,8,2,2012-2013,Brasília,Tijuca,1,0.4521004379402163,0.3226551868398931,0.21510345789326202,0.07922544659720417,0.17498821649152188,0.051663645238021,0.1233245712535009,0.08946791655816548,0.05869235502875451,1.6999999999999997,0.05259051114991668,0.139251134959292,38.57066666666667,0.10755172894663101,0.1932634257984775,56.04600000000001,0.07922544659720417,0.09698297663624289,82.36533333333335,0.006000000000000001,0.04545723825780427,0.854,0.014250831277587537,0.11122675692992391,0.13066666666666665,0.05869235502875451,0.011270877545590242,0.5564708423809093,0.3533068087248529,0.27637285377687637,0.1842485691845842,0.08111932256788161,0.13316858871183282,0.03097618788426372,0.1021924008275691,0.05235727644366972,0.0614866067011597,0.8866666666666667,0.029312972324129025,0.09427397585898639,30.079333333333338,0.0921242845922921,0.1876856951064053,49.55333333333333,0.08111932256788161,0.11283029335408894,70.10799999999999,0.002394547355546349,0.025710970786207352,0.4113333333333334,0.00812415359769202,0.09627742696551839,0.08533333333333334,0.0614866067011597,0.011741685115007576,0.3624004626291321
86,77,2013-02-23,8,2,2012-2013,Palmeiras,Mogi,1,0.3776750851379212,0.2900076516278785,0.19333843441858567,0.07633490035675235,0.1530040842293782,0.054668066981741946,0.09833601724763626,0.05766813365507593,0.06166796692172343,1.0839999999999999,0.036000583454194386,0.11166873374009066,32.31133333333334,0.09666921720929283,0.2046723678869512,47.37866666666666,0.07633490035675235,0.11366900050845294,67.766,0.008333650069182963,0.0380005667733565,0.6853333333333332,0.0073334000066673346,0.10933586722013038,0.07066666666666667,0.06166796692172343,0.012000233381677751,0.4003422352987986,0.385,0.28800000000000003,0.19200000000000006,0.093,0.14666666666666664,0.04066666666666667,0.10600000000000001,0.061000000000000006,0.067,1.0886666666666664,0.03333333333333333,0.09500000000000001,35.30466666666667,0.09600000000000003,0.20333333333333334,47.656666666666666,0.093,0.12533333333333335,73.85,0.0016666666666666668,0.030333333333333334,0.5146666666666667,0.004666666666666667,0.115,0.043333333333333335,0.067,0.012666666666666668,0.4043333333333333
75,62,2013-02-23,8,2,2012-2013,Sesi Franca,Limeira,1,0.40566666666666673,0.3630000000000001,0.242,0.07666666666666667,0.146,0.04133333333333334,0.10466666666666666,0.07133333333333335,0.06666666666666668,1.1640000000000004,0.02900000000000001,0.08,36.05133333333334,0.121,0.22000000000000008,55.217999999999996,0.07666666666666667,0.11799999999999998,63.69533333333334,0.015666666666666666,0.046,0.7580000000000002,0.014999999999999998,0.09933333333333334,0.16199999999999998,0.06666666666666668,0.010000000000000002,0.4773333333333334,0.3996637910811505,0.29276011285005926,0.19517340856670617,0.0632209853451591,0.14239669963282478,0.04113865834638234,0.10125804128644247,0.07716443980823458,0.0567691560735988,1.3926666666666667,0.04708979905642843,0.11396923007296997,42.09866666666666,0.09758670428335309,0.19118679874673633,51.40733333333333,0.0632209853451591,0.08426089031343516,74.16,0.008025747364204243,0.03206208318720966,0.618,0.008667633870349929,0.10799224210889882,0.08000000000000002,0.0567691560735988,0.012334934574370238,0.45604090060061614
100,104,2013-02-26,3,2,2012-2013,Fortaleza B. C. / CFO,Brasília,0,0.41,0.32399999999999995,0.21600000000000003,0.08199999999999999,0.15766666666666668,0.04433333333333334,0.11333333333333334,0.07,0.05266666666666667,1.7286666666666668,0.037333333333333336,0.10300000000000002,36.519333333333336,0.10800000000000001,0.20966666666666664,52.08666666666668,0.08199999999999999,0.106,77.41533333333334,0.004,0.032333333333333346,0.8233333333333335,0.014333333333333335,0.1,0.14400000000000004,0.05266666666666667,0.012333333333333335,0.47666666666666657,0.4514337712735496,0.3306551868398931,0.22043679122659537,0.07822544659720417,0.17465488315818853,0.05099697857135434,0.1236579045868342,0.08846791655816548,0.05702568836208784,1.714,0.05092384448325003,0.13491780162595868,38.518666666666675,0.11021839561329769,0.1972634257984775,56.207333333333324,0.07822544659720417,0.09698297663624289,81.18866666666666,0.006000000000000001,0.04612390492447094,0.8800000000000001,0.01458416461092087,0.11222675692992391,0.13266666666666665,0.05702568836208784,0.011270877545590245,0.5584708423809093
82,81,2013-02-27,2,2,2012-2013,Limeira,Pinheiros,1,0.3906637910811505,0.28076011285005925,0.18717340856670617,0.06622098534515909,0.14073003296615816,0.03947199167971568,0.10125804128644246,0.07383110647490125,0.058435822740265465,1.3080000000000003,0.0457564657230951,0.11096923007296997,41.59066666666666,0.09358670428335308,0.18752013208006968,50.30266666666667,0.06622098534515909,0.08792755698010182,73.836,0.007692414030870909,0.03206208318720966,0.6026666666666667,0.009334300537016595,0.10832557544223216,0.08666666666666668,0.058435822740265465,0.013001601241036904,0.4430409006006162,0.428,0.275,0.18333333333333332,0.06766666666666668,0.129,0.027333333333333334,0.10166666666666667,0.08366666666666665,0.06233333333333334,1.396,0.059000000000000004,0.1373333333333333,43.298666666666676,0.09166666666666666,0.161,57.438,0.06766666666666668,0.09300000000000001,72.17733333333332,0.007333333333333334,0.03133333333333334,0.526,0.010666666666666666,0.09866666666666668,0.11400000000000002,0.06233333333333334,0.011666666666666669,0.48433333333333334
89,74,2013-03-04,8,2,2012-2013,Coop/São José Basketball,Suzano,1,0.40845137240586216,0.3116017285107465,0.20773448567383107,0.0743186628132375,0.1546552947237464,0.03334324492168011,0.12131204980206635,0.09242147408672735,0.06357743219043296,1.5333333333333334,0.04213274130626454,0.11587310243396366,36.40266666666666,0.10386724283691554,0.1826452635306795,56.687333333333335,0.0743186628132375,0.09749847769614872,74.84666666666666,0.0020986414393399425,0.02761703559388524,0.438,0.011139103766684326,0.09957692756519244,0.11600000000000002,0.06357743219043296,0.011592712845538424,0.48978117941054783,0.36615540658298407,0.2889680173564649,0.1926453449043099,0.07369809927072711,0.14590565702120664,0.04684821525905985,0.09905744176214676,0.057519470995396935,0.09074056610176241,0.6566666666666666,0.03327065413598233,0.10619068288937863,30.244666666666664,0.09632267245215495,0.19057478297442904,50.79066666666667,0.07369809927072711,0.10759045011342969,68.35733333333334,0.0027112194384612477,0.03151363036127095,0.354,0.008334584897788903,0.10419193445383422,0.08200000000000002,0.09074056610176241,0.016378720481431623,0.36789476496264634
73,93,2013-03-04,1,2,2012-2013,Joinville,Pinheiros,0,0.3671960101323882,0.3110889225620771,0.20739261504138468,0.0743367139929705,0.15426238116294613,0.05456620702894182,0.09969617413400432,0.06154101392805736,0.07838923438174754,0.9026666666666666,0.028488893699344337,0.09602937408064965,28.93066666666667,0.10369630752069234,0.21703426798629186,47.66866666666667,0.0743367139929705,0.10764690101817642,69.19733333333335,0.008359059980969823,0.04423247353554444,0.648,0.018692793474367184,0.1068510675665753,0.18666666666666665,0.07838923438174754,0.02046250011826781,0.4071194971229188,0.4233333333333334,0.28099999999999997,0.18733333333333332,0.066,0.128,0.02866666666666667,0.09933333333333333,0.08166666666666665,0.06066666666666667,1.4073333333333333,0.05666666666666667,0.136,42.016666666666666,0.09366666666666666,0.16266666666666665,58.06666666666667,0.066,0.09000000000000001,72.66000000000001,0.008,0.030999999999999996,0.5399999999999999,0.010000000000000002,0.09666666666666666,0.10933333333333337,0.06066666666666667,0.012000000000000004,0.477
64,86,2013-03-04,4,2,2012-2013,Mogi,Flamengo,0,0.3821481481481482,0.2884444444444444,0.19229629629629633,0.09240740740740741,0.14570370370370364,0.04092592592592593,0.1047777777777778,0.05896296296296295,0.06711111111111111,1.0566666666666666,0.03248148148148148,0.09577777777777778,34.23733333333334,0.09614814814814816,0.20307407407407407,47.803999999999995,0.09240740740740741,0.12603703703703706,72.87333333333332,0.0019629629629629632,0.029444444444444443,0.5000000000000001,0.004333333333333333,0.11837037037037038,0.04,0.06711111111111111,0.01351851851851852,0.3967777777777778,0.4625294966018266,0.3564353876803399,0.23762359178689324,0.09476899504827645,0.16553373648097966,0.04404563658888567,0.12148809989209403,0.06976190778731371,0.05405017168050447,1.5500000000000003,0.04337896992221899,0.11144133110404814,39.13333333333333,0.11881179589344662,0.21256605136938048,56.115333333333325,0.09476899504827645,0.12112727243467626,78.45666666666668,0.0066859413306281186,0.03671230325555233,0.7320000000000001,0.007024093329951813,0.091763609233543,0.07866666666666668,0.05405017168050447,0.014000283574371549,0.5396950326917284
71,79,2013-03-07,9,2,2012-2013,Tijuca,Bauru Basket,0,0.35730680872485293,0.2733728537768763,0.1822485691845842,0.0811193225678816,0.13250192204516614,0.030642854550930396,0.10185906749423575,0.054357276443669715,0.06115327336782636,0.9140000000000001,0.031312972324129024,0.09694064252565307,31.19066666666667,0.0911242845922921,0.18568569510640526,49.49666666666666,0.0811193225678816,0.11249696002075563,70.30533333333332,0.0027278806888796827,0.026044304119540687,0.4166666666666667,0.008457486931025354,0.09794409363218506,0.08733333333333335,0.06115327336782636,0.01240835178167424,0.36973379596246553,0.41399300733160227,0.3252465936420519,0.2168310624280346,0.06805801252683133,0.153468501383416,0.044716578506375705,0.10875192287704029,0.08408432255025923,0.05941343047875998,1.5173333333333332,0.0430346441255788,0.11207762235330847,38.342,0.1084155312140173,0.2024922199072114,53.957333333333324,0.06805801252683133,0.08808843124757754,78.09533333333333,0.009344842472688164,0.04035329328235336,0.7413333333333333,0.011345192595231056,0.09307010520375766,0.12133333333333333,0.05941343047875998,0.01369696867989856,0.4944081884230768
77,82,2013-03-07,9,2,2012-2013,Pinheiros,Coop/São José Basketball,0,0.42533333333333334,0.294,0.196,0.06533333333333334,0.13,0.028000000000000004,0.10200000000000001,0.08166666666666664,0.059666666666666666,1.4313333333333336,0.054666666666666676,0.13333333333333333,41.075333333333326,0.098,0.16466666666666666,59.60466666666667,0.06533333333333334,0.08833333333333333,73.414,0.009000000000000001,0.03133333333333334,0.5606666666666666,0.010333333333333335,0.09733333333333333,0.11266666666666668,0.059666666666666666,0.011333333333333336,0.48499999999999993,0.41268661309614374,0.3118033633881307,0.2078689089254205,0.07437365414343321,0.15275000201463898,0.031046572475143905,0.12170342953949512,0.09381285382415613,0.06195353655836296,1.6133333333333333,0.043481350009096684,0.11859476043082602,36.858666666666664,0.10393445446271025,0.18142496793163732,57.168,0.07437365414343321,0.09724763135810892,75.01733333333333,0.0020986414393399425,0.027971754444516893,0.464,0.01147854724781718,0.10229247541425529,0.11600000000000002,0.06195353655836296,0.011926046178871757,0.4960683563571254
95,72,2013-03-07,9,2,2012-2013,Minas,Espírito Santo,1,0.4176372486050686,0.3429620672883987,0.22864137819226577,0.09567846043408473,0.15000985415056584,0.04633192000555541,0.10367793414501045,0.06160874170379756,0.07138139833414724,1.0346666666666666,0.031105803326239388,0.09065095927307472,33.754666666666665,0.11432068909613288,0.20679242275620122,55.763999999999996,0.09567846043408473,0.1165938621435637,82.06066666666666,0.0037642686166183556,0.03759154551033352,0.6006666666666668,0.010295682368802898,0.1081848213636513,0.09733333333333333,0.07138139833414724,0.012792577097787361,0.4665373614953048,0.3909607683381478,0.28692400562921266,0.19128267041947514,0.08901192504258944,0.1529125743772066,0.045431696417549315,0.10748087795965729,0.04996274350048145,0.06651813445917587,0.8600000000000001,0.03688872429202775,0.11964133520973758,30.946666666666662,0.09564133520973757,0.19264084141915414,49.654666666666664,0.08901192504258944,0.11324640150112338,78.87200000000001,0.006987581166827148,0.03772826704194752,0.664,0.005740685875120362,0.1047277732513641,0.060000000000000005,0.06651813445917587,0.01806160037528084,0.40909638792188235
102,64,2013-03-07,9,2,2012-2013,Flamengo,L. Sorocabana,1,0.45852949660182657,0.35643538768033983,0.23762359178689324,0.09276899504827645,0.17120040314764634,0.04504563658888567,0.1261547665587607,0.07209524112064704,0.0543835050138378,1.582,0.042712303255552315,0.11210799777071481,38.30466666666666,0.11881179589344662,0.2152327180360471,55.321999999999996,0.09276899504827645,0.1194606057680096,77.72333333333334,0.0066859413306281186,0.03504563658888567,0.7026666666666669,0.007357426663285146,0.09376360923354297,0.08066666666666668,0.0543835050138378,0.013333616907704881,0.5373616993583951,0.4094893720503526,0.31770465623039973,0.21180310415359987,0.08295014578721042,0.1390459143957029,0.0493219825758494,0.0897239318198535,0.05985375943104933,0.0586098585430554,1.0846666666666667,0.03824537403651408,0.1103798587464533,34.529333333333334,0.10590155207679994,0.2020461429104907,52.82333333333334,0.08295014578721042,0.10834556882081861,76.87266666666667,0.009081233900785314,0.043333340063584885,0.7733333333333333,0.007596172505948213,0.09570603898332693,0.08333333333333333,0.0586098585430554,0.012906987641304987,0.44533661200125746
77,80,2013-03-07,9,2,2012-2013,Limeira,Brasília,0,0.38997190171405355,0.28173939420327715,0.18782626280218478,0.06888615066060969,0.1347165208052133,0.03780232231061682,0.09691419849459647,0.07315903494385666,0.057431919227103626,1.322666666666667,0.04441982941708636,0.10996322466810558,40.669333333333334,0.09391313140109239,0.18450661991912484,51.339999999999996,0.06888615066060969,0.0915912209443363,74.62933333333334,0.007358179886807919,0.03372844958363311,0.6373333333333334,0.00966733360010671,0.1086538041814308,0.09000000000000002,0.057431919227103626,0.012000400160064028,0.440674837810772,0.4502485860883645,0.3224329646176708,0.21495530974511384,0.07807729844905603,0.1763215498248552,0.05129327486765063,0.1250282749572046,0.08491236100260993,0.05569235502875451,1.6920000000000002,0.052405325964731506,0.13710298681114386,38.98933333333333,0.10747765487255692,0.19200416653921826,56.36066666666667,0.07807729844905603,0.09787186552513177,80.52199999999998,0.005333333333333333,0.043123904924470935,0.8300000000000001,0.013176757203513462,0.1148193495225165,0.11533333333333334,0.05569235502875451,0.01119680347151617,0.5540634349735019
94,71,2013-03-07,9,2,2012-2013,Joinville,Fortaleza B. C. / CFO,1,0.3638626767990548,0.31108892256207704,0.20739261504138468,0.07500338065963716,0.15192904782961278,0.05356620702894181,0.098362840800671,0.0588743472613907,0.0790559010484142,0.864,0.027155560366011005,0.09436270741398299,27.93066666666667,0.10369630752069234,0.21470093465295853,48.18733333333333,0.07500338065963716,0.10898023435150977,68.88000000000001,0.007692393314303155,0.04489914020221112,0.6526666666666667,0.018026126807700514,0.10551773423324197,0.18133333333333332,0.0790559010484142,0.02079583345160114,0.4011194971229187,0.4119669423991758,0.3235432233433324,0.2156954822288883,0.08390840226646062,0.15802942156773628,0.04506035814925916,0.11296906341847711,0.06603002757325092,0.05075735539193407,1.704,0.03745435263460897,0.10436305790382693,36.074666666666666,0.10784774111444415,0.21011980729024635,51.912000000000006,0.08390840226646062,0.10869608823440294,77.22733333333332,0.0036363360906584243,0.030181680453292135,0.8086666666666668,0.013303002757325093,0.10245374662909432,0.132,0.05075735539193407,0.014424022058600735,0.4739969699724267
112,104,2013-03-07,9,2,2012-2013,Palmeiras,Uberlândia,1,0.3771565666194026,0.2873409849612118,0.19156065664080787,0.0784830485049005,0.15274482497011896,0.05233473364840861,0.10041009132171033,0.05911257809952038,0.06374204099579751,1.0713333333333332,0.035704287157898085,0.10885391892527586,32.830666666666666,0.09578032832040394,0.2010427382573216,47.696000000000005,0.0784830485049005,0.11515048198993443,68.38600000000001,0.007926242661775556,0.03677834455113428,0.6353333333333334,0.007592659265926593,0.10944697833124148,0.07266666666666667,0.06374204099579751,0.013481714863159234,0.404712605669169,0.41295621513736097,0.3229624205744757,0.21530828038298383,0.07766141024717228,0.14831831091769024,0.03466282382335231,0.1136554870943379,0.08399497693717463,0.0643254142900356,1.4613333333333334,0.03999550816906831,0.10132157144672126,39.958,0.10765414019149191,0.19031305449819585,57.00066666666666,0.07766141024717228,0.09599432794955728,80.10333333333332,0.015332984375718998,0.02633171973715132,0.422,0.011666766676667667,0.10165743405718994,0.11466666666666667,0.0643254142900356,0.011998868708100326,0.4869564662397527
75,71,2013-03-07,9,2,2012-2013,Suzano,Sesi Franca,1,0.3664887399163174,0.2919680173564649,0.19464534490430993,0.07503143260406045,0.14723899035453994,0.04651488192572652,0.10072410842881344,0.057519470995396935,0.09007389943509575,0.6646666666666667,0.03227065413598234,0.10585734955604532,29.48,0.09732267245215497,0.19124144964109568,51.15333333333333,0.07503143260406045,0.10925711678009636,68.41466666666666,0.003044552771794581,0.029846963694604274,0.33066666666666666,0.009001251564455571,0.10352526778716754,0.08933333333333335,0.09007389943509575,0.016045387148098292,0.368561431629313,0.4033333333333334,0.359,0.23933333333333331,0.07600000000000001,0.143,0.040333333333333346,0.10266666666666668,0.07133333333333335,0.06533333333333334,1.2040000000000002,0.029333333333333336,0.08133333333333331,35.74733333333333,0.11966666666666666,0.21800000000000003,55.11399999999999,0.07600000000000001,0.11499999999999999,64.512,0.016,0.045666666666666675,0.7706666666666667,0.014666666666666665,0.10033333333333336,0.15533333333333335,0.06533333333333334,0.010000000000000002,0.4723333333333333
67,77,2013-03-07,9,2,2012-2013,Paulistano,Mogi,0,0.3810359369270261,0.30302180218021807,0.202014534786812,0.0738084808480848,0.16006163949728308,0.06052571923859053,0.09953592025869255,0.05485905257192387,0.0633878054472114,0.9486666666666668,0.03507097376404307,0.09774487448744873,36.47066666666667,0.101007267393406,0.20802800280028003,48.72533333333333,0.0738084808480848,0.11823972397239725,62.065999999999995,0.010027102710271026,0.029545554555455555,0.506,0.009282894956162281,0.1044956495649565,0.09333333333333335,0.0633878054472114,0.013010201020102011,0.4147128379504617,0.3781481481481482,0.28044444444444444,0.18696296296296294,0.09374074074074075,0.14737037037037037,0.043259259259259254,0.10411111111111113,0.056962962962962965,0.06811111111111111,1.01,0.03248148148148148,0.0951111111111111,34.370666666666665,0.09348148148148147,0.20374074074074075,46.59866666666667,0.09374074074074075,0.1270370370370371,73.416,0.0019629629629629632,0.026777777777777782,0.4473333333333333,0.005666666666666666,0.11837037037037036,0.052000000000000005,0.06811111111111111,0.014185185185185186,0.38811111111111113
74,89,2013-03-09,10,2,2012-2013,Flamengo,Bauru Basket,0,0.4648392932623213,0.36241922394116155,0.24161281596077433,0.08909637331980726,0.17519274663961454,0.04604336799391327,0.12914937864570125,0.07742488798715023,0.05438151999323696,1.7340000000000002,0.04471003466057993,0.11476785865246429,38.999333333333325,0.12080640798038716,0.21355499196889002,56.976,0.08909637331980726,0.11712046664975909,75.81133333333334,0.007685941330628119,0.0343767013272466,0.6839999999999999,0.007357426663285146,0.09275822132048356,0.08066666666666668,0.05438151999323696,0.013999999999999997,0.5560031279059937,0.41201062038380093,0.3290098034312009,0.2193398689541339,0.06566830057186683,0.15500361793294323,0.044334383700962,0.1106692342319812,0.08066830057186683,0.05566783374180964,1.5273333333333332,0.04233415028593342,0.11300245085780024,37.37066666666666,0.10966993447706695,0.2020047850080862,54.70933333333333,0.06566830057186683,0.08566865069440972,77.08066666666666,0.009333566748361924,0.039667833741809634,0.7453333333333332,0.011000583537571487,0.0926691175244669,0.11800000000000004,0.05566783374180964,0.011666900081695263,0.49134687140499184
67,89,2013-03-09,10,2,2012-2013,Suzano,Uberlândia,0,0.36782207324965077,0.2889680173564649,0.1926453449043099,0.07536476593739377,0.14590565702120661,0.045181548592393185,0.10072410842881344,0.05651947099539694,0.09040723276842909,0.6546666666666667,0.03327065413598233,0.1068573495560453,30.404,0.09632267245215495,0.18957478297442906,51.09,0.07536476593739377,0.10725711678009636,69.94466666666668,0.003044552771794581,0.030846963694604282,0.3386666666666666,0.008334584897788903,0.10219193445383422,0.08333333333333334,0.09040723276842909,0.016378720481431627,0.368561431629313,0.40695958100743834,0.3171185969460677,0.21141239796404523,0.07615574436587531,0.1488581964781076,0.035573403874962314,0.11328479260314525,0.08314947037372797,0.06648641507540527,1.4006666666666667,0.039797146225839304,0.10151510897617261,39.75466666666667,0.10570619898202262,0.18985944740742955,55.96000000000001,0.07615574436587531,0.0946171261095483,79.716,0.014557375714213332,0.026351241783600328,0.4033333333333333,0.012115549353656335,0.10140218890965264,0.11866666666666667,0.06648641507540527,0.012454158733905329,0.4775305714792904
80,68,2013-03-09,10,2,2012-2013,Paulistano,Coop/São José Basketball,1,0.38636927026035933,0.305021802180218,0.20334786812014535,0.07680848084808481,0.16072830616394976,0.06119238590525719,0.09953592025869253,0.058192385905257195,0.0603878054472114,1.0493333333333335,0.03540430709737641,0.10141154115411541,36.16733333333333,0.10167393406007268,0.20636133613361338,49.46333333333334,0.07680848084808481,0.1219063906390639,63.08066666666666,0.010693769376937693,0.029212221222122223,0.5246666666666667,0.008616228289495617,0.10382898289828983,0.08733333333333333,0.0603878054472114,0.012676867686768678,0.4247128379504617,0.4090199464294771,0.31080336338813075,0.20720224225875386,0.07537365414343317,0.15575000201463898,0.03171323914181057,0.12403676287282846,0.09514618715748947,0.06462020322502962,1.5646666666666664,0.04214801667576335,0.1172614270974927,36.080666666666666,0.10360112112937693,0.18275830126497064,56.528666666666666,0.07537365414343317,0.09824763135810892,75.13133333333333,0.0020986414393399425,0.02930508777785023,0.4666666666666667,0.012145213914483846,0.10129247541425526,0.12333333333333335,0.06462020322502962,0.011926046178871757,0.49440168969045867
68,89,2013-03-09,10,2,2012-2013,Tijuca,L. Sorocabana,0,0.35764014205818634,0.2733728537768763,0.18224856918458418,0.07945265590121492,0.13183525537849947,0.029642854550930388,0.1021924008275691,0.052690609777003045,0.06015327336782637,0.8880000000000001,0.031979638990795686,0.09794064252565307,31.495333333333335,0.09112428459229209,0.1850190284397386,49.681999999999995,0.07945265590121492,0.11016362668742227,70.25399999999999,0.0030612140222130158,0.027044304119540685,0.4613333333333333,0.009124153597692022,0.09561076029885171,0.09600000000000003,0.06015327336782637,0.012741685115007574,0.3710671292957988,0.3998227053836859,0.3087046562303997,0.20580310415359987,0.07928347912054375,0.13771258106236958,0.04832198257584941,0.08939059848652019,0.05752042609771601,0.05894319187638873,1.0413333333333334,0.03824537403651409,0.11304652541311996,33.504,0.10290155207679993,0.19904614291049066,52.044,0.07928347912054375,0.10134556882081862,77.66866666666667,0.008081233900785315,0.040000006730251544,0.7106666666666666,0.006596172505948212,0.09503937231666026,0.07133333333333333,0.05894319187638873,0.013573654307971651,0.4253366120012575
86,96,2013-03-09,10,2,2012-2013,Joinville,Brasília,0,0.37152934346572153,0.32508892256207705,0.216725948374718,0.0773367139929705,0.1535957144962795,0.05723287369560848,0.09636284080067098,0.058541013928057356,0.07805590104841419,0.8713333333333332,0.025822227032677676,0.09169604074731631,27.240666666666666,0.108362974187359,0.22136760131962518,48.560666666666656,0.0773367139929705,0.1123135676848431,68.67933333333333,0.009692393314303155,0.04756580686887777,0.7013333333333333,0.01769279347436718,0.10518440089990862,0.17866666666666664,0.07805590104841419,0.021129166784934476,0.41311949712291884,0.4525908800913335,0.32204341694368893,0.21469561129579262,0.07711809542997214,0.1744439407676035,0.04974053927000436,0.12470340149759913,0.08697753601289414,0.05506648534300394,1.74,0.05359239112185623,0.13785124743964275,39.70333333333333,0.10734780564789631,0.1876957120311608,57.63866666666666,0.07711809542997214,0.09722161781001311,79.92333333333333,0.005333333333333333,0.04197763674826232,0.8146666666666668,0.012436956448742487,0.11425865484705013,0.10933333333333335,0.05506648534300394,0.011481380746113297,0.5602350827708942
87,77,2013-03-09,10,2,2012-2013,Palmeiras,Sesi Franca,1,0.37504545550829155,0.28067431829454514,0.1871162121963634,0.08181638183823384,0.15341149163678558,0.0523347336484086,0.10107675798837698,0.061557022543964814,0.06540870766246418,1.0926666666666667,0.03537095382456475,0.11140947448083142,31.483999999999998,0.0935581060981817,0.19548718270176602,47.82866666666666,0.08181638183823384,0.12037270421215666,67.83533333333334,0.008815131550664443,0.03722278899557872,0.6286666666666666,0.007925992599259926,0.10944697833124148,0.07600000000000003,0.06540870766246418,0.014370603752048126,0.40615705011361347,0.4013333333333333,0.35400000000000004,0.23600000000000004,0.07733333333333334,0.1413333333333333,0.043000000000000003,0.09833333333333333,0.07,0.06733333333333334,1.161333333333333,0.029333333333333336,0.08333333333333331,34.938,0.11800000000000002,0.21733333333333335,54.54333333333332,0.07733333333333334,0.11633333333333333,65.11533333333334,0.016333333333333335,0.045333333333333344,0.7486666666666667,0.01566666666666667,0.10033333333333336,0.16533333333333333,0.06733333333333334,0.009333333333333334,0.4623333333333334
118,82,2013-03-09,10,2,2012-2013,Pinheiros,Mogi,1,0.41866666666666663,0.293,0.1953333333333333,0.06433333333333334,0.13100000000000003,0.02766666666666667,0.10333333333333333,0.077,0.06000000000000001,1.34,0.053000000000000005,0.13533333333333333,39.532000000000004,0.09766666666666665,0.16099999999999998,60.516,0.06433333333333334,0.087,73.32333333333334,0.008333333333333333,0.029333333333333333,0.522,0.011000000000000003,0.09866666666666667,0.11800000000000004,0.06000000000000001,0.011333333333333336,0.4726666666666666,0.3731481481481481,0.2766262626262626,0.1844175084175084,0.08901346801346803,0.15009764309764312,0.04204713804713806,0.10805050505050509,0.05765993265993265,0.06859595959595959,1.016,0.033239057239057235,0.0932020202020202,35.72866666666666,0.0922087542087542,0.19852861952861953,47.11133333333333,0.08901346801346803,0.12182491582491585,72.81400000000001,0.0019629629629629632,0.0268989898989899,0.446,0.0059696969696969695,0.11700673400673402,0.05466666666666667,0.06859595959595959,0.013154882154882154,0.3920505050505051
90,72,2013-03-09,10,2,2012-2013,Limeira,Fortaleza B. C. / CFO,1,0.3873052350473868,0.2747393942032772,0.1831595961355181,0.06988615066060967,0.13504985413854662,0.037468988977283485,0.09758086516126314,0.07249236827718998,0.05643191922710363,1.335333333333334,0.04475316275041969,0.11329655800143892,39.45066666666666,0.09157979806775905,0.18250661991912484,50.407999999999994,0.06988615066060967,0.09492455427766962,73.28,0.006691513220141251,0.03306178291696645,0.636,0.010334000266773375,0.10798713751476412,0.09866666666666668,0.05643191922710363,0.013667066826730693,0.4370081711441053,0.40696694239917586,0.31754322334333235,0.2116954822288883,0.08390840226646064,0.15469608823440295,0.04506035814925916,0.10963573008514378,0.06536336090658425,0.053090688725267406,1.6726666666666667,0.03712101930127564,0.10469639123716026,35.67133333333333,0.10584774111444414,0.2064531406235797,52.058,0.08390840226646064,0.10869608823440295,77.22733333333333,0.003969669423991759,0.02918168045329213,0.7853333333333334,0.013303002757325093,0.10345374662909433,0.1306666666666667,0.053090688725267406,0.014757355391934068,0.4629969699724267
76,85,2013-03-14,11,2,2012-2013,Mogi,Espírito Santo,0,0.3718148148148149,0.2816262626262626,0.18775084175084172,0.08934680134680135,0.14943097643097641,0.04404713804713805,0.1053838383838384,0.05665993265993266,0.0725959595959596,0.9033333333333334,0.03157239057239057,0.0902020202020202,35.425333333333334,0.09387542087542086,0.20419528619528618,46.818,0.08934680134680135,0.12315824915824918,72.39733333333334,0.0019629629629629632,0.027565656565656568,0.4406666666666667,0.00496969696969697,0.11600673400673402,0.046000000000000006,0.0725959595959596,0.014488215488215488,0.3833838383838384,0.3862941016714811,0.2909240056292127,0.1939493370861418,0.08767859170925611,0.1559125743772066,0.04676502975088266,0.10914754462632396,0.04996274350048145,0.0668514677925092,0.8493333333333334,0.03488872429202775,0.11697466854307088,30.105333333333327,0.0969746685430709,0.1969741747524875,49.224,0.08767859170925611,0.11191306816779002,78.44466666666669,0.006654247833493816,0.03839493370861417,0.672,0.006074019208453696,0.10272777325136409,0.064,0.0668514677925092,0.017061600375280848,0.404763054588549
95,93,2013-03-14,11,2,2012-2013,Coop/São José Basketball,Minas,1,0.39668661309614367,0.3018033633881307,0.20120224225875383,0.07504032081009984,0.15175000201463898,0.03237990580847724,0.11937009620616178,0.0884795204908228,0.06462020322502962,1.4759999999999998,0.04014801667576335,0.11726142709749267,34.542,0.10060112112937691,0.181091634598304,55.48599999999999,0.07504032081009984,0.09858096469144227,74.482,0.001431974772673276,0.027971754444516893,0.44866666666666666,0.011478547247817184,0.09995914208092192,0.11933333333333335,0.06462020322502962,0.011259379512205092,0.46540168969045864,0.42063724860506857,0.3409620672883987,0.22730804485893244,0.09601179376741806,0.15434318748389916,0.0473319200055554,0.10701126747834376,0.061608741703797536,0.07271473166748058,0.9926666666666667,0.032439136659572716,0.09231762593974138,34.28066666666667,0.11365402242946622,0.20545908942286792,55.80999999999999,0.09601179376741806,0.1175938621435637,81.62866666666669,0.0037642686166183556,0.03725821217700019,0.5726666666666668,0.010295682368802898,0.10885148803031798,0.09733333333333334,0.07271473166748058,0.013125910431120694,0.47287069482863814
77,63,2013-03-14,11,2,2012-2013,Sesi Franca,Paulistano,1,0.3996666666666666,0.35700000000000004,0.23800000000000002,0.07666666666666667,0.13866666666666663,0.04300000000000001,0.09566666666666666,0.07233333333333335,0.06700000000000002,1.1853333333333331,0.028333333333333335,0.08299999999999999,33.77133333333334,0.11900000000000001,0.21866666666666668,54.66533333333333,0.07666666666666667,0.116,64.74666666666667,0.016666666666666666,0.04766666666666667,0.7713333333333334,0.01633333333333333,0.10133333333333336,0.16999999999999998,0.06700000000000002,0.010333333333333332,0.4636666666666666,0.38770260359369274,0.304021802180218,0.2026812014534787,0.07580848084808481,0.15606163949728308,0.055859052571923855,0.1002025869253592,0.06119238590525719,0.0603878054472114,1.1093333333333333,0.0364043070973764,0.10074487448744876,37.176,0.10134060072673935,0.20136133613361337,50.251333333333335,0.07580848084808481,0.1199063906390639,63.37533333333333,0.01136043604360436,0.030878887888788887,0.558,0.008282894956162282,0.10216231623162315,0.08600000000000002,0.0603878054472114,0.012676867686768678,0.432046171283795
114,91,2013-03-14,11,2,2012-2013,Bauru Basket,Joinville,1,0.41334395371713434,0.32800980343120084,0.21867320228746726,0.06466830057186682,0.15400361793294326,0.043334383700962015,0.1106692342319812,0.07900163390520015,0.05600116707514297,1.478,0.04333415028593342,0.11300245085780022,38.203999999999986,0.10933660114373363,0.20267145167475284,54.384,0.06466830057186682,0.08600198402774305,75.46933333333332,0.010000233415028592,0.03900116707514297,0.7206666666666667,0.010667250204238152,0.09233578419113356,0.11400000000000003,0.05600116707514297,0.011666900081695263,0.48868020473832513,0.37151787221055277,0.3310805192007325,0.22072034613382163,0.07633444641927435,0.15259171289563925,0.05689820649539507,0.09569350640024415,0.0582058131810919,0.07438589971454732,0.8959999999999998,0.0248210265524856,0.09402683973357749,25.62133333333333,0.11036017306691082,0.22269573257212621,49.15666666666666,0.07633444641927435,0.10997649952424553,69.07666666666665,0.01135905998096982,0.04856487316206172,0.73,0.016692393314303153,0.1058478662860631,0.16999999999999998,0.07438589971454732,0.021461966571515778,0.41310735893430994
81,79,2013-03-14,11,2,2012-2013,L. Sorocabana,Limeira,1,0.39838503850750784,0.29859409709023504,0.19906273139349004,0.0805950530960577,0.1370142100686866,0.046978332336131454,0.09003587773255516,0.05416461873264911,0.05725920476443728,1.0126666666666666,0.039575751339320044,0.11603766218828136,33.74666666666666,0.09953136569674502,0.19699416697440578,51.01800000000001,0.0805950530960577,0.10264940024980056,77.87733333333333,0.00640609541344187,0.03731491840696764,0.6886666666666665,0.006259153867942723,0.09468465642943878,0.068,0.05725920476443728,0.014574755519304117,0.41652877821199874,0.3899719017140535,0.27273939420327714,0.18182626280218478,0.06688615066060968,0.13704985413854665,0.038802322310616824,0.09824753182792981,0.0738257016105233,0.055765252560436955,1.3700000000000003,0.04708649608375302,0.11462989133477226,40.826,0.09091313140109239,0.1828399532524582,49.972,0.06688615066060968,0.09159122094433629,71.99133333333334,0.007691513220141251,0.033061782916966445,0.642,0.010334000266773375,0.10765380418143078,0.09866666666666668,0.055765252560436955,0.014667066826730692,0.44467483781077194
99,81,2013-03-14,11,2,2012-2013,Brasília,Palmeiras,1,0.4539242134246668,0.3200434169436889,0.21336227796245932,0.07978476209663879,0.17344394076760353,0.04807387260333771,0.1253700681642658,0.0866442026795608,0.0577331520096706,1.652666666666667,0.05359239112185623,0.1341845807729761,40.66333333333334,0.10668113898122966,0.18569571203116078,57.976000000000006,0.07978476209663879,0.1022216178100131,78.61933333333334,0.005666666666666667,0.039310970081595654,0.7433333333333334,0.013103623115409154,0.11425865484705011,0.11533333333333333,0.0577331520096706,0.011481380746113294,0.5605684161042276,0.37971212217495814,0.2826743182945452,0.18844954552969675,0.08414971517156716,0.15541149163678558,0.052001400315075275,0.10341009132171033,0.06222368921063149,0.06974204099579749,1.0573333333333335,0.03570428715789809,0.1100761411474981,32.31733333333333,0.09422477276484838,0.19782051603509934,47.506,0.08414971517156716,0.12103937087882333,69.53333333333333,0.009148464883997778,0.03822278899557873,0.6133333333333333,0.007925992599259928,0.10744697833124149,0.07666666666666667,0.06974204099579749,0.015703937085381457,0.41149038344694683
94,82,2013-03-16,12,2,2012-2013,Brasília,Suzano,1,0.4569522872874502,0.32306213285221114,0.21537475523480745,0.07778844856346895,0.17611968181415974,0.049076424772681655,0.1270432570414781,0.08531625725928689,0.05706903751234787,1.654,0.05459636116305792,0.1365264213374559,40.586000000000006,0.10768737761740373,0.1853723038008317,58.647999999999996,0.07778844856346895,0.10122643857432942,77.38400000000001,0.005666666666666667,0.03764628843552983,0.7226666666666666,0.012771140505190468,0.114597943242186,0.11133333333333335,0.05706903751234787,0.010481380746113293,0.5626030121775565,0.36907780874222834,0.2846805679637523,0.18978704530916823,0.07609216134899972,0.1471155085731634,0.04531042848443097,0.10180508008873246,0.05775698786449276,0.09108671994791626,0.6613333333333333,0.034399534028020116,0.10906720110800211,30.670666666666666,0.09489352265458412,0.1915801810850903,49.87133333333333,0.07609216134899972,0.10886845281248501,69.81333333333333,0.0023778861051279147,0.02971066140040725,0.32666666666666677,0.00851137302194545,0.10469463350916487,0.08200000000000003,0.09108671994791626,0.016820690791822985,0.3665519849356557
83,82,2013-03-16,12,2,2012-2013,Bauru Basket,Limeira,1,0.4210000000000001,0.32799999999999996,0.21866666666666668,0.06633333333333333,0.15533333333333335,0.04400000000000001,0.11133333333333335,0.08099999999999999,0.056000000000000015,1.5179999999999998,0.04533333333333333,0.11666666666666665,38.690666666666665,0.10933333333333334,0.20233333333333337,54.498000000000005,0.06633333333333333,0.08700000000000001,76.31266666666667,0.01,0.03800000000000001,0.7006666666666668,0.009333333333333334,0.09299999999999999,0.10066666666666668,0.056000000000000015,0.011666666666666669,0.49599999999999994,0.38897190171405355,0.27773939420327715,0.1851595961355181,0.06455281732727634,0.13738318747187997,0.03980232231061683,0.09758086516126314,0.07282570161052332,0.05443191922710362,1.378666666666667,0.04641982941708635,0.11329655800143891,40.734666666666676,0.09257979806775905,0.18717328658579152,49.629333333333335,0.06455281732727634,0.08925788761100292,71.52,0.008024846553474584,0.032395116250299776,0.6439999999999999,0.010334000266773375,0.10798713751476413,0.09866666666666668,0.05443191922710362,0.01333373349339736,0.4403415044774386
106,87,2013-03-16,12,2,2012-2013,Coop/São José Basketball,Espírito Santo,1,0.3924366532937962,0.29544043258328967,0.19696028838885984,0.0752148962148962,0.14981458224315367,0.03356509099366242,0.11624949124949127,0.09124594453165882,0.06312773998488283,1.5546666666666664,0.04008715623001337,0.11414082214082215,35.412000000000006,0.09848014419442992,0.17968794697366128,54.80199999999999,0.0752148962148962,0.10010134310134312,73.44533333333334,0.001,0.027750276178847608,0.46066666666666667,0.011935461364032793,0.09387557416128844,0.132,0.06312773998488283,0.01039542996685854,0.4651891389034246,0.38596076833814785,0.2929240056292127,0.19528267041947514,0.08801192504258945,0.15557924104387327,0.04643169641754932,0.10914754462632396,0.04896274350048145,0.06585146779250921,0.8466666666666668,0.03422205762536109,0.11430800187640422,30.12399999999999,0.09764133520973757,0.19764084141915414,49.382666666666665,0.08801192504258945,0.11257973483445669,78.23066666666666,0.005987581166827149,0.03606160037528085,0.6473333333333334,0.006074019208453696,0.10072777325136409,0.06533333333333333,0.06585146779250921,0.017061600375280848,0.4037630545885491
85,83,2013-03-16,12,2,2012-2013,Fortaleza B. C. / CFO,Palmeiras,1,0.3993002757325092,0.3105432233433324,0.20702881556222166,0.08690840226646063,0.15736275490106963,0.04672702481592583,0.11063573008514378,0.061363360906584244,0.056757355391934064,1.4826666666666666,0.03512101930127564,0.10536305790382693,33.769999999999996,0.10351440778111083,0.20445314062357972,51.356,0.08690840226646063,0.11169608823440291,77.704,0.004636336090658426,0.02851501378662546,0.7193333333333334,0.014636336090658428,0.10178707996242765,0.15200000000000002,0.056757355391934064,0.015424022058600736,0.44866363663909337,0.38437878884162485,0.28867431829454515,0.19244954552969679,0.08381638183823384,0.15541149163678564,0.05200140031507527,0.10341009132171033,0.06289035587729816,0.06807537432913086,1.098666666666667,0.03603762049123142,0.11007614114749811,32.668,0.09622477276484839,0.2001538493684327,47.94066666666666,0.08381638183823384,0.12170603754548999,68.89133333333334,0.010148464883997777,0.03822278899557874,0.6266666666666667,0.007925992599259928,0.10778031166457483,0.07600000000000001,0.06807537432913086,0.015037270418714792,0.4178237167802801
93,86,2013-03-16,12,2,2012-2013,L. Sorocabana,Joinville,1,0.39481044704730756,0.29091091311553824,0.1939406087436921,0.07930547305740017,0.13541695123895545,0.04611257939288774,0.08930437184606771,0.053965532456072066,0.05778108141177518,0.994,0.04052145508207176,0.11674808214962383,34.602000000000004,0.09697030437184605,0.19412542685843318,50.68066666666667,0.07930547305740017,0.09886359810606482,79.38866666666667,0.00533370040377749,0.037557757978220495,0.6866666666666666,0.005556289696443865,0.09371031097169848,0.05999999999999999,0.05778108141177518,0.01555665676688802,0.41170080421797306,0.3795178722105528,0.3440805192007325,0.2293870128004883,0.07866777975260769,0.1519250462289726,0.055231539828728395,0.09669350640024416,0.058539146514425246,0.07138589971454733,0.9313333333333331,0.023821026552485598,0.09136017306691083,25.25533333333333,0.11469350640024414,0.22536239923879287,50.474000000000004,0.07866777975260769,0.11264316619091219,69.37199999999999,0.012025726647636488,0.048898206495395065,0.7526666666666667,0.017025726647636488,0.1048478662860631,0.17466666666666664,0.07138589971454733,0.021461966571515775,0.4277740256009767
75,66,2013-03-16,12,2,2012-2013,Mogi,Minas,1,0.3748148148148148,0.2866262626262626,0.1910841750841751,0.08801346801346803,0.15276430976430977,0.044047138047138064,0.10871717171717174,0.05965993265993265,0.07492929292929294,0.9153333333333334,0.03190572390572391,0.09020202020202021,35.727999999999994,0.09554208754208755,0.20419528619528618,47.63066666666667,0.08801346801346803,0.1214915824915825,72.16333333333334,0.0016296296296296297,0.027232323232323233,0.4293333333333334,0.006636363636363636,0.11700673400673403,0.06133333333333334,0.07492929292929294,0.016154882154882155,0.39538383838383845,0.4195309765038216,0.33727250838275935,0.22484833892183959,0.09405981163453142,0.15391884354196728,0.04917818838448709,0.10474065515748017,0.06418458387762967,0.07052749920889134,1.034,0.033540941982483564,0.09369339366726792,34.884,0.11242416946091979,0.20539208774782602,55.21733333333332,0.09405981163453142,0.11519371325095247,81.90666666666667,0.004356861209210948,0.03605813773069458,0.5686666666666667,0.01088827496139549,0.1068846166363109,0.10400000000000002,0.07052749920889134,0.012449937976253767,0.4733828854111805
86,75,2013-03-16,12,2,2012-2013,Uberlândia,Paulistano,1,0.40729291434077175,0.32411859694606776,0.21607906463071191,0.06982241103254197,0.15185819647810758,0.034906737208295645,0.11695145926981194,0.08314947037372797,0.06415308174207196,1.4526666666666666,0.040463812892505974,0.10118177564283927,40.632,0.10803953231535596,0.1925261140740962,56.36133333333333,0.06982241103254197,0.08895045944288163,78.39933333333335,0.015224042380879998,0.026351241783600324,0.4199999999999999,0.013448882686989667,0.10240218890965264,0.13,0.06415308174207196,0.012120825400571996,0.48486390481262376,0.38757935429397283,0.3084299654455241,0.20561997696368278,0.07334309469362303,0.1530648407777953,0.05305953276400068,0.10000530801379458,0.06299430667356451,0.061323379676903274,1.1239999999999999,0.036205427545555675,0.10288172922934549,36.297333333333334,0.10280998848184139,0.20189995157979182,50.87866666666666,0.07334309469362303,0.11597481801001228,63.690666666666665,0.010693769376937695,0.03268000833696816,0.5773333333333334,0.009550201878931389,0.10303186405075081,0.09733333333333334,0.061323379676903274,0.011343534353435348,0.4301226018560239
77,82,2013-03-19,14,2,2012-2013,Paulistano,Brasília,0,0.3902485212106646,0.3084318656355431,0.20562124375702875,0.07401019473696069,0.15406607423447424,0.05205979945733669,0.10200627477713756,0.06532817339356983,0.06299064640357595,1.1373333333333333,0.03687236090555834,0.10254896261935116,37.21266666666667,0.10281062187851438,0.20090131838313885,51.089333333333336,0.07401019473696069,0.1159755180800193,64.32533333333332,0.012027236056939028,0.03334687502363683,0.5786666666666667,0.00855020187893139,0.10369926412409149,0.08733333333333333,0.06299064640357595,0.010343634363436346,0.4351255354827199,0.4561762220109315,0.3217964936862999,0.21453099579086668,0.07218887165201533,0.17834240771322288,0.048298848465640254,0.13004355924758265,0.0877831656908372,0.05933588550267728,1.648,0.05648545152268317,0.13752702574966502,41.42733333333333,0.10726549789543334,0.18475066584374492,58.610666666666674,0.07218887165201533,0.09322704298653857,77.38400000000001,0.006666666666666667,0.03833531835393418,0.7100000000000001,0.012926776649040574,0.10893188098772845,0.12200000000000001,0.05933588550267728,0.009925925925925925,0.5656271886659215
60,93,2013-03-19,13,2,2012-2013,Mogi,Coop/São José Basketball,0,0.3721481481481482,0.2846262626262626,0.18975084175084175,0.08868013468013469,0.1530976430976431,0.04304713804713805,0.11005050505050505,0.06032659932659932,0.0755959595959596,0.8846666666666667,0.031239057239057243,0.0882020202020202,35.727999999999994,0.09487542087542088,0.20152861952861953,47.84666666666667,0.08868013468013469,0.1214915824915825,72.71933333333331,0.0016296296296296297,0.02656565656565657,0.38733333333333336,0.0063030303030303025,0.11534006734006734,0.059333333333333335,0.0755959595959596,0.016821548821548817,0.3960505050505051,0.39876998662712954,0.2994404325832897,0.19962695505552652,0.07688156288156286,0.15181458224315367,0.034231757660329085,0.11758282458282461,0.09224594453165881,0.06479440665154951,1.522,0.04075382289668004,0.1158074888074888,35.345333333333336,0.09981347752776326,0.18168794697366128,54.75533333333332,0.07688156288156286,0.0997680097680098,75.77400000000002,0.0016666666666666668,0.027083609512180938,0.438,0.011935461364032791,0.09520890749462178,0.12933333333333336,0.06479440665154951,0.011062096633525207,0.4711891389034246
72,99,2013-03-21,13,2,2012-2013,Joinville,Flamengo,0,0.3818512055438861,0.3370805192007325,0.22472034613382164,0.0816677797526077,0.14892504622897254,0.05456487316206173,0.09436017306691084,0.05853914651442524,0.07338589971454731,0.9053333333333333,0.02515435988581893,0.09102683973357747,26.81466666666666,0.11236017306691082,0.2226957325721262,50.14200000000001,0.0816677797526077,0.1186431661909122,68.372,0.012692393314303156,0.047898206495395064,0.728,0.01635905998096982,0.1058478662860631,0.16533333333333333,0.07338589971454731,0.02112863323818244,0.42510735893431006,0.4539999999999999,0.356,0.23733333333333334,0.08566666666666668,0.1736666666666667,0.04700000000000001,0.12666666666666665,0.074,0.056666666666666664,1.6426666666666667,0.043666666666666666,0.11333333333333333,38.49466666666667,0.11866666666666667,0.21366666666666664,56.035999999999994,0.08566666666666668,0.11299999999999999,75.606,0.006666666666666668,0.03233333333333333,0.6359999999999999,0.006333333333333332,0.09133333333333332,0.07200000000000001,0.056666666666666664,0.014333333333333332,0.5333333333333333
87,82,2013-03-21,13,2,2012-2013,Suzano,Bauru Basket,1,0.38174447540889495,0.2936805679637523,0.19578704530916818,0.07675882801566639,0.14644884190649676,0.044643761817764305,0.10180508008873246,0.05909032119782609,0.0887533866145829,0.6926666666666665,0.03639953402802012,0.11073386777466879,32.168,0.09789352265458409,0.19724684775175697,50.05533333333332,0.07675882801566639,0.10853511947915168,71.37933333333332,0.0027112194384612477,0.03171066140040724,0.36800000000000005,0.009178039688612114,0.10369463350916487,0.09399999999999999,0.0887533866145829,0.015487357458489658,0.38121865160232243,0.4243333333333334,0.331,0.22066666666666668,0.06966666666666668,0.15433333333333332,0.04166666666666667,0.11266666666666666,0.08066666666666668,0.056333333333333346,1.5059999999999998,0.04466666666666666,0.11199999999999997,40.193999999999996,0.11033333333333334,0.20333333333333334,54.73066666666667,0.06966666666666668,0.09100000000000001,76.59066666666668,0.009666666666666665,0.038000000000000006,0.696,0.009333333333333334,0.09033333333333332,0.10066666666666668,0.056333333333333346,0.012333333333333335,0.5023333333333333
84,81,2013-03-21,17,2,2012-2013,Pinheiros,Tijuca,1,0.42499999999999993,0.296,0.1973333333333333,0.06666666666666668,0.13033333333333333,0.02800000000000001,0.10233333333333335,0.07766666666666668,0.05933333333333334,1.358,0.053666666666666675,0.13500000000000004,40.178,0.09866666666666665,0.16066666666666665,61.24133333333332,0.06666666666666668,0.089,73.81066666666668,0.007000000000000001,0.02966666666666667,0.528,0.010333333333333333,0.102,0.10733333333333335,0.05933333333333334,0.011666666666666667,0.48199999999999993,0.35464014205818634,0.2743728537768763,0.18291523585125086,0.07678598923454824,0.13450192204516614,0.030309521217597057,0.1041924008275691,0.05169060977700305,0.06015327336782637,0.8679999999999999,0.03164630565746236,0.09660730919231972,31.510666666666665,0.09145761792562543,0.18635236177307193,49.44266666666666,0.07678598923454824,0.10649696002075562,70.55733333333333,0.0037278806888796827,0.02671097078620736,0.4546666666666666,0.009124153597692022,0.09661076029885171,0.09533333333333335,0.06015327336782637,0.013741685115007573,0.3704004626291322
85,77,2013-03-21,13,2,2012-2013,Palmeiras,L. Sorocabana,1,0.38063804810088414,0.28211876273898967,0.1880791751593264,0.08311267813453013,0.15259667682197078,0.04974214105581601,0.10285453576615476,0.05996442995137223,0.06618648544024196,1.0859999999999999,0.03648206493567586,0.10933540040675735,33.33466666666667,0.0940395875796632,0.19922792344250678,47.215999999999994,0.08311267813453013,0.12011344495289739,69.26666666666667,0.009778094513627409,0.03911167788446763,0.7113333333333334,0.007592659265926593,0.10318771907198224,0.07333333333333333,0.06618648544024196,0.01466690004834442,0.4103422352987987,0.39579739729839797,0.28872011918341084,0.1924800794556072,0.07419928528697843,0.13274347298564088,0.04524034877202551,0.08750312421361536,0.05617848142130168,0.05827057731961026,1.0246666666666666,0.04303934418527077,0.11911719368935518,35.93533333333333,0.0962400397278036,0.19372168396107614,50.437333333333335,0.07419928528697843,0.09380000012868901,78.90733333333334,0.00536209359914144,0.04046576680548073,0.7300000000000001,0.006613076087171767,0.09573189258041453,0.06733333333333333,0.05827057731961026,0.01455665676688802,0.4145247803079138
79,86,2013-03-21,13,2,2012-2013,Paulistano,Fortaleza B. C. / CFO,0,0.3905818545439979,0.3064318656355432,0.20428791042369546,0.07367686140362736,0.15473274090114095,0.05205979945733669,0.10267294144380422,0.06232817339356985,0.06465731307024261,1.0959999999999999,0.03753902757222501,0.10354896261935116,37.526666666666664,0.10214395521184773,0.20323465171647218,50.02733333333334,0.07367686140362736,0.1149755180800193,64.64399999999999,0.011027236056939027,0.03468020835697016,0.5866666666666666,0.009550201878931389,0.10603259745742483,0.09266666666666666,0.06465731307024261,0.011676967696769678,0.43179220214938663,0.3964854609176944,0.3133210011211102,0.2088806674140735,0.0866861800442384,0.1529183104566252,0.04357887666777768,0.1093394337888475,0.06373373127695461,0.058831429466008146,1.4866666666666666,0.03363953781979416,0.10217787271864173,33.25066666666666,0.10444033370703674,0.20445314062357972,51.818666666666665,0.0866861800442384,0.11065905119736591,78.30066666666667,0.004895595349917684,0.02951501378662546,0.7146666666666667,0.016080780535102875,0.10189819107353877,0.16533333333333336,0.058831429466008146,0.0140906887252674,0.44544141441687113
67,90,2013-03-21,13,2,2012-2013,Minas,Uberlândia,0,0.41286430983715494,0.3262725083827593,0.21751500558850628,0.09272647830119808,0.15858551020863396,0.05051152171782044,0.10807398849081352,0.066517917210963,0.06752749920889133,1.1433333333333333,0.03420760864915024,0.0933600603339346,35.645999999999994,0.10875750279425314,0.20572542108115935,53.215999999999994,0.09272647830119808,0.11652704658428582,79.19333333333334,0.004356861209210948,0.03505813773069458,0.5719999999999998,0.011221608294728824,0.10855128330297757,0.10666666666666669,0.06752749920889133,0.012116604642920433,0.47271621874451386,0.41162624767410505,0.3211185969460677,0.21407906463071186,0.07215574436587531,0.14919152981144093,0.03424007054162898,0.11495145926981194,0.08381613704039464,0.060819748408738626,1.5193333333333332,0.041797146225839306,0.10251510897617262,41.31933333333334,0.10703953231535593,0.1925261140740962,55.716,0.07215574436587531,0.09161712610954832,78.78866666666667,0.015224042380879998,0.02635124178360033,0.44333333333333325,0.014115549353656333,0.1040688555763193,0.13466666666666666,0.060819748408738626,0.011787492067238663,0.48986390481262376
75,80,2013-03-23,14,2,2012-2013,Limeira,Flamengo,0,0.38930523504738684,0.27873939420327715,0.18582626280218478,0.06121948399394301,0.13904985413854662,0.040802322310616826,0.09824753182792981,0.07349236827718998,0.05609858589377029,1.3506666666666665,0.047419829417086355,0.11662989133477224,40.40133333333333,0.09291313140109239,0.1851732865857915,50.45333333333333,0.06121948399394301,0.0859245542776696,69.83933333333334,0.008358179886807917,0.03172844958363311,0.6106666666666666,0.010000666933440042,0.10798713751476412,0.09600000000000002,0.05609858589377029,0.014000400160064026,0.4400081711441054,0.4516831749207937,0.3340030015007504,0.24001067200266799,0.08266950141737535,0.1716716691679173,0.049335000833750205,0.12233666833416708,0.07200216775054194,0.05700150075037518,1.5799999999999998,0.043001000500250124,0.11266966816741704,38.05,0.12000533600133399,0.21367450391862597,56.604000000000006,0.08266950141737535,0.11033716858429216,74.94200000000001,0.007667333666833417,0.033001834250458564,0.6419999999999999,0.007000500250125062,0.09133650158412539,0.07933333333333333,0.05700150075037518,0.014666833416708352,0.5273523428380856
74,73,2013-03-23,14,2,2012-2013,Joinville,Tijuca,1,0.38018813941730045,0.32708126931324943,0.22938921313053778,0.080335096516789,0.14559311310567075,0.054898806585408556,0.09069430652026218,0.0568729299152687,0.07572008317539979,0.8473333333333333,0.023487943256657883,0.08902753983859323,25.86199999999999,0.11469460656526889,0.22436459956884233,50.91133333333334,0.080335096516789,0.11831078300010024,67.26666666666665,0.013025876670139862,0.04856517320706848,0.7246666666666665,0.016359260010974323,0.10684901645858896,0.1633333333333333,0.07572008317539979,0.020795449927352487,0.4144439427552165,0.3594756337270184,0.2610413240308109,0.18390015477241542,0.07858074486197374,0.13832283126778272,0.03327308714913606,0.10504974411864663,0.05266660716828479,0.05844159808291127,0.9153333333333333,0.032331578030876405,0.0990428419055827,31.41,0.09195007738620771,0.18533488039145365,49.82666666666667,0.07858074486197374,0.10706357829396548,72.30066666666667,0.0037130489263541605,0.0262422646180334,0.4613333333333333,0.009094490072640977,0.09752743064003136,0.09400000000000004,0.05844159808291127,0.01410656894550288,0.37947215287129554
89,83,2013-03-23,14,2,2012-2013,Palmeiras,Bauru Basket,1,0.38329829649631625,0.2621130113011301,0.19140867420075344,0.08444467780111345,0.15059342600926762,0.047740974097409745,0.10285245191185785,0.058963262992965955,0.06751898523185652,1.0453333333333332,0.03581498149814981,0.10966740007334065,32.428000000000004,0.09570433710037672,0.19522358902556922,48.934,0.08444467780111345,0.12477827782778278,68.122,0.010444511117778443,0.03977801113444678,0.7133333333333333,0.008925992599259925,0.10218571857185718,0.08600000000000001,0.06751898523185652,0.014000066673334002,0.40933506684001736,0.42943620934489896,0.3212122876353744,0.22714431384625916,0.06807960786326542,0.15428305018049923,0.04208845318140601,0.11219459699909325,0.08214152509024962,0.055395250560317556,1.5786666666666667,0.04473742921179147,0.11488779962018167,39.18999999999999,0.11357215692312958,0.20306470598299375,56.17733333333334,0.06807960786326542,0.09045716778730177,75.04333333333334,0.009351023969614534,0.03838640524217695,0.72,0.009351023969614536,0.09217690636281202,0.0986666666666667,0.055395250560317556,0.011675511984807268,0.508182483874831
87,69,2013-03-23,14,2,2012-2013,Pinheiros,Fortaleza B. C. / CFO,1,0.4246666666666667,0.28400000000000003,0.1953333333333333,0.06733333333333334,0.134,0.029333333333333343,0.10466666666666667,0.07866666666666668,0.05966666666666667,1.3659999999999999,0.05400000000000001,0.1366666666666667,39.797999999999995,0.09766666666666665,0.16033333333333333,60.786666666666655,0.06733333333333334,0.08899999999999998,74.41666666666669,0.008,0.030333333333333337,0.5413333333333334,0.01,0.10300000000000001,0.10333333333333336,0.05966666666666667,0.012000000000000002,0.48199999999999993,0.39948546091769427,0.30232100112111016,0.21021400074740682,0.08535284671090507,0.14991831045662515,0.04191221000111101,0.10800610045551416,0.06540039794362128,0.057164762799341476,1.5319999999999998,0.03463953781979416,0.10317787271864173,33.85933333333333,0.10510700037370341,0.2041198072902464,52.22133333333332,0.08535284671090507,0.10832571786403257,78.90533333333335,0.004562262016584352,0.033181680453292124,0.7806666666666666,0.01574744720176954,0.10456485774020544,0.162,0.057164762799341476,0.013424022058600734,0.4511080810835379
58,60,2013-03-23,14,2,2012-2013,Minas,Sesi Franca,0,0.40987212924061284,0.31127425899547373,0.21618587372568757,0.08906167895476015,0.15858889472654855,0.05251315562302059,0.10607573910352798,0.06718610107531552,0.06919650002584393,1.1380000000000001,0.034874858853388375,0.09369537769501096,36.35666666666666,0.10809293686284378,0.20339687275591214,53.36466666666666,0.08906167895476015,0.11352949744208606,78.27266666666668,0.004356977916725245,0.03505883797578036,0.5653333333333335,0.010555175043090753,0.10521981728987297,0.10533333333333333,0.06919650002584393,0.012116954765463322,0.4673895377394955,0.39333333333333326,0.357,0.23800000000000002,0.07233333333333333,0.13766666666666666,0.044000000000000004,0.09366666666666666,0.07333333333333333,0.06733333333333333,1.1926666666666665,0.02766666666666667,0.08233333333333333,33.31666666666667,0.11900000000000001,0.22033333333333335,54.202666666666666,0.07233333333333333,0.10833333333333335,66.302,0.017333333333333333,0.04833333333333334,0.7766666666666668,0.016,0.10133333333333334,0.16533333333333333,0.06733333333333333,0.011333333333333332,0.45666666666666667
79,90,2013-03-23,14,2,2012-2013,Suzano,L. Sorocabana,0,0.3826257813832743,0.27674008502530995,0.19449339001687332,0.07773573917464308,0.14689111980393846,0.04446555073058598,0.1024255690733525,0.06257877677731444,0.08835241166843168,0.7746666666666666,0.036798884063919304,0.10955403177723842,33.025333333333336,0.09724669500843666,0.19735416740561332,49.69799999999999,0.07773573917464308,0.10928926677915546,71.98266666666665,0.0026666666666666666,0.03153245031322892,0.36800000000000005,0.009178039688612114,0.10118146417840117,0.09399999999999999,0.08835241166843168,0.015776138020028408,0.38503394087413584,0.39301961952062026,0.2778312302945219,0.19588748686301463,0.07356965565734881,0.13400273224490014,0.0451292376609144,0.08887349458398573,0.052882185125005386,0.05949279954183247,0.9673333333333332,0.04118749233341892,0.11737645294861444,34.821333333333335,0.09794374343150732,0.1962772395166317,50.68066666666667,0.07356965565734881,0.09594814827683716,76.99600000000001,0.00536209359914144,0.04057687791659185,0.7200000000000002,0.006057520531616212,0.09702818887671083,0.062000000000000006,0.05949279954183247,0.014667767877999132,0.4025247803079138
66,84,2013-03-23,14,2,2012-2013,Espírito Santo,Uberlândia,0,0.3936274350048145,0.2989240056292127,0.19928267041947512,0.0906785917092561,0.15491257437720662,0.04643169641754933,0.1084808779596573,0.04996274350048145,0.06485146779250921,0.8833333333333334,0.03455539095869442,0.11130800187640423,31.111333333333327,0.09964133520973756,0.20297417475248747,49.16466666666667,0.0906785917092561,0.1155797348344567,78.34666666666665,0.005654247833493816,0.03439493370861418,0.6353333333333334,0.006074019208453696,0.10006110658469744,0.06599999999999999,0.06485146779250921,0.016061600375280847,0.4100963879218824,0.4146262476741051,0.30911859694606775,0.2167457312973785,0.07248907769920863,0.14452486314477428,0.03224007054162898,0.11228479260314529,0.08914947037372796,0.062153081742071965,1.5766666666666667,0.04179714622583931,0.10184844230950597,41.562000000000005,0.10837286564868925,0.19052611407409623,56.98599999999999,0.07248907769920863,0.08895045944288164,80.74133333333334,0.01655737571421333,0.029017908450266996,0.4779999999999999,0.014782216020323001,0.10306885557631928,0.14533333333333334,0.062153081742071965,0.012787492067238662,0.4985305714792904
64,87,2013-03-25,13,2,2012-2013,Espírito Santo,Sesi Franca,0,0.38734039889565186,0.28293031888705417,0.20064546562273528,0.08902244713899186,0.15726765337643833,0.044769940062537136,0.11249771331390121,0.049303793037843234,0.060522343297736855,0.9600000000000001,0.03255749537797491,0.10798659358566033,30.065999999999992,0.10032273281136764,0.20433907437502813,49.18666666666666,0.08902244713899186,0.1142590280168063,77.84133333333332,0.006323018919440971,0.031728968515041006,0.6153333333333334,0.005742088821307354,0.09640285759515271,0.06866666666666667,0.060522343297736855,0.01339493370861418,0.40380794886653276,0.3873333333333333,0.3309999999999999,0.2326666666666667,0.07066666666666667,0.14,0.043666666666666666,0.09633333333333335,0.07266666666666667,0.06899999999999999,1.164,0.028000000000000004,0.08399999999999999,33.31666666666667,0.11633333333333334,0.21933333333333332,53.37933333333333,0.07066666666666667,0.10633333333333335,66.11666666666666,0.017,0.048666666666666664,0.76,0.018333333333333333,0.1016666666666667,0.194,0.06899999999999999,0.011333333333333332,0.4486666666666666
67,62,2013-03-25,16,2,2012-2013,Bauru Basket,Pinheiros,1,0.42876954267823236,0.3052122876353744,0.22514431384625916,0.06941294119659876,0.1559497168471659,0.043755119848072684,0.11219459699909323,0.08247485842358296,0.052728583893650885,1.7233333333333334,0.044737429211791475,0.11488779962018165,39.190000000000005,0.11257215692312958,0.20739803931632708,54.541333333333334,0.06941294119659876,0.09312383445396842,74.40533333333335,0.009351023969614536,0.03705307190884362,0.7326666666666666,0.008684357302947868,0.09351023969614536,0.09066666666666667,0.052728583893650885,0.010675511984807267,0.5015158172081643,0.4218808551131236,0.27584397302751396,0.19580236583485092,0.06623451625075881,0.1331825072599301,0.02897399550458566,0.10420851175534446,0.08255224688684354,0.058614657675837976,1.4613333333333334,0.05328132434250464,0.1372085117553445,38.93933333333334,0.09790118291742546,0.15984917392659675,61.154666666666664,0.06623451625075881,0.086880379321094,74.86666666666666,0.008656264868500928,0.03064066217125232,0.554,0.010322931535167593,0.10057825138225789,0.10866666666666666,0.058614657675837976,0.011661465767583796,0.4814435037981329
73,78,2013-03-26,16,2,2012-2013,L. Sorocabana,Paulistano,0,0.39801961952062026,0.2708312302945219,0.19988748686301464,0.0745696556573488,0.1323360655782335,0.0421292376609144,0.09020682791731907,0.05388218512500539,0.060826132875165806,0.9586666666666666,0.041187492333418924,0.11537645294861446,35.45666666666667,0.09994374343150732,0.19194390618329835,53.08866666666667,0.0745696556573488,0.09461481494350382,78.88466666666666,0.005028760265808106,0.03957687791659185,0.6793333333333335,0.006057520531616212,0.0956948555433775,0.06266666666666668,0.060826132875165806,0.016001101211332462,0.41185811364124714,0.3888064826974273,0.28324272313363147,0.19609028664752043,0.07484381139069915,0.15396853499597352,0.050484736054080985,0.10348379894189251,0.0630636841679973,0.0646390778721292,1.1046666666666667,0.03929079488640259,0.10788158994390798,38.02733333333333,0.09804514332376021,0.19532554897110663,50.440666666666665,0.07484381139069915,0.118393246052087,63.95199999999999,0.01053600065160747,0.033994033842603334,0.5786666666666667,0.008661312990042502,0.10608193371748544,0.08333333333333333,0.0646390778721292,0.011118160833264097,0.4241507005695774
80,81,2013-03-26,17,2,2012-2013,Suzano,Limeira,0,0.38429244804994106,0.26574008502530994,0.19716005668353997,0.07473573917464306,0.14722445313727178,0.045465550730585974,0.10175890240668582,0.0642454434439811,0.08935241166843168,0.7846666666666666,0.037465550730585974,0.10922069844390508,33.64733333333333,0.09858002834176999,0.19835416740561335,50.08933333333333,0.07473573917464306,0.10562260011248878,71.98266666666667,0.0033333333333333335,0.03253245031322892,0.37533333333333335,0.007844706355278782,0.09951479751173448,0.08199999999999999,0.08935241166843168,0.01710947135336174,0.3873672742074692,0.3936302984060636,0.26273099084193263,0.18915399389462179,0.06121841690043894,0.13937945264461574,0.03980098844373674,0.09957846420087899,0.07549156795706194,0.056097652186954235,1.4073333333333333,0.04775262920366765,0.11562709021432409,40.983333333333334,0.09457699694731089,0.1871676843448951,50.73133333333333,0.06121841690043894,0.08325535326393077,71.88066666666666,0.007024313006722551,0.03139444931685974,0.6013333333333334,0.009667066826730693,0.10698433639431594,0.09333333333333334,0.056097652186954235,0.013333333333333334,0.4450000345561368
75,68,2013-03-28,15,2,2012-2013,Uberlândia,Mogi,1,0.41735324404964586,0.3051466071680451,0.21743825355356264,0.07149554159658798,0.1462145125576787,0.03224509801736849,0.11396941454031019,0.08949788613427985,0.060156672796171616,1.7353333333333332,0.042806482966498395,0.10453809172241037,41.492666666666665,0.10871912677678132,0.18954909682033397,57.498,0.07149554159658798,0.08762430821774761,81.02733333333335,0.016892145469186524,0.028021499504366644,0.49599999999999994,0.01478365244196286,0.10274701361610483,0.146,0.060156672796171616,0.012788210278058591,0.5032726502820497,0.3724814814814815,0.2866262626262626,0.1910841750841751,0.08568013468013468,0.1537643097643098,0.04504713804713805,0.10871717171717173,0.059326599326599325,0.0715959595959596,0.8946666666666668,0.03190572390572391,0.09086868686868686,35.66466666666667,0.09554208754208755,0.20486195286195288,47.532666666666664,0.08568013468013468,0.11782491582491583,72.19533333333332,0.0016296296296296297,0.025898989898989904,0.3913333333333334,0.0073030303030303025,0.1126734006734007,0.07133333333333333,0.0715959595959596,0.015821548821548823,0.3947171717171718
92,89,2013-03-28,13,2,2012-2013,Pinheiros,Brasília,1,0.41636990763177584,0.26662146364047534,0.19290494869273686,0.06384349529856362,0.1355689769206964,0.028924548974132644,0.10664442794656372,0.07914474375783069,0.056849097948265266,1.4366666666666668,0.053207154546825106,0.13965266903497256,38.00333333333334,0.09645247434636843,0.15958545909751404,60.32133333333333,0.06384349529856362,0.08411481959352131,74.08866666666667,0.00798959820183426,0.03157473346398163,0.5793333333333334,0.00898959820183426,0.09745463505612535,0.09733333333333333,0.056849097948265266,0.010653224679174962,0.46961570516026946,0.4548428886775982,0.3167964936863,0.21119766245753338,0.07618887165201534,0.1726757410465562,0.04529884846564025,0.127376892580916,0.08744983235750388,0.06033588550267728,1.636,0.05581878485601652,0.13552702574966505,41.470666666666666,0.10559883122876669,0.18341733251041162,58.05533333333333,0.07618887165201534,0.09889370965320521,76.992,0.007000000000000001,0.03866865168726752,0.7093333333333333,0.011260109982373907,0.10893188098772846,0.10666666666666669,0.06033588550267728,0.010259259259259258,0.5572938553325882
81,61,2013-03-28,16,2,2012-2013,Flamengo,Palmeiras,1,0.44334984158746044,0.3150030015007504,0.23667733866933469,0.08066950141737535,0.17133833583458397,0.04700166750041688,0.1243366683341671,0.07133550108387526,0.057334834083708514,1.5620000000000003,0.04200100050025013,0.1133363348340837,36.994666666666674,0.11833866933466734,0.21134117058529261,56.45133333333333,0.08066950141737535,0.1070038352509588,75.87866666666667,0.007667333666833418,0.033668500917125234,0.6506666666666667,0.007333833583458395,0.09133650158412539,0.084,0.057334834083708514,0.014000166750041688,0.5163523428380856,0.391784340146339,0.25485596836349655,0.1949897894134987,0.08560664917602441,0.1525935555345574,0.0473600402200702,0.10523351531448721,0.06180142114334483,0.065099970919312,1.1380000000000001,0.03706263385227195,0.11015318467278369,33.62533333333333,0.09749489470674935,0.1925094513401862,50.33133333333333,0.08560664917602441,0.12588312854988626,68.45533333333333,0.011739764015906802,0.038749450808043054,0.7100000000000001,0.009887912164054952,0.09932864972916565,0.09666666666666666,0.065099970919312,0.01332387989786609,0.42733545541588674
84,79,2013-03-30,18,2,2012-2013,Coop/São José Basketball,Brasília,1,0.40310331996046284,0.2974404325832897,0.19829362172219317,0.07654822954822954,0.15081458224315367,0.031231757660329092,0.1195828245828246,0.09291261119832547,0.06512773998488285,1.5233333333333334,0.04275382289668004,0.11714082214082214,36.51133333333333,0.09914681086109658,0.1790212803069946,55.17933333333333,0.07654822954822954,0.10043467643467643,74.84533333333334,0.0013333333333333333,0.027416942845514276,0.44,0.012602128030699458,0.0945422408279551,0.1413333333333333,0.06512773998488285,0.011395429966858541,0.4788558055700912,0.4531762220109316,0.29879649368630007,0.21186432912420006,0.075855538318682,0.16900907437988952,0.04696551513230692,0.12204355924758269,0.08544983235750388,0.05733588550267728,1.674,0.05515211818934985,0.13352702574966502,41.514,0.10593216456210003,0.1870839991770783,57.07066666666666,0.075855538318682,0.09722704298653854,78.39733333333335,0.006666666666666668,0.03733531835393418,0.72,0.011260109982373907,0.10893188098772846,0.10666666666666669,0.05733588550267728,0.00925925925925926,0.5479605219992548
66,64,2013-03-30,15,2,2012-2013,Bauru Basket,Paulistano,1,0.4207695426782323,0.2972122876353744,0.22981098051292587,0.06674627452993208,0.15894971684716594,0.04475511984807269,0.11419459699909325,0.07947485842358296,0.051728583893650884,1.6933333333333331,0.04140409587845815,0.11055446628684834,38.047333333333334,0.11490549025646293,0.21573137264966044,53.51,0.06674627452993208,0.0881238344539684,75.42399999999999,0.008351023969614535,0.03605307190884361,0.7293333333333332,0.00868435730294787,0.092176906362812,0.09200000000000003,0.051728583893650884,0.010008845318140601,0.48718248387483093,0.3915030837886822,0.27125423637385765,0.19277000165311017,0.07684918423613807,0.1523091600481168,0.04881922071143694,0.10348993933667985,0.06273533990542866,0.06430881473618953,1.1093333333333333,0.040627965966478,0.10788849788804374,39.50933333333334,0.09638500082655509,0.18966962799531778,51.22866666666667,0.07684918423613807,0.12106873953626046,64.45466666666667,0.009869717759615012,0.03299633649064858,0.5619999999999999,0.008328363431383377,0.1067566596523105,0.07933333333333333,0.06430881473618953,0.011452645490620056,0.4255151196515216
81,87,2013-03-30,15,2,2012-2013,L. Sorocabana,Pinheiros,0,0.39502570437516726,0.25283248060710006,0.19989132115492092,0.07157065590741132,0.13167156612003558,0.04146307111927899,0.0902084950007566,0.051882601895864765,0.06116038310438976,0.9153333333333332,0.0411879091042783,0.11204453663620303,36.18266666666667,0.09994566057746046,0.18928024026681925,53.86333333333334,0.07157065590741132,0.09228281527692049,77.798,0.005362176953313315,0.037577211333279355,0.6366666666666667,0.006057520531616212,0.09469643927264317,0.06266666666666668,0.06116038310438976,0.017334767961353303,0.4085304483916014,0.4227032409651092,0.25762146364047533,0.19357161535940354,0.0695101619652303,0.136235643587363,0.02959121564079931,0.10664442794656373,0.07914474375783069,0.0571824312815986,1.4266666666666665,0.05320715454682511,0.1369860023683059,38.75133333333334,0.09678580767970177,0.15991879243084736,60.403999999999996,0.0695101619652303,0.09078148626018798,75.16000000000001,0.007656264868500926,0.031241400130648297,0.5706666666666667,0.008656264868500928,0.09912130172279202,0.09200000000000001,0.0571824312815986,0.010319891345841629,0.4759490384936028
82,79,2013-03-30,15,2,2012-2013,Tijuca,Palmeiras,1,0.35720837270129313,0.25360479829652216,0.1884230448889171,0.07422711945403558,0.1342509429927002,0.03276294111183366,0.10148800188086655,0.05164631509367996,0.06067173901528925,0.8806666666666666,0.03151940278611351,0.09963762029716686,30.35733333333333,0.09421152244445855,0.18463864162684537,51.319999999999986,0.07422711945403558,0.10283516938951871,71.34866666666667,0.0037130489263541605,0.029586610002634756,0.492,0.007459127531847158,0.0952990217355846,0.08066666666666668,0.06067173901528925,0.014533814656454765,0.3710170670903332,0.3921258450321953,0.2388555689238527,0.1969958596219869,0.08594108315302225,0.15293039095229963,0.047360974113693007,0.1055694168386066,0.06213612194709204,0.06610233895668267,1.1346666666666667,0.03639630075239535,0.10848861935015172,33.28666666666667,0.09849792981099345,0.1915144210384233,51.101333333333336,0.08594108315302225,0.12555162966713154,69.15333333333335,0.011406530759281159,0.039083884785040886,0.7080000000000001,0.009221178824054287,0.09866378417641061,0.088,0.06610233895668267,0.014991647141490571,0.42734239291137055
79,71,2013-03-30,16,2,2012-2013,Sesi Franca,Mogi,1,0.39433768398593116,0.3110004500675101,0.23733633378340083,0.07500090013502025,0.13966801686919705,0.04200020003000451,0.09766781683919254,0.07333398343084796,0.0686673667716824,1.1773333333333331,0.02733348335583671,0.08033368338584121,34.321999999999996,0.11866816689170041,0.22133568368588621,53.89466666666667,0.07500090013502025,0.11000115017252589,68.556,0.019000350052507876,0.05133403343834908,0.8000000000000002,0.019666966711673412,0.1023342334683536,0.20733333333333334,0.0686673667716824,0.01166676668166892,0.46167201746928704,0.37281481481481477,0.2736262626262626,0.1850841750841751,0.08801346801346803,0.15509764309764312,0.044380471380471395,0.11071717171717174,0.06132659932659933,0.06792929292929294,0.9786666666666667,0.03323905723905724,0.09120202020202021,36.928,0.09254208754208755,0.20052861952861953,46.894666666666666,0.08801346801346803,0.11849158249158248,73.76066666666665,0.0016296296296296297,0.023898989898989906,0.38,0.0073030303030303025,0.11200673400673403,0.07133333333333333,0.06792929292929294,0.014488215488215491,0.39838383838383845
96,61,2013-03-31,11,2,2012-2013,Fortaleza B. C. / CFO,Suzano,1,0.39115212758436096,0.27732100112111013,0.20688066741407346,0.08235284671090506,0.1502516437899585,0.04357887666777769,0.10667276712218082,0.06506706461028795,0.05416476279934147,1.5760000000000003,0.03397287115312749,0.10351120605197507,33.08733333333333,0.10344033370703673,0.2061198072902464,50.77,0.08235284671090506,0.10499238453069924,78.30333333333334,0.004228928683251018,0.032515013786625455,0.7993333333333332,0.014747447201769539,0.10389819107353877,0.15200000000000002,0.05416476279934147,0.0130906887252674,0.43677474775020453,0.38229244804994106,0.24974008502530995,0.19382672335020662,0.0720690725079764,0.1475577864706051,0.04513221739725264,0.10242556907335248,0.06191211011064776,0.08935241166843168,0.754,0.0387988840639193,0.1115540317772384,34.19533333333334,0.09691336167510331,0.1936875007389466,50.392666666666656,0.0720690725079764,0.10528926677915545,69.74600000000001,0.002333333333333333,0.03286578364656225,0.38,0.006844706355278782,0.09718146417840115,0.07466666666666666,0.08935241166843168,0.017442804686695075,0.38103394087413595
93,91,2013-04-01,18,2,2012-2013,Pinheiros,Flamengo,1,0.4273771594447291,0.2506239642656316,0.19490811615126818,0.07384507902782929,0.134571227483337,0.029258382432497232,0.10531284505083979,0.07681224396621608,0.05851693157333819,1.3606666666666667,0.05287465475521054,0.13432116949342052,39.33666666666667,0.09745405807563409,0.1599214597643474,60.82066666666667,0.07384507902782929,0.09511665338530259,76.47266666666665,0.007989764910178011,0.029575066880669132,0.53,0.009323181597683222,0.09712288545205766,0.1,0.05851693157333819,0.009986808075023923,0.4749564570148998,0.4390192085241541,0.2970040016007604,0.2326788054826827,0.07833640144071104,0.17233946928126193,0.04800203420375388,0.12433743507750808,0.07333603447054728,0.05700186745371219,1.6033333333333333,0.04266800053358679,0.11433713491409171,37.23266666666666,0.11633940274134134,0.21134253738863965,55.476,0.07833640144071104,0.10600440197429781,73.95733333333334,0.0076673670035004166,0.032335400940460904,0.632,0.007667233590125729,0.09067033496746373,0.08866666666666667,0.05700186745371219,0.014000200086708688,0.5083552097914477
91,75,2013-04-04,13,2,2012-2013,Limeira,Tijuca,1,0.38865732543309073,0.24473899884994063,0.18450000657396776,0.060891423240111944,0.1397241306559604,0.038804325113740074,0.10091980554222031,0.0718292389613996,0.05476865652462524,1.3800000000000001,0.04775529853967032,0.11930276588999975,39.62533333333333,0.09225000328698388,0.18151202868923946,51.10333333333334,0.060891423240111944,0.08226402860593945,72.15466666666666,0.006691980674390218,0.03039678498586207,0.598,0.009001067494064692,0.10765834373498993,0.08600000000000001,0.05476865652462524,0.012333667000333667,0.43236139591749817,0.3551713356642561,0.24149368718541103,0.18746008192595412,0.06826415649107262,0.13417686891862615,0.0322073855562781,0.10196948336234803,0.04986853731590217,0.05719025753380777,1.0046666666666666,0.033149032415743136,0.10041539807494462,31.731999999999996,0.09373004096297706,0.18619419718240096,50.691333333333326,0.06826415649107262,0.09498331753766685,70.52866666666667,0.004268604481909717,0.029882906298931044,0.6206666666666666,0.00768134975406938,0.0935953180318809,0.08533333333333333,0.05719025753380777,0.01483011095275106,0.3681652152384814
92,86,2013-04-04,17,2,2012-2013,Palmeiras,Joinville,1,0.39389575128590354,0.22830555112392395,0.2000491407421958,0.0882077260864505,0.1543536732591704,0.04766096224707381,0.10669271101209658,0.06106610889381091,0.06395899019674439,1.1433333333333335,0.03521296148575242,0.10519859917689907,33.114000000000004,0.1000245703710979,0.19223436882529882,51.732,0.0882077260864505,0.12833826785391214,69.06733333333334,0.011369862905952571,0.038343882411717045,0.7033333333333334,0.0091845109707257,0.09830042829650079,0.08733333333333333,0.06395899019674439,0.01425164476816673,0.43122562537844067,0.3798585066390504,0.304082319470773,0.22205778008224725,0.08233584662930586,0.14192789665653668,0.05456597332708647,0.08736192332945023,0.05587368002778557,0.07572098331042004,0.8359999999999999,0.025154959975832426,0.09002838996611237,27.654666666666667,0.11102889004112362,0.2206999832097218,50.15466666666667,0.08233584662930586,0.11931163312761937,68.86333333333332,0.012359360025976571,0.04856582330458311,0.7246666666666666,0.014692793374312155,0.10751653325277478,0.13933333333333334,0.07572098331042004,0.018795499934853608,0.40544809337780996
93,94,2013-04-04,17,2,2012-2013,Paulistano,Flamengo,0,0.38817295093542087,0.25625543655388466,0.18943846858981736,0.07484938426614257,0.15231081029565396,0.04781952075644369,0.10449128953921023,0.0644027066771111,0.06397598147786746,1.148,0.04129503269315367,0.11155636473473741,38.65466666666667,0.09471923429490868,0.1880048616136939,50.82066666666666,0.07484938426614257,0.11773580626293614,64.08399999999999,0.009536384426281679,0.03266320318731975,0.5586666666666666,0.00966189679472121,0.10509084311316298,0.09533333333333333,0.06397598147786746,0.011119462179790096,0.4195185701690993,0.43535254185748745,0.2850040016007604,0.232012138816016,0.07733640144071102,0.17133946928126192,0.04833536753708721,0.12300410174417474,0.07366936780388061,0.05600186745371219,1.6213333333333333,0.04200133386692013,0.11633713491409171,35.79666666666667,0.116006069408008,0.21100920405530632,55.398666666666664,0.07733640144071102,0.10433773530763114,74.17800000000003,0.007334033670167083,0.032002067607127566,0.6333333333333334,0.00766723359012573,0.09067033496746373,0.08866666666666667,0.05600186745371219,0.012666866753375357,0.49868854312478106
78,76,2013-04-04,17,2,2012-2013,Minas,L. Sorocabana,1,0.3992054625739462,0.2922742589954737,0.21151920705902094,0.09106167895476015,0.16092222805988188,0.050513155623020584,0.11040907243686131,0.06685276774198219,0.07352983335917727,1.0646666666666667,0.03220819218672172,0.09169537769501096,34.61333333333334,0.10575960352951047,0.20206353942257882,52.52133333333333,0.09106167895476015,0.11619616410875272,78.12466666666666,0.004356977916725245,0.0363921713091137,0.5426666666666667,0.01122184170975742,0.1055531506232063,0.112,0.07352983335917727,0.012450288098796657,0.45238953773949553,0.39469642164942503,0.2418339808321338,0.19722635474329256,0.0729048393682638,0.12833918292922364,0.042130037830952406,0.08620914509827123,0.04888275191836814,0.05716068314939652,0.9039999999999999,0.04152174251262289,0.11104553678622553,36.907333333333334,0.09861317737164628,0.18961552389269645,53.08533333333334,0.0729048393682638,0.09395058210861194,77.85133333333333,0.005362226960814441,0.03857766140078948,0.7146666666666666,0.0060575705391173375,0.09636425611183569,0.061333333333333344,0.05716068314939652,0.016334817968854425,0.4035339489166802
79,88,2013-04-04,17,2,2012-2013,Espírito Santo,Bauru Basket,0,0.3773457335626519,0.2689315691996323,0.19798129958122493,0.08569069753492421,0.15727007064742274,0.04477094031259965,0.11249913033482312,0.05063804326706721,0.06552442715203376,0.9426666666666665,0.031224578815500958,0.10698817731492598,29.093333333333323,0.09899064979061246,0.2056758252294084,48.20266666666667,0.08569069753492421,0.11026094516275947,77.82466666666666,0.007990102356967019,0.032729551994244134,0.6073333333333333,0.006075505508812564,0.0920708579285694,0.07266666666666667,0.06552442715203376,0.01406193379196835,0.38647819976259007,0.42276954267823225,0.2882122876353745,0.23247764717959252,0.06307960786326543,0.1586163835138326,0.04342178651473935,0.11519459699909322,0.07947485842358294,0.04972858389365088,1.7399999999999998,0.04240409587845815,0.11088779962018168,38.97733333333334,0.11623882358979626,0.21606470598299374,54.09533333333333,0.06307960786326543,0.0821238344539684,77.45266666666664,0.008017690636281202,0.03505307190884361,0.7366666666666666,0.008351023969614535,0.09051023969614534,0.09000000000000001,0.04972858389365088,0.010008845318140603,0.49051581720816434
91,96,2013-04-04,17,2,2012-2013,Mogi,Brasília,0,0.37181481481481476,0.2586262626262626,0.1844175084175084,0.08868013468013469,0.15343097643097642,0.04504713804713805,0.10838383838383839,0.06232659932659933,0.06992929292929294,0.9733333333333333,0.03290572390572391,0.09120202020202021,36.48333333333334,0.0922087542087542,0.19986195286195285,46.88066666666667,0.08868013468013469,0.11815824915824914,74.81333333333332,0.0016296296296296297,0.024565656565656572,0.3833333333333334,0.0076363636363636364,0.11267340067340069,0.07400000000000001,0.06992929292929294,0.014488215488215491,0.39538383838383834,0.4495161403238431,0.28679949443648756,0.20786732987438758,0.07518945513121846,0.16567799160919688,0.044299515299015255,0.12137847631018166,0.08811824946177996,0.05933705246108354,1.6653333333333333,0.055486451772745686,0.13719652645817548,40.678,0.10393366493719379,0.18175349988558878,57.4,0.07518945513121846,0.09722795988242922,77.18533333333336,0.006666666666666668,0.03566915181229877,0.6566666666666666,0.012927193419899955,0.10993371477950974,0.12200000000000003,0.05933705246108354,0.009259342613431136,0.5399673570413487
76,87,2013-04-04,17,2,2012-2013,Coop/São José Basketball,Fortaleza B. C. / CFO,0,0.41010331996046284,0.2974404325832897,0.2009602883888598,0.08188156288156287,0.15248124890982032,0.03323175766032909,0.11924949124949127,0.09357927786499214,0.06346107331821617,1.5466666666666669,0.0424204895633467,0.11480748880748878,37.03333333333333,0.1004801441944299,0.18168794697366128,55.276,0.08188156288156287,0.10576800976800979,77.00066666666666,0.0016666666666666668,0.027750276178847608,0.45133333333333336,0.01260212803069946,0.09320890749462178,0.14466666666666667,0.06346107331821617,0.010062096633525204,0.4861891389034246,0.39852551098027256,0.272336019894577,0.21156735911202923,0.07702451963539401,0.14826541099896975,0.04291554750632586,0.10534986349264391,0.067409993271114,0.05116851749270818,1.6873333333333336,0.036644544077616435,0.10785538627725667,34.11266666666666,0.10578367955601461,0.20447149690226138,52.094,0.07702451963539401,0.09899780797667337,78.43599999999999,0.004896429726221398,0.03451960285629587,0.862,0.01341453105658806,0.10357487025585001,0.14133333333333334,0.05116851749270818,0.012425273623056305,0.448491476995094
91,87,2013-04-04,11,2,2012-2013,Uberlândia,Pinheiros,1,0.4133384705647176,0.29572677350134324,0.21466750575554883,0.06667134957637535,0.14540860316370738,0.0320875726638225,0.11332103049988489,0.08904218904335798,0.05726215758404403,1.8066666666666664,0.04399987174426447,0.1080127732678362,41.245999999999995,0.10733375287777441,0.1895329196788805,56.79066666666667,0.06667134957637535,0.08253710605611657,80.234,0.016225478802519858,0.027425156029614914,0.5139999999999999,0.014818814037920328,0.10148470530294905,0.14733333333333334,0.05726215758404403,0.012490038540682728,0.4942754575951002,0.4300438261113957,0.2476239642656316,0.1995747828179349,0.07484507902782926,0.13957122748333703,0.03125838243249723,0.10831284505083978,0.07647891063288277,0.05785026490667154,1.3840000000000001,0.051874654755210546,0.13298783616008716,39.06866666666667,0.09978739140896745,0.1645881264310141,60.78333333333333,0.07484507902782926,0.09444998671863591,78.06199999999998,0.007989764910178013,0.028241733547335803,0.512,0.009989848264349888,0.09778955211872434,0.10600000000000002,0.05785026490667154,0.00965347474169059,0.47828979034823316
72,67,2013-04-06,12,2,2012-2013,Sesi Franca,Pinheiros,1,0.3890043506525978,0.2910004500675101,0.23533633378340085,0.07666756680168692,0.13866801686919705,0.040333533363337844,0.09833448350585923,0.07333398343084797,0.07100070010501575,1.1006666666666667,0.025666816689170042,0.07733368338584119,33.646,0.11766816689170043,0.21933568368588616,53.929333333333346,0.07666756680168692,0.11166781683919255,68.87333333333335,0.01900035005250788,0.05300070010501575,0.786,0.019333633378340084,0.1003342334683536,0.206,0.07100070010501575,0.012000100015002254,0.45300535080262033,0.43004382611139574,0.2396239642656316,0.2029081161512682,0.07351174569449594,0.141571227483337,0.0329250490991639,0.10864617838417313,0.0768122439662161,0.05751693157333821,1.3966666666666667,0.05120798808854388,0.1316545028267538,38.940000000000005,0.1014540580756341,0.16892145976434741,60.10933333333333,0.07351174569449594,0.09344998671863589,77.61533333333334,0.008656431576844679,0.027575066880669137,0.504,0.009656514931016557,0.09712288545205766,0.10266666666666667,0.05751693157333821,0.009320141408357257,0.4756231236815665
84,65,2013-04-06,18,2,2012-2013,Paulistano,Tijuca,1,0.39650401737539825,0.25125383639386867,0.19543740181647334,0.0741823175594719,0.15330977685897693,0.04715238737643902,0.10615738948253789,0.06740223996377309,0.06330871475119478,1.192,0.04229476599981767,0.11222226465806306,39.26933333333333,0.09771870090823667,0.19200379484034988,51.275333333333336,0.0741823175594719,0.11640180619626282,64.25066666666666,0.008202884409613346,0.032663103177318756,0.5599999999999999,0.009995163454720542,0.10742347637648932,0.09600000000000002,0.06330871475119478,0.010452695503122429,0.42918283659574197,0.3588380023309228,0.22549368718541107,0.18412674859262076,0.07126415649107262,0.13384353558529277,0.030874052222944766,0.10296948336234803,0.05120187064923551,0.057856924200474426,1.0186666666666668,0.03448236574907647,0.10174873140827795,33.18,0.09206337429631038,0.18352753051573428,50.508666666666656,0.07126415649107262,0.09698331753766685,71.494,0.003935271148576383,0.029549572965597713,0.6133333333333333,0.007348016420736047,0.09492865136521425,0.08,0.057856924200474426,0.015496777619417727,0.37049854857181475
65,75,2013-04-06,18,2,2012-2013,Suzano,Joinville,0,0.3809713220410023,0.23574308682639059,0.19049899337889054,0.07207267466927318,0.14989772376631588,0.044133418117684904,0.10576430564863099,0.060580177617818726,0.0876893471630618,0.748,0.03946655133094619,0.11155723369839113,35.02866666666667,0.09524949668944527,0.19069370446118,50.236666666666665,0.07207267466927318,0.10729446990102857,68.36133333333333,0.0030004002401440863,0.03086698436699451,0.36733333333333323,0.006511573142017491,0.09318346537912156,0.07533333333333334,0.0876893471630618,0.016109671473433788,0.3777114140246928,0.3821918399723837,0.29708231947077307,0.2253911134155806,0.08033584662930586,0.14526122998987004,0.05456597332708648,0.09069525666278354,0.054207013361118904,0.07705431664375337,0.7826666666666665,0.02548829330916576,0.08802838996611238,28.541999999999994,0.1126955567077903,0.22369998320972181,50.232,0.08033584662930586,0.11797829979428603,67.85666666666665,0.012692693359309903,0.04523248997124977,0.6606666666666668,0.014359460040978822,0.1048498665861081,0.13866666666666663,0.07705431664375337,0.01912883326818694,0.4021147600444765
72,68,2013-04-06,18,2,2012-2013,Palmeiras,Limeira,1,0.3955624179525702,0.21930555112392394,0.2020491407421958,0.08787439275311716,0.15102033992583708,0.04532762891374047,0.1056927110120966,0.061399442227144246,0.06162565686341106,1.214,0.03521296148575242,0.10386526584356573,33.51866666666667,0.1010245703710979,0.19356770215863212,51.874,0.08787439275311716,0.12600493452057882,69.86066666666667,0.011369862905952573,0.036677215745050375,0.712,0.0091845109707257,0.09596709496316745,0.09200000000000001,0.06162565686341106,0.014584978101500064,0.42855895871177396,0.3939906587664241,0.23573899884994065,0.18916667324063444,0.06455808990677862,0.1400574639892937,0.03780432511374007,0.10225313887555365,0.06949590562806626,0.052768656524625236,1.4633333333333334,0.04675529853967032,0.11963609922333308,38.658666666666676,0.09458333662031722,0.18151202868923946,52.18866666666666,0.06455808990677862,0.08626402860593947,72.98800000000001,0.006358647341056885,0.030063451652528734,0.6613333333333332,0.008334400827398027,0.11132501040165661,0.07733333333333334,0.052768656524625236,0.011000333667000336,0.4346947292508315
88,82,2013-04-06,18,2,2012-2013,Espírito Santo,L. Sorocabana,1,0.38034573356265194,0.2589315691996323,0.20464796624789158,0.08402403086825755,0.15427007064742276,0.04443760697926631,0.10983246366815645,0.05097137660040055,0.06319109381870043,1.004,0.03055791214883429,0.10665484398159265,28.537999999999993,0.10232398312394579,0.20400915856274174,50.326666666666675,0.08402403086825755,0.10859427849609281,77.55733333333333,0.007990102356967019,0.03339621866091081,0.6546666666666667,0.006075505508812564,0.09173752459523607,0.07333333333333333,0.06319109381870043,0.012728600458635018,0.3921448664292567,0.3930297549827584,0.23883398083213384,0.20122635474329256,0.07123817270159713,0.12600584959589028,0.041130037830952405,0.0848758117649379,0.04821608525170148,0.05516068314939651,0.9420000000000001,0.040188409179289564,0.10804553678622555,36.970000000000006,0.10061317737164628,0.19461552389269643,52.82866666666667,0.07123817270159713,0.09195058210861194,77.81333333333333,0.005028893627481107,0.03924432806745615,0.7513333333333333,0.0067242372057840045,0.09769758944516904,0.06666666666666667,0.05516068314939651,0.01533481796885443,0.3982006155833469
80,86,2013-04-06,18,2,2012-2013,Mogi,Fortaleza B. C. / CFO,0,0.37748148148148153,0.25162626262626264,0.19041750841750843,0.09234680134680136,0.15709764309764307,0.04371380471380472,0.11338383838383838,0.06565993265993267,0.07126262626262626,1.0013333333333334,0.03157239057239058,0.08953535353535354,35.806000000000004,0.09520875420875421,0.20286195286195288,47.74933333333333,0.09234680134680136,0.12082491582491582,75.83266666666667,0.0019629629629629632,0.026898989898989905,0.4086666666666667,0.007636363636363637,0.11267340067340068,0.07400000000000001,0.07126262626262626,0.012821548821548822,0.4063838383838384,0.4031921776469392,0.26733601989457706,0.21156735911202926,0.07569118630206068,0.14193207766563642,0.04091554750632586,0.10101653015931057,0.069409993271114,0.049168517492708196,1.8099999999999998,0.038644544077616444,0.10618871961059001,36.44466666666666,0.10578367955601463,0.2058048302355947,51.76066666666666,0.07569118630206068,0.09566447464334003,79.70533333333334,0.004896429726221398,0.03518626952296255,0.9233333333333333,0.014081197723254725,0.10324153692251666,0.15,0.049168517492708196,0.012091940289722969,0.45249147699509407
81,86,2013-04-07,15,2,2012-2013,Brasília,Minas,0,0.4548494736571764,0.27879949443648755,0.21253399654105423,0.07285612179788514,0.16201132494253023,0.04229951529901525,0.11971180964351501,0.09011824946177996,0.06067038579441687,1.674,0.056486451772745694,0.13519652645817545,41.78333333333333,0.10626699827052712,0.1854201665522554,57.594666666666676,0.07285612179788514,0.09456129321576252,77.21400000000001,0.006666666666666668,0.036002485145632104,0.6479999999999999,0.012593860086566624,0.11226704811284309,0.116,0.06067038579441687,0.009259342613431136,0.5433006903746821,0.3972054625739461,0.2832742589954737,0.21018587372568756,0.09039501228809348,0.15858889472654855,0.05051315562302059,0.10807573910352798,0.0678527677419822,0.07019650002584395,1.1046666666666667,0.03220819218672171,0.0920287110283443,34.41733333333333,0.10509293686284378,0.2027302060892455,51.868666666666655,0.09039501228809348,0.11552949744208606,78.05066666666667,0.004023644583391912,0.03372550464244703,0.5239999999999999,0.012888508376424086,0.10455315062320632,0.13,0.07019650002584395,0.011450288098796656,0.4463895377394955
107,103,2013-04-08,11,2,2012-2013,Flamengo,Tijuca,1,0.4376858751908207,0.2700040016007603,0.2326788054826827,0.0780030681073777,0.1676728026145953,0.04633536753708722,0.1213374350775081,0.0756693678038806,0.05866853412037887,1.4313333333333333,0.042334667200253466,0.11433713491409171,37.416000000000004,0.11633940274134134,0.21034253738863967,55.70866666666666,0.0780030681073777,0.10633773530763116,73.34466666666665,0.006667367003500417,0.034335400940460906,0.6273333333333333,0.007000566923459063,0.09200366830079705,0.08066666666666666,0.05866853412037887,0.012666866753375357,0.49902187645811436,0.36308160689442487,0.21842639060803756,0.18674855087437178,0.07090666541201547,0.1371440834065724,0.031870601116412794,0.1052734822901596,0.052184615116575656,0.057832766454750634,1.0333333333333334,0.03514213020267919,0.10305963254915347,33.48133333333333,0.09337427543718589,0.18680737169782205,50.47666666666667,0.07090666541201547,0.0946154731390138,73.494,0.003935271148576383,0.0295392196460018,0.6133333333333333,0.007346290867470061,0.09723610139955778,0.07866666666666666,0.057832766454750634,0.013149639859956505,0.3737369764755188
76,53,2013-04-08,15,2,2012-2013,Sesi Franca,Coop/São José Basketball,1,0.3840043506525978,0.27200045006751006,0.2380030004500675,0.07000090013502026,0.1443346835358637,0.04066686669667117,0.10366781683919254,0.07433398343084795,0.07033403343834907,1.1526666666666665,0.025333483355836718,0.07566701671917454,33.79600000000001,0.11900150022503375,0.22200235035255286,53.82800000000001,0.07000090013502026,0.10366781683919253,67.55733333333335,0.019667016719174545,0.05166736677168242,0.776,0.02000030004500675,0.09733423346835358,0.21733333333333335,0.07033403343834907,0.012000100015002254,0.45300535080262033,0.41643665329379614,0.2894404325832898,0.2049602883888598,0.08321489621489621,0.152147915576487,0.03356509099366242,0.11858282458282461,0.09424594453165881,0.06346107331821615,1.5560000000000003,0.04275382289668004,0.11114082214082212,38.606,0.1024801441944299,0.18202128030699463,56.28200000000001,0.08321489621489621,0.10643467643467644,78.13133333333333,0.002,0.026416942845514272,0.43333333333333335,0.013268794697366125,0.09220890749462177,0.1553333333333333,0.06346107331821615,0.010062096633525204,0.49585580557009135
93,86,2013-04-08,15,2,2012-2013,Limeira,Joinville,1,0.38701902756075024,0.23175151449449635,0.18984585555185682,0.0618947607453268,0.1444037301553346,0.0388059938663475,0.1055977362889871,0.06750132907404041,0.05477533153505494,1.3906666666666667,0.04509280375452222,0.11931277840564429,37.436666666666675,0.09492292777592841,0.18485912923158404,51.16066666666667,0.0618947607453268,0.08360153382079137,72.39533333333333,0.006359064529208741,0.028733038636258403,0.6173333333333333,0.00733523520370174,0.11000002083136041,0.06999999999999999,0.05477533153505494,0.011001168043304048,0.4200576829429466,0.3861980915352745,0.2760825695332887,0.23006261462421612,0.08267034692104545,0.14526381396919819,0.0549003902646542,0.09036342370454399,0.05654159700703038,0.07672240033134194,0.8119999999999998,0.024488376663337637,0.08636264019533636,27.48133333333333,0.11503130731210806,0.2250374008974771,50.918,0.08267034692104545,0.12198021694023921,67.672,0.012359693442664075,0.04489974011711957,0.6586666666666666,0.015026543478504873,0.10318495035705083,0.14666666666666664,0.07672240033134194,0.01879583335154111,0.40612117831571104
88,52,2013-04-09,16,2,2012-2013,Fortaleza B. C. / CFO,Minas,1,0.40502625969411554,0.2487838249028055,0.21343220514384587,0.075212617309192,0.14167841934601716,0.04199118984349914,0.09968722950251802,0.07585981461761282,0.05172676149929093,1.898666666666667,0.03879381241369259,0.10411912628822793,37.0,0.10671610257192293,0.20677809892749527,51.92799999999999,0.075212617309192,0.09470532031933226,79.98866666666667,0.00485961672676996,0.036151472861781504,0.8453333333333333,0.013044384723803289,0.10302469160234881,0.1406666666666667,0.05172676149929093,0.012981501291368656,0.45888380304885307,0.4040227051025541,0.2681654933027729,0.21344669659722032,0.09017340728124239,0.15781235137951302,0.04795821728283616,0.10985413409667691,0.06929745907257509,0.07115987446572099,1.1173333333333335,0.03346753374136379,0.091362785020123,35.89866666666667,0.10672334829861016,0.19873205773535887,53.615333333333325,0.09017340728124239,0.11375258376582788,79.21466666666667,0.00365331536071295,0.03424418775173119,0.5259999999999999,0.013147849931066161,0.10173924105760251,0.1366666666666667,0.07115987446572099,0.011783621432129989,0.4605767391615598
89,56,2013-04-10,15,2,2012-2013,Flamengo,Suzano,1,0.43458097517596816,0.24648514552266257,0.2294217606142634,0.07767406903904214,0.17082494746816196,0.04790927283137166,0.1229156746367903,0.0707664634412606,0.058449201408155155,1.352,0.04249504850755421,0.11246804051893096,38.318666666666665,0.1147108803071317,0.21159177787958633,54.535999999999994,0.07767406903904214,0.10650245087992966,72.95466666666667,0.0071441766604048605,0.03281221059736534,0.6026666666666667,0.007207328916950915,0.09188143122595334,0.08333333333333334,0.058449201408155155,0.010603581083454614,0.4877271194334996,0.3803046553743357,0.2237430868263906,0.19249899337889056,0.06640600800260653,0.1442310570996492,0.04146675145101824,0.10276430564863098,0.06158017761781873,0.0876893471630618,0.7593333333333334,0.04046655133094619,0.11322390036505776,35.830666666666666,0.09624949668944528,0.19236037112784662,50.297999999999995,0.06640600800260653,0.09896113656769524,68.50800000000001,0.00433373357347742,0.031533651033661174,0.3746666666666666,0.007844906475350825,0.09318346537912156,0.08800000000000001,0.0876893471630618,0.015776338140100453,0.3700447473580262
88,63,2013-04-10,16,2,2012-2013,Uberlândia,Coop/São José Basketball,1,0.417671803898051,0.28972677350134324,0.2173341724222155,0.06633801624304202,0.14740860316370738,0.0340875726638225,0.11332103049988489,0.08870885571002464,0.057928824250710685,1.7613333333333332,0.044666538410931135,0.11101277326783618,40.67133333333334,0.10866708621110775,0.18853291967888053,57.66666666666666,0.06633801624304202,0.08120377272278323,81.34533333333334,0.01655881213585319,0.028758489362948243,0.5353333333333333,0.014485480704586997,0.10181803863628239,0.14400000000000002,0.057928824250710685,0.012490038540682728,0.4999421242617668,0.40676998662712943,0.27644043258328976,0.2049602883888598,0.07854822954822954,0.15048124890982034,0.03389842432699575,0.1165828245828246,0.09257927786499215,0.06812773998488283,1.468,0.041087156230013376,0.10780748880748882,38.01066666666667,0.1024801441944299,0.18268794697366128,56.107333333333344,0.07854822954822954,0.10243467643467644,76.12133333333331,0.0023333333333333335,0.027750276178847604,0.42133333333333334,0.013268794697366125,0.09220890749462177,0.15533333333333335,0.06812773998488283,0.011062096633525203,0.47818913890342457
103,66,2013-04-11,16,2,2012-2013,Tijuca,Suzano,1,0.36902184999604776,0.20666315336283195,0.1896275227180041,0.07173117391521172,0.13798901566243213,0.032746798867655774,0.1052422167947764,0.0509302027015071,0.054774269289149365,1.0806666666666667,0.03588771778761064,0.10195625405305998,34.62133333333334,0.09481376135900205,0.19041831529127679,50.24933333333333,0.07173117391521172,0.09564951272678636,73.58800000000001,0.00447132764893152,0.02915419706462172,0.6880000000000001,0.007280985784314298,0.09700211273715276,0.078,0.054774269289149365,0.011751001443467406,0.37801055291047503,0.3726566740596876,0.21275109483439858,0.1878403347202319,0.0664086773386092,0.14257440044299258,0.04180342145435491,0.10077097898863767,0.058247511618486056,0.08636235350273481,0.732,0.03946922066694885,0.11356524170639912,34.864,0.09392016736011595,0.1913730504738593,49.314,0.0664086773386092,0.09629847390503257,70.28600000000002,0.004000400240144086,0.03353732137066485,0.3986666666666666,0.007511573142017491,0.09385747271979557,0.08466666666666667,0.08636235350273481,0.017112340809436456,0.3550560920360375
64,77,2013-04-11,18,2,2012-2013,Minas,Bauru Basket,0,0.3963629745436639,0.24716709394302902,0.20478323121106587,0.08917554146825053,0.15581742007365737,0.0479602180831563,0.1078572019905011,0.06829812600601515,0.07316240881279315,1.0933333333333335,0.03413473395478249,0.09269851931384049,36.42733333333334,0.10239161560553293,0.1957371264295032,52.17466666666666,0.08917554146825053,0.11308911837967342,78.78733333333335,0.003986782080734292,0.034578588178568584,0.5179999999999999,0.014148383477818195,0.10074164201798667,0.14800000000000005,0.07316240881279315,0.01211722153883934,0.44424874129574676,0.4231102111786907,0.27821553844807756,0.23048098134646755,0.05941369138414563,0.15328480061810865,0.039421869868911226,0.11386293074919743,0.07914269204865589,0.05106300083121861,1.7006666666666665,0.04440517948269254,0.11222305009946817,40.289333333333325,0.11524049067323378,0.2094002898789677,55.77066666666666,0.05941369138414563,0.07979166807904134,75.38933333333333,0.008017690636281202,0.03405348867970299,0.7026666666666668,0.008017857344624955,0.08951157336289535,0.08800000000000002,0.05106300083121861,0.00934226200564581,0.48619040252115925
73,75,2013-04-12,17,2,2012-2013,Sesi Franca,Uberlândia,0,0.38367988709035106,0.25900290092531036,0.24200906924081092,0.06766791692422983,0.147337951346264,0.0423347004384808,0.1050032509077832,0.07500240071022907,0.06933555063603494,1.1753333333333333,0.02466763364177012,0.074668767331889,33.574,0.12100453462040546,0.22434151906160105,54.194,0.06766791692422983,0.101335183750945,65.76266666666668,0.0203340335083841,0.053002217302701604,0.8053333333333335,0.02133410020839727,0.0950028841627633,0.23333333333333334,0.06933555063603494,0.012000216722516551,0.4586822877305451,0.42300513723138433,0.2797267735013433,0.2193341724222155,0.06667134957637535,0.14807526983037403,0.03442090599715583,0.11365436383321821,0.09170885571002466,0.057262157584044036,1.8359999999999999,0.04566653841093114,0.11201277326783621,41.25933333333333,0.10966708621110775,0.18719958634554718,58.49733333333333,0.06667134957637535,0.08020377272278321,82.60466666666666,0.015892145469186526,0.030758489362948248,0.5766666666666665,0.014485480704586998,0.09981803863628239,0.146,0.057262157584044036,0.01182337187401606,0.5112754575951003
77,75,2013-04-13,15,2,2012-2013,Fortaleza B. C. / CFO,Espírito Santo,1,0.4143713310559936,0.24578702618331771,0.22277220781157964,0.07321448472282412,0.14135028809351619,0.04099252371037922,0.10035776438313694,0.07719581568470632,0.05206156208619237,1.9133333333333336,0.03946154617386332,0.10378859407534279,37.721999999999994,0.11138610390578982,0.2074507679951223,53.926666666666655,0.07321448472282412,0.09270838821315647,79.44866666666667,0.005193216833479311,0.03781974016870428,0.8713333333333334,0.012711584937221989,0.10369389261608766,0.13533333333333336,0.05206156208619237,0.013315101398078006,0.47189847558453396,0.38434573356265195,0.24693156919963227,0.20864796624789156,0.08502403086825755,0.15527007064742276,0.04477094031259965,0.11049913033482313,0.05297137660040055,0.06285776048536709,1.0379999999999998,0.030224578815500957,0.10565484398159267,28.537999999999997,0.10432398312394578,0.2043424918960751,51.27133333333333,0.08502403086825755,0.10992761182942613,77.54799999999999,0.007656769023633686,0.033729551994244135,0.6626666666666666,0.00674217217547923,0.09340419126190272,0.07866666666666668,0.06285776048536709,0.01306193379196835,0.39981153309592343
95,74,2013-04-16,1,3,2012-2013,Paulistano,Fortaleza B. C. / CFO,1,0.4008415513388261,0.2432554866414058,0.19410576873817825,0.0738498343536577,0.15564481044734854,0.045819504110615826,0.1098253063367327,0.07106980676546001,0.06197598150787494,1.2626666666666666,0.04429531608233005,0.1152233148155867,39.983333333333334,0.09705288436908913,0.19200579514039492,50.942,0.0738498343536577,0.11473658974712878,64.62933333333334,0.009203034432116721,0.031663553244828876,0.56,0.010328696818058378,0.1100912432081807,0.09400000000000001,0.06197598150787494,0.009786078843956889,0.43352077061917876,0.4110868572223765,0.23279844788455006,0.22613599901486586,0.07055479798468832,0.1443712278791088,0.04166490122766206,0.10270632665144673,0.07853739802448524,0.05306727293680854,1.9093333333333335,0.038132020074274096,0.10346985513802856,36.68333333333333,0.11306799950743293,0.20847932224820317,54.465999999999994,0.07055479798468832,0.09305631594250889,76.87999999999998,0.005193216833479311,0.03982672009723515,0.8973333333333334,0.012044918270555321,0.10304055126752537,0.12933333333333333,0.05306727293680854,0.01298176806474467,0.46861273267300213
102,76,2013-04-16,16,2,2012-2013,Brasília,Espírito Santo,1,0.4508494736571764,0.26879949443648754,0.21453399654105426,0.07085612179788513,0.16034465827586356,0.04363284863234859,0.11671180964351498,0.08911824946177994,0.060337052461083535,1.666,0.05515311843941236,0.13386319312484213,41.172000000000004,0.10726699827052713,0.18875349988558873,57.166666666666664,0.07085612179788513,0.09122795988242922,77.53133333333335,0.006666666666666668,0.03433581847896543,0.6306666666666666,0.013260526753233292,0.1096003814461764,0.12533333333333332,0.060337052461083535,0.010259342613431137,0.5309673570413488,0.38369407590138854,0.2309351713609291,0.20798970462425073,0.0860270326693382,0.1602784756904486,0.04644020854020288,0.11383826715024571,0.05430651101438226,0.06386156276673591,1.0486666666666666,0.02989244620259989,0.10465904650310558,28.497999999999994,0.10399485231212537,0.20568423027243424,50.745333333333335,0.0860270326693382,0.11159828089753368,77.21466666666667,0.007656969143705729,0.03406388592793768,0.6633333333333333,0.0064088388421458965,0.09174092663646079,0.07533333333333335,0.06386156276673591,0.011729200818851145,0.39949240828770516
69,72,2013-04-16,1,3,2012-2013,L. Sorocabana,Sesi Franca,0,0.39836308831609174,0.22783398083213383,0.20322635474329256,0.07657150603493047,0.12333918292922365,0.039463371164285756,0.0838758117649379,0.04854941858503481,0.05616068314939652,0.932,0.03952174251262289,0.10671220345289222,36.741333333333344,0.10161317737164628,0.1926155238926964,53.91666666666667,0.07657150603493047,0.09961724877527861,77.32866666666665,0.004695560294147774,0.03924432806745615,0.7413333333333333,0.0063909038724506715,0.09936425611183572,0.062000000000000006,0.05616068314939652,0.01433481796885443,0.3985339489166802,0.3786798870903511,0.24600290092531035,0.24334240257414427,0.06133458359089648,0.151337951346264,0.045668033771814144,0.10566991757444989,0.07700240071022907,0.07266888396936828,1.142,0.02466763364177012,0.07833543399855565,31.714000000000002,0.12167120128707214,0.22234151906160105,55.02333333333334,0.06133458359089648,0.09533518375094499,64.20733333333334,0.0213340335083841,0.05333555063603495,0.7813333333333332,0.02133410020839727,0.09500288416276328,0.23333333333333336,0.07266888396936828,0.01300021672251655,0.45368228773054514
70,68,2013-04-16,1,3,2012-2013,Minas,Coop/São José Basketball,1,0.3920296412103306,0.22716709394302903,0.20078323121106587,0.08684220813491718,0.15248408674032404,0.04796021808315629,0.10452386865716776,0.07196479267268181,0.07216240881279315,1.1693333333333333,0.03480140062144916,0.09503185264717381,36.51533333333334,0.10039161560553293,0.19507045976283655,51.416666666666664,0.08684220813491718,0.10875578504634009,79.81333333333335,0.004320115414067625,0.036578588178568586,0.5606666666666666,0.013815050144484862,0.09840830868465332,0.14533333333333334,0.07216240881279315,0.013783888205506006,0.43924874129574676,0.4061211851458704,0.27044893981443624,0.2043021289533396,0.07654908027134419,0.14915585565889036,0.034901260070711246,0.11425459558817914,0.09291601409078408,0.0684647597850463,1.4680000000000002,0.041756658640395544,0.11014932937196861,37.91400000000001,0.1021510644766698,0.18536624018956144,55.314666666666675,0.07654908027134419,0.0991024773988293,76.83533333333334,0.0026669502410382163,0.027751694050705357,0.4186666666666667,0.013936312087147438,0.09021231038708036,0.168,0.0684647597850463,0.010729046874563419,0.4712036011963736
88,74,2013-04-18,1,3,2012-2013,Limeira,Pinheiros,1,0.3966771574793843,0.22774591225359997,0.1945087873912592,0.06689396042519875,0.142065728287921,0.03947132666613407,0.10259440162178689,0.07050026198053634,0.056774397828238884,1.402,0.04509146988764214,0.11997584363173472,37.266000000000005,0.0972543936956296,0.18418712709739707,52.51133333333334,0.06689396042519875,0.08793339990055658,74.59200000000001,0.006358931142520733,0.030065705036151687,0.6159999999999999,0.0076681683769710485,0.10899668616416021,0.074,0.056774397828238884,0.01200116804330405,0.4313823461415594,0.4230438261113957,0.2236239642656316,0.2035747828179349,0.07384507902782927,0.14257122748333698,0.03425838243249723,0.1083128450508398,0.0758122439662161,0.057850264906671535,1.3739999999999999,0.04854132142187721,0.1266545028267538,38.086000000000006,0.10178739140896745,0.17158812643101404,59.52133333333334,0.07384507902782927,0.0934499867186359,77.98533333333333,0.008989764910178012,0.026575066880669136,0.48333333333333334,0.009989848264349892,0.09512288545205766,0.10933333333333334,0.057850264906671535,0.009320141408357257,0.46562312368156644
61,60,2013-04-19,2,3,2012-2013,Coop/São José Basketball,Minas,1,0.4014545184792037,0.24944893981443622,0.20096879562000627,0.07821574693801085,0.1494891889922237,0.03523459340404458,0.11425459558817916,0.0932493474241174,0.07046475978504631,1.422666666666667,0.040756658640395536,0.10948266270530196,36.98800000000001,0.10048439781000314,0.18303290685622814,55.10200000000001,0.07821574693801085,0.10043581073216262,77.52333333333334,0.0023336169077048823,0.028085027384038688,0.4126666666666666,0.014602978753814104,0.0885456437204137,0.1766666666666667,0.07046475978504631,0.011062380207896754,0.46553693452970696,0.38799455349103223,0.21111446236408174,0.19941481015843424,0.08759659409982948,0.1533788235824293,0.04778477948666507,0.10559404409576424,0.07347356460250638,0.07017995267244227,1.2079999999999997,0.03366104974425618,0.09510202808577031,35.04333333333334,0.09970740507921712,0.1957371264295032,50.92399999999999,0.08759659409982948,0.10943999557265588,80.02466666666668,0.004653448747400959,0.035385605722428236,0.5613333333333332,0.01341154137255504,0.09840830868465332,0.14133333333333334,0.07017995267244227,0.013731256626558637,0.43305575883960645
74,55,2013-04-19,2,3,2012-2013,Sesi Franca,L. Sorocabana,1,0.3743501542970988,0.22500350101532388,0.23934430285918706,0.06200235042258791,0.14733885148128426,0.04333480045348306,0.10400405102780123,0.07366961745940812,0.07000291740771734,1.1313333333333333,0.02433450033844129,0.07566926740690023,32.528666666666666,0.11967215142959353,0.22167660265747374,54.138000000000005,0.06200235042258791,0.09800345065764766,63.23533333333332,0.020667466856719684,0.05266938404437953,0.7920000000000001,0.022000916897567314,0.09500388431278581,0.23999999999999996,0.07000291740771734,0.012333600063351009,0.4413523549072884,0.4000320552127814,0.2148344808821388,0.20389428820330524,0.07857203942160246,0.12467348302589998,0.039463671194288744,0.08520981183161122,0.048216518628372486,0.05282774985606718,0.9613333333333334,0.039188575862624565,0.10437950351623186,36.957333333333345,0.10194714410165262,0.19461669067604145,53.398,0.07857203942160246,0.1026181488652876,77.57533333333335,0.005362293634148441,0.03824462809745914,0.7546666666666666,0.00639093720911767,0.10103182286851137,0.06133333333333335,0.05282774985606718,0.013001517972188098,0.39853621581003623
79,66,2013-04-19,2,3,2012-2013,Fortaleza B. C. / CFO,Paulistano,1,0.4070868572223765,0.21779844788455008,0.23080266568153254,0.06988813131802164,0.14237122787910877,0.040998234560995384,0.10137299331811338,0.07953739802448526,0.053733939603475195,1.9066666666666667,0.03546535340760744,0.10380318847136187,34.071999999999996,0.11540133284076627,0.2128126555815365,54.54733333333333,0.06988813131802164,0.09172298260917558,77.76866666666665,0.005526550166812644,0.042826720097235156,0.9640000000000001,0.012044918270555321,0.10337388460085871,0.12933333333333333,0.053733939603475195,0.012648434731411338,0.4596127326730021,0.40484155133882604,0.2392554866414058,0.19410576873817828,0.0728498343536577,0.15731147711401522,0.04381950411061583,0.11349197300339936,0.07140314009879335,0.06364264817454161,1.248,0.0459619827489967,0.11622331481558672,41.041333333333334,0.09705288436908914,0.19067246180706157,51.31333333333334,0.0728498343536577,0.11240325641379544,65.358,0.009203034432116721,0.03066355324482888,0.5386666666666666,0.010995363484725044,0.10709124320818073,0.10400000000000001,0.06364264817454161,0.010119412177290222,0.4371874372858454
67,64,2013-04-20,3,3,2012-2013,Coop/São José Basketball,Minas,1,0.394787851812537,0.23544893981443624,0.19430212895333962,0.07721574693801087,0.15315585565889037,0.0375679267373779,0.11558792892151248,0.09158268075745074,0.07179809311837965,1.3900000000000001,0.04108999197372887,0.1098159960386353,37.190000000000005,0.09715106447666981,0.18036624018956143,53.92200000000001,0.07721574693801087,0.09943581073216264,77.25866666666667,0.002666950241038216,0.02941836071737202,0.42266666666666663,0.016602978753814106,0.0875456437204137,0.20266666666666666,0.07179809311837965,0.010395713541230088,0.45920360119637366,0.38099455349103223,0.19511446236408173,0.19474814349176758,0.08626326076649612,0.15271215691576265,0.047784779486665076,0.10492737742909757,0.07314023126917304,0.07184661933910894,1.1206666666666665,0.033327716410922845,0.0951020280857703,34.69266666666667,0.09737407174588379,0.19807045976283655,49.28666666666667,0.08626326076649612,0.10810666223932254,79.65133333333333,0.004320115414067625,0.0360522723890949,0.5279999999999999,0.014078208039221706,0.09907497535132,0.14666666666666664,0.07184661933910894,0.013731256626558637,0.4173890921729397
72,70,2013-04-20,3,3,2012-2013,Sesi Franca,L. Sorocabana,1,0.37235015429709883,0.2120035010153239,0.23867763619252041,0.06166901708925457,0.1470055181479509,0.04100146712014973,0.10600405102780124,0.0746696174594081,0.06933625074105068,1.1800000000000002,0.024001167005107953,0.07533593407356691,32.336,0.11933881809626021,0.2180099359908071,54.82466666666666,0.06166901708925457,0.09367011732431434,65.85733333333333,0.020334133523386356,0.052669384044379534,0.8073333333333333,0.023000916897567315,0.09500388431278581,0.25000000000000006,0.06933625074105068,0.012666933396684342,0.44401902157395506,0.3913653885461147,0.20083448088213882,0.1998942882033052,0.07690537275493581,0.12467348302589996,0.03646367119428875,0.08820981183161122,0.046216518628372484,0.05416108318940052,0.884,0.03818857586262456,0.10204617018289854,36.67600000000001,0.0999471441016526,0.19461669067604145,52.31733333333333,0.07690537275493581,0.10161814886528761,76.73,0.005028960300815107,0.03791129476412581,0.7346666666666667,0.006724270542451004,0.1003651562018447,0.06533333333333334,0.05416108318940052,0.013001517972188098,0.3835362158100362
87,71,2013-04-20,3,3,2012-2013,Fortaleza B. C. / CFO,Paulistano,1,0.4054465502487362,0.20480845789456004,0.2268140103595439,0.07122646965636,0.1443822388901198,0.039333236229330396,0.10504900266078938,0.07787473536182257,0.054403609273144866,1.8333333333333333,0.03580202341094411,0.10314386247870257,34.602,0.11340700517977195,0.20648999959221384,55.08266666666667,0.07122646965636,0.0927283212811809,78.37733333333334,0.005860217167146312,0.04249538876590382,0.9420000000000001,0.010378251603888658,0.10404722460753206,0.11066666666666668,0.054403609273144866,0.012649102065412005,0.4599770970373664,0.39784925403476973,0.22825758737666316,0.19477663687535962,0.0711845681771626,0.15664784484272024,0.042820554478244496,0.11382729036447574,0.06907050701054579,0.06264346512714168,1.2186666666666668,0.04396268299408248,0.1128924323400536,40.36533333333333,0.09738831843767981,0.19201069685599534,51.188,0.0711845681771626,0.10973880718990041,65.37133333333334,0.009869934513811981,0.030997586823247995,0.5626666666666666,0.010662030151391713,0.10609346065095233,0.10066666666666667,0.06264346512714168,0.010119528884804522,0.4258600560357412
82,95,2013-04-21,2,3,2012-2013,Pinheiros,Limeira,0,0.41737715944472903,0.21562396426563163,0.20757478281793487,0.0731784123611626,0.14157122748333703,0.03392504909916389,0.10764617838417313,0.0758122439662161,0.05818359824000487,1.3653333333333333,0.04554132142187721,0.12332116949342051,36.918,0.10378739140896744,0.17525479309768072,59.41,0.0731784123611626,0.09244998671863593,78.12533333333333,0.008989764910178012,0.026241733547335812,0.4746666666666667,0.010323181597683225,0.09612288545205766,0.11266666666666668,0.05818359824000487,0.008986808075023923,0.4552897903482332,0.4056800911060804,0.21674671233360795,0.1985104542246092,0.06889442713853675,0.145066928407933,0.03947169336947108,0.1055952350384619,0.07283422871054267,0.05477469785824187,1.4893333333333332,0.04609173658097814,0.12030994370840906,38.06933333333334,0.0992552271123046,0.1865219605807454,52.882,0.06889442713853675,0.09026729995722893,74.74866666666667,0.0070256644825214,0.03239933839948802,0.6739999999999999,0.007668235050305047,0.1079973195608332,0.07533333333333332,0.05477469785824187,0.01133453471330438,0.44838591316492843
93,82,2013-04-22,3,3,2012-2013,Pinheiros,Limeira,1,0.4187104927780624,0.20662396426563162,0.20357478281793487,0.07451174569449594,0.14090456081667035,0.03525838243249722,0.10564617838417312,0.07614557729954943,0.05718359824000488,1.379333333333333,0.04687465475521055,0.1273211694934205,36.802,0.10178739140896743,0.17558812643101407,58.06466666666667,0.07451174569449594,0.09411665338530259,78.26800000000001,0.009323098243511347,0.02790840021400247,0.5013333333333333,0.009323181597683224,0.10012288545205766,0.09266666666666667,0.05718359824000488,0.00865347474169059,0.4499564570148998,0.41005832944804926,0.2050213237325717,0.1993601951572517,0.07067681055822585,0.14502547763073093,0.03800537212594776,0.10702010550478312,0.07301039451365149,0.05667797937810371,1.4473333333333331,0.04667377457752391,0.11868645493466122,39.12466666666667,0.09968009757862585,0.1840262783700373,53.82066666666667,0.07067681055822585,0.09234674728019956,74.74866666666667,0.00633481819582019,0.033338889349401664,0.67,0.009001568383638381,0.10701631783371747,0.08666666666666666,0.05667797937810371,0.012667868046637713,0.45706121541017886
59,75,2013-04-22,4,3,2012-2013,Minas,Coop/São José Basketball,0,0.36999455349103233,0.17911446236408166,0.18608147682510093,0.07992992743316281,0.149045490249096,0.04545144615333174,0.10359404409576424,0.07114023126917304,0.07017995267244229,1.12,0.034661049744256184,0.09810202808577027,34.768,0.09304073841255046,0.19240379309616987,48.620000000000005,0.07992992743316281,0.0987733289059892,81.58666666666664,0.003653448747400958,0.03371893905576157,0.506,0.013411541372555038,0.09807497535131998,0.1413333333333333,0.07017995267244229,0.012731256626558636,0.3973890921729397,0.38816601333355566,0.22056406278670207,0.19437887760151684,0.07388973961200354,0.15167460674907005,0.03885468759556734,0.11281991915350272,0.08755895844801415,0.07092961239275607,1.3446666666666667,0.03996579870667846,0.10948998871262797,36.23733333333333,0.09718943880075842,0.18123384877145574,53.62133333333335,0.07388973961200354,0.09466780096415287,77.592,0.003000283574371549,0.030038454908894785,0.43733333333333335,0.016223072945336873,0.08485525474431044,0.20266666666666666,0.07092961239275607,0.010666950241038217,0.44416261044109717
89,85,2013-04-23,4,3,2012-2013,Paulistano,Fortaleza B. C. / CFO,1,0.3907045867921622,0.21271386892079083,0.19108294645871188,0.07227730980707513,0.155408314082933,0.043215361916975,0.11219295216595805,0.06667782145908244,0.06597892034774218,1.1313333333333333,0.04244811017545838,0.11037892046506309,39.81933333333333,0.09554147322935594,0.18804408626777788,51.315333333333335,0.07227730980707513,0.11165030933452219,64.94800000000001,0.009476188018715057,0.03114968067129055,0.5473333333333333,0.009995363484725045,0.10509558253821948,0.09466666666666666,0.06597892034774218,0.012817463075986564,0.41219975503087597,0.4011435199457059,0.18899027607637822,0.22354128308681662,0.07101434844423878,0.13753375404163493,0.03633323622933039,0.10120051781230455,0.07635958384667108,0.0576460335155691,1.4693333333333334,0.035529296138216836,0.10265901399385408,34.602,0.11177064154340831,0.2017930298952441,55.64466666666667,0.07101434844423878,0.09194044249330212,78.63400000000001,0.005860217167146312,0.04288932815984321,0.8293333333333334,0.009984312209949263,0.10425934581965325,0.10733333333333334,0.0576460335155691,0.013194556610866553,0.44424982431009374
85,86,2013-04-24,4,3,2012-2013,Limeira,Pinheiros,0,0.4137249961147159,0.2020213237325717,0.20736019515725168,0.06834347722489252,0.14535881096406425,0.03767203879261443,0.10768677217144981,0.0733437278469848,0.054344646044770385,1.5139999999999998,0.04600710791085724,0.11668645493466122,39.20466666666666,0.10368009757862584,0.18869294503670395,54.723333333333336,0.06834347722489252,0.08934674728019956,74.32466666666667,0.00633481819582019,0.033672222682734995,0.6940000000000002,0.008334901716971713,0.1040163178337175,0.082,0.054344646044770385,0.013001201379971046,0.46206121541017886,0.42479130288433875,0.2046656727075807,0.20293765963098212,0.07418797054577593,0.14259295063018546,0.034929393728533584,0.10766355690165191,0.07916121796528033,0.05685808523953699,1.4526666666666666,0.0492218909025269,0.12968578415821566,37.696000000000005,0.10146882981549106,0.16993796935595226,60.696000000000005,0.07418797054577593,0.09646823416198863,76.04600000000002,0.009657300502718619,0.027577673658290957,0.49666666666666665,0.009324050523557162,0.09880519278445522,0.09333333333333335,0.05685808523953699,0.0089885459267718,0.46237581400975303
68,69,2013-04-26,5,3,2012-2013,Fortaleza B. C. / CFO,Paulistano,0,0.4021435199457059,0.17799027607637818,0.2222079497534833,0.0713476817775721,0.1372004207083016,0.03699990289599706,0.10020051781230453,0.07569291718000438,0.05797936684890243,1.4573333333333336,0.03619596280488349,0.10232568066052075,35.38,0.11110397487674165,0.20212636322857744,55.152,0.0713476817775721,0.09260710915996878,78.48733333333334,0.00586021716714631,0.04255599482650988,0.8233333333333335,0.009317645543282597,0.10659267915298659,0.10000000000000002,0.05797936684890243,0.013194556610866553,0.43958315764342704,0.3927348898224652,0.20235023255715448,0.19217385554962096,0.06976215829192363,0.15340831408293304,0.04242748312909621,0.11098083095383683,0.06810206388332488,0.06897892034774218,1.109333333333333,0.04359962532697354,0.11310619319233581,39.69133333333333,0.09608692777481048,0.18598348020717184,52.17066666666667,0.06976215829192363,0.10810485478906764,64.73,0.010658006200533237,0.03136180188341176,0.53,0.009752939242300803,0.10879255223518917,0.09200000000000001,0.06897892034774218,0.01442352368204717,0.4075936944248154
97,77,2013-04-26,5,3,2012-2013,Pinheiros,Limeira,1,0.4264579695510054,0.1966656727075807,0.19760432629764876,0.07518797054577593,0.14292628396351878,0.03426272706186692,0.1086635569016519,0.08182788463194698,0.058191418572870336,1.4593333333333331,0.05122189090252691,0.1303524508248823,38.978,0.09880216314882438,0.16727130268928558,60.02266666666667,0.07518797054577593,0.0971349008286553,76.56200000000003,0.009323967169385284,0.02657767365829095,0.4653333333333333,0.01032405052355716,0.1008051927844552,0.10066666666666668,0.058191418572870336,0.009321879260105135,0.4653758140097531,0.41005832944804926,0.18802132373257166,0.20136019515725176,0.06867681055822586,0.14769214429739758,0.040338705459281095,0.10735343883811647,0.0743437278469848,0.05401131271143706,1.5666666666666667,0.04667377457752391,0.12001978826799456,38.49066666666666,0.10068009757862588,0.18802627837003724,53.364000000000004,0.06867681055822586,0.08934674728019958,74.628,0.006668151529153524,0.03400555601606833,0.7160000000000001,0.008668235050305046,0.10534965116705082,0.08466666666666667,0.05401131271143706,0.012001201379971045,0.4560612154101788
