placar_casa,placar_visitante,data,round,stage,ano,equipe_casa,equipe_visitante,resultado,Pts_casa,3P_casa,2P_casa,LL_casa,RT_casa,RO_casa,RD_casa,AS_casa,ER_casa,IA%_casa,3PC_casa,3PT_casa,3P%_casa,2PC_casa,2PT_casa,2P%_casa,LLC_casa,LLT_casa,LL%_casa,EN_casa,BR_casa,B/E_casa,TO_casa,FC_casa,T/FC_casa,ET_casa,VI_casa,EF_casa,Pts_visitante,3P_visitante,2P_visitante,LL_visitante,RT_visitante,RO_visitante,RD_visitante,AS_visitante,ER_visitante,IA%_visitante,3PC_visitante,3PT_visitante,3P%_visitante,2PC_visitante,2PT_visitante,2P%_visitante,LLC_visitante,LLT_visitante,LL%_visitante,EN_visitante,BR_visitante,B/E_visitante,TO_visitante,FC_visitante,T/FC_visitante,ET_visitante,VI_visitante,EF_visitante
50,59,2024-10-12,1,1,2024-2025,Vasco da Gama,Flamengo,0,0.0,0.0,0.0,0.0,0.0,0.0,0.0,0.0,0.0,0.0,0.0,0.0,0.0,0.0,0.0,0.0,0.0,0.0,0.0,0.0,0.0,0.0,0.0,0.0,0.0,0.0,0.0,0.0,0.0,0.0,0.0,0.0,0.0,0.0,0.0,0.0,0.0,0.0,0.0,0.0,0.0,0.0,0.0,0.0,0.0,0.0,0.0,0.0,0.0,0.0,0.0,0.0,0.0,0.0,0.0,0.0
74,66,2024-10-12,1,1,2024-2025,Minas,Brasília Basquete,1,0.0,0.0,0.0,0.0,0.0,0.0,0.0,0.0,0.0,0.0,0.0,0.0,0.0,0.0,0.0,0.0,0.0,0.0,0.0,0.0,0.0,0.0,0.0,0.0,0.0,0.0,0.0,0.0,0.0,0.0,0.0,0.0,0.0,0.0,0.0,0.0,0.0,0.0,0.0,0.0,0.0,0.0,0.0,0.0,0.0,0.0,0.0,0.0,0.0,0.0,0.0,0.0,0.0,0.0,0.0,0.0
72,67,2024-10-12,1,1,2024-2025,Mogi Basquete,Paulistano,1,0.0,0.0,0.0,0.0,0.0,0.0,0.0,0.0,0.0,0.0,0.0,0.0,0.0,0.0,0.0,0.0,0.0,0.0,0.0,0.0,0.0,0.0,0.0,0.0,0.0,0.0,0.0,0.0,0.0,0.0,0.0,0.0,0.0,0.0,0.0,0.0,0.0,0.0,0.0,0.0,0.0,0.0,0.0,0.0,0.0,0.0,0.0,0.0,0.0,0.0,0.0,0.0,0.0,0.0,0.0,0.0
68,67,2024-10-12,1,1,2024-2025,Pinheiros,Pato Basquete,1,0.0,0.0,0.0,0.0,0.0,0.0,0.0,0.0,0.0,0.0,0.0,0.0,0.0,0.0,0.0,0.0,0.0,0.0,0.0,0.0,0.0,0.0,0.0,0.0,0.0,0.0,0.0,0.0,0.0,0.0,0.0,0.0,0.0,0.0,0.0,0.0,0.0,0.0,0.0,0.0,0.0,0.0,0.0,0.0,0.0,0.0,0.0,0.0,0.0,0.0,0.0,0.0,0.0,0.0,0.0,0.0
70,81,2024-10-12,1,1,2024-2025,São José Basketball,Botafogo,0,0.0,0.0,0.0,0.0,0.0,0.0,0.0,0.0,0.0,0.0,0.0,0.0,0.0,0.0,0.0,0.0,0.0,0.0,0.0,0.0,0.0,0.0,0.0,0.0,0.0,0.0,0.0,0.0,0.0,0.0,0.0,0.0,0.0,0.0,0.0,0.0,0.0,0.0,0.0,0.0,0.0,0.0,0.0,0.0,0.0,0.0,0.0,0.0,0.0,0.0,0.0,0.0,0.0,0.0,0.0,0.0
80,62,2024-10-14,2,1,2024-2025,Paulistano,Pinheiros,1,0.335,0.09,0.18,0.065,0.2,0.055,0.145,0.08,0.09,0.89,0.03,0.12,25.0,0.09,0.165,54.55,0.065,0.09,72.22,0.01,0.04,0.44,0.0,0.085,0.0,0.09,0.015,0.375,0.34,0.135,0.14,0.065,0.2,0.055,0.145,0.095,0.04,2.38,0.045,0.135,33.33,0.07,0.16,43.75,0.065,0.1,65.0,0.02,0.025,0.63,0.01,0.095,0.11,0.04,0.0,0.415
86,89,2024-10-14,2,1,2024-2025,Corinthians,Pato Basquete,0,0.0,0.0,0.0,0.0,0.0,0.0,0.0,0.0,0.0,0.0,0.0,0.0,0.0,0.0,0.0,0.0,0.0,0.0,0.0,0.0,0.0,0.0,0.0,0.0,0.0,0.0,0.0,0.0,0.335,0.165,0.11,0.06,0.155,0.015,0.14,0.06,0.045,1.33,0.055,0.13,42.31,0.055,0.14,39.29,0.06,0.07,85.71,0.0,0.015,0.33,0.025,0.095,0.26,0.045,0.005,0.375
70,72,2024-10-14,2,1,2024-2025,Mogi Basquete,Botafogo,0,0.36,0.09,0.24,0.03,0.15,0.025,0.125,0.075,0.065,1.15,0.03,0.1,30.0,0.12,0.2,60.0,0.03,0.06,50.0,0.01,0.055,0.85,0.005,0.09,0.06,0.065,0.005,0.4,0.405,0.165,0.17,0.07,0.225,0.05,0.175,0.09,0.075,1.2,0.055,0.14,39.29,0.085,0.185,45.95,0.07,0.09,77.78,0.005,0.045,0.6,0.015,0.105,0.14,0.075,0.005,0.5
93,91,2024-10-15,2,1,2024-2025,Bauru Basket,Brasília Basquete,1,0.0,0.0,0.0,0.0,0.0,0.0,0.0,0.0,0.0,0.0,0.0,0.0,0.0,0.0,0.0,0.0,0.0,0.0,0.0,0.0,0.0,0.0,0.0,0.0,0.0,0.0,0.0,0.0,0.33,0.15,0.11,0.07,0.135,0.025,0.11,0.105,0.065,1.62,0.05,0.145,34.48,0.055,0.16,34.38,0.07,0.1,70.0,0.005,0.05,0.77,0.005,0.09,0.06,0.065,0.02,0.33
76,68,2024-10-15,2,1,2024-2025,Fortaleza Basquete Cearense,Caxias do Sul Basquete,1,0.0,0.0,0.0,0.0,0.0,0.0,0.0,0.0,0.0,0.0,0.0,0.0,0.0,0.0,0.0,0.0,0.0,0.0,0.0,0.0,0.0,0.0,0.0,0.0,0.0,0.0,0.0,0.0,0.0,0.0,0.0,0.0,0.0,0.0,0.0,0.0,0.0,0.0,0.0,0.0,0.0,0.0,0.0,0.0,0.0,0.0,0.0,0.0,0.0,0.0,0.0,0.0,0.0,0.0,0.0,0.0
83,71,2024-10-15,2,1,2024-2025,UNIFACISA,União Corinthians,1,0.0,0.0,0.0,0.0,0.0,0.0,0.0,0.0,0.0,0.0,0.0,0.0,0.0,0.0,0.0,0.0,0.0,0.0,0.0,0.0,0.0,0.0,0.0,0.0,0.0,0.0,0.0,0.0,0.0,0.0,0.0,0.0,0.0,0.0,0.0,0.0,0.0,0.0,0.0,0.0,0.0,0.0,0.0,0.0,0.0,0.0,0.0,0.0,0.0,0.0,0.0,0.0,0.0,0.0,0.0,0.0
59,68,2024-10-15,2,1,2024-2025,São José Basketball,Vasco da Gama,0,0.35,0.09,0.18,0.08,0.185,0.035,0.15,0.07,0.055,1.27,0.03,0.125,24.0,0.09,0.195,46.15,0.08,0.11,72.73,0.015,0.045,0.82,0.02,0.095,0.21,0.055,0.005,0.385,0.25,0.09,0.09,0.07,0.175,0.04,0.135,0.07,0.07,1.0,0.03,0.15,20.0,0.045,0.13,34.62,0.07,0.125,56.0,0.005,0.02,0.29,0.005,0.115,0.04,0.07,0.015,0.19
82,76,2024-10-15,2,1,2024-2025,Sesi Franca,Minas,1,0.0,0.0,0.0,0.0,0.0,0.0,0.0,0.0,0.0,0.0,0.0,0.0,0.0,0.0,0.0,0.0,0.0,0.0,0.0,0.0,0.0,0.0,0.0,0.0,0.0,0.0,0.0,0.0,0.37,0.09,0.2,0.08,0.24,0.05,0.19,0.08,0.11,0.73,0.03,0.085,35.29,0.1,0.195,51.28,0.08,0.1,80.0,0.015,0.025,0.23,0.03,0.1,0.3,0.11,0.025,0.465
63,71,2024-10-17,2,1,2024-2025,São José Basketball,Flamengo,0,0.3275,0.07875,0.16749999999999998,0.08125,0.1775,0.04,0.1375,0.07500000000000001,0.06875,1.12,0.02625,0.10875,24.16,0.08374999999999999,0.18875,44.31,0.08125,0.1075,75.65,0.01375,0.042499999999999996,0.6499999999999999,0.01625,0.09625,0.16999999999999998,0.06875,0.00875,0.35625,0.295,0.12,0.12,0.055,0.26,0.075,0.185,0.075,0.08,0.94,0.04,0.155,25.81,0.06,0.145,41.38,0.055,0.105,52.38,0.02,0.035,0.44,0.02,0.125,0.16,0.08,0.025,0.355
81,82,2024-10-17,2,1,2024-2025,Bauru Basket,Minas,0,0.435,0.105,0.21,0.12,0.2325,0.08,0.1525,0.09,0.05,1.8,0.035,0.1575,22.22,0.105,0.2125,49.41,0.12,0.155,77.42,0.005,0.0375,0.75,0.01,0.13,0.08,0.05,0.0075,0.49,0.3825,0.09375,0.20500000000000002,0.08374999999999999,0.22625,0.052500000000000005,0.17375000000000002,0.08125,0.0925,0.915,0.03125,0.10250000000000001,31.185,0.10250000000000001,0.2025,50.64,0.08374999999999999,0.115,73.655,0.0075,0.02875,0.33,0.0225,0.10250000000000001,0.22,0.0925,0.02125,0.44625000000000004
81,88,2024-10-17,2,1,2024-2025,Pato Basquete,São Paulo,0,0.38,0.16125,0.1575,0.06125,0.16875,0.035,0.13375,0.07625,0.051250000000000004,1.4700000000000002,0.05375,0.13874999999999998,38.95,0.07875,0.15875,48.519999999999996,0.06125,0.07875,78.57,0.0,0.01875,0.36,0.02,0.10625,0.195,0.051250000000000004,0.00875,0.43,0.0,0.0,0.0,0.0,0.0,0.0,0.0,0.0,0.0,0.0,0.0,0.0,0.0,0.0,0.0,0.0,0.0,0.0,0.0,0.0,0.0,0.0,0.0,0.0,0.0,0.0,0.0,0.0
79,74,2024-10-17,2,1,2024-2025,Sesi Franca,Brasília Basquete,1,0.4025,0.1125,0.235,0.055,0.175,0.0375,0.1375,0.0725,0.0475,1.53,0.0375,0.1125,33.33,0.1175,0.205,57.32,0.055,0.08,68.75,0.0175,0.035,0.74,0.0125,0.085,0.15,0.0475,0.005,0.4625,0.37124999999999997,0.18,0.12,0.07125000000000001,0.16375,0.04,0.12375,0.08875,0.06375,1.3900000000000001,0.060000000000000005,0.17125,34.959999999999994,0.06,0.14750000000000002,41.265,0.07125000000000001,0.1,71.25,0.005,0.035,0.545,0.00625,0.10250000000000001,0.065,0.06375,0.01625,0.37375
66,65,2024-10-17,2,1,2024-2025,Mogi Basquete,Vasco da Gama,1,0.348325,0.1075,0.2,0.040825,0.16667500000000002,0.043325,0.12332499999999999,0.0775,0.07,1.1099999999999999,0.035824999999999996,0.115825,30.825,0.1,0.199175,50.17,0.040825,0.068325,58.695,0.008325,0.048325,0.7050000000000001,0.005825,0.099175,0.06,0.07,0.01,0.37,0.29125,0.11624999999999999,0.095,0.08,0.18125,0.051250000000000004,0.13,0.08125,0.07,1.1600000000000001,0.03875,0.15,25.835,0.0475,0.12875,36.92,0.08,0.1225,65.5,0.00625,0.0325,0.46499999999999997,0.005,0.11375,0.04,0.07,0.01375,0.28625
63,81,2024-10-18,2,1,2024-2025,UNIFACISA,Caxias do Sul Basquete,0,0.365,0.105,0.19,0.07,0.1625,0.0525,0.11,0.0675,0.0675,1.0,0.035,0.15,23.33,0.095,0.1575,60.32,0.07,0.0975,71.79,0.015,0.045,0.67,0.02,0.0975,0.21,0.0675,0.01,0.3875,0.3725,0.15,0.175,0.0475,0.185,0.045,0.14,0.0825,0.07,1.18,0.05,0.1275,39.22,0.0875,0.1825,47.95,0.0475,0.0675,70.37,0.0,0.015,0.21,0.0025,0.1125,0.02,0.07,0.0175,0.395
70,79,2024-10-18,2,1,2024-2025,Fortaleza Basquete Cearense,União Corinthians,0,0.365,0.105,0.2,0.06,0.1975,0.05,0.1475,0.065,0.0775,0.84,0.035,0.1275,27.45,0.1,0.175,57.14,0.06,0.095,63.16,0.005,0.0375,0.48,0.0075,0.09,0.08,0.0775,0.0175,0.3925,0.375,0.105,0.205,0.065,0.175,0.0625,0.1125,0.075,0.09,0.83,0.035,0.1075,32.56,0.1025,0.2075,49.4,0.065,0.09,72.22,0.0,0.0475,0.53,0.0,0.09,0.0,0.09,0.0175,0.38
66,114,2024-10-19,2,1,2024-2025,Mogi Basquete,Flamengo,0,0.34443333333333337,0.11333333333333333,0.18666666666666668,0.04443333333333333,0.17223333333333335,0.049433333333333336,0.12276666666666665,0.07833333333333332,0.07166666666666667,1.0966666666666667,0.037766666666666664,0.12109999999999999,31.099999999999998,0.09333333333333334,0.1989,46.89333333333334,0.04443333333333333,0.0711,61.593333333333334,0.007766666666666667,0.0461,0.6566666666666667,0.0061,0.10223333333333333,0.06,0.07166666666666667,0.011666666666666667,0.36000000000000004,0.37875000000000003,0.16125,0.1575,0.06,0.23375,0.065,0.16875,0.0925,0.07625,1.23,0.053750000000000006,0.155,34.68,0.07875,0.15375,50.69,0.06,0.0925,66.815,0.015,0.04625,0.615,0.01625,0.10625,0.15000000000000002,0.07625,0.02375,0.4825
80,82,2024-10-19,2,1,2024-2025,Corinthians,São Paulo,0,0.415,0.18,0.12,0.115,0.2025,0.08,0.1225,0.095,0.0475,2.0,0.06,0.1775,33.8,0.06,0.1675,35.82,0.115,0.1225,93.88,0.0025,0.025,0.53,0.0075,0.115,0.07,0.0475,0.0025,0.465,0.425,0.135,0.2,0.09,0.1975,0.055,0.1425,0.0875,0.0675,1.3,0.045,0.1325,33.96,0.1,0.18,55.56,0.09,0.11,81.82,0.0025,0.025,0.37,0.0025,0.1025,0.02,0.0675,0.015,0.4825
91,64,2024-10-21,3,1,2024-2025,Minas,São José Basketball,1,0.3866666666666667,0.09500000000000001,0.20666666666666667,0.085,0.22166666666666668,0.05333333333333334,0.16833333333333333,0.08166666666666667,0.08666666666666667,0.9766666666666667,0.03166666666666667,0.10833333333333334,29.816666666666663,0.10333333333333333,0.205,50.42666666666667,0.085,0.12,71.54,0.005,0.03,0.36333333333333334,0.02,0.10333333333333333,0.19333333333333336,0.08666666666666667,0.02,0.44,0.32,0.075,0.16333333333333333,0.08166666666666667,0.17500000000000002,0.041666666666666664,0.13333333333333333,0.07666666666666667,0.07333333333333335,1.07,0.024999999999999998,0.10333333333333333,24.213333333333335,0.08166666666666667,0.18666666666666668,43.696666666666665,0.08166666666666667,0.10666666666666667,76.62333333333333,0.013333333333333334,0.041666666666666664,0.5933333333333333,0.015,0.09666666666666668,0.15666666666666665,0.07333333333333335,0.01,0.3466666666666667
62,65,2024-10-21,3,1,2024-2025,Vasco da Gama,Pinheiros,0,0.305,0.125,0.09666666666666668,0.08333333333333333,0.18333333333333335,0.055,0.12833333333333333,0.085,0.07,1.2133333333333336,0.041666666666666664,0.15,27.78,0.04833333333333334,0.12833333333333333,37.68666666666667,0.08333333333333333,0.12166666666666666,68.66666666666667,0.006666666666666667,0.03666666666666667,0.5233333333333333,0.005,0.11333333333333334,0.04,0.07,0.013333333333333334,0.31833333333333336,0.325,0.09,0.14500000000000002,0.09,0.19,0.065,0.125,0.075,0.07,1.4649999999999999,0.03,0.1125,25.0,0.07250000000000001,0.16749999999999998,43.305,0.09,0.125,70.83500000000001,0.0125,0.045,0.64,0.005,0.10500000000000001,0.055,0.07,0.0125,0.3575
89,60,2024-10-22,3,1,2024-2025,Pato Basquete,Fortaleza Basquete Cearense,1,0.395,0.16,0.17333333333333334,0.06166666666666667,0.17333333333333334,0.041666666666666664,0.13166666666666668,0.08166666666666667,0.05333333333333334,1.5166666666666668,0.05333333333333334,0.14166666666666664,37.830000000000005,0.08666666666666667,0.165,51.596666666666664,0.06166666666666667,0.08166666666666667,76.19,0.0,0.02,0.36999999999999994,0.018333333333333333,0.10999999999999999,0.17333333333333334,0.05333333333333334,0.01,0.4483333333333333,0.365,0.105,0.2,0.06,0.1975,0.05,0.1475,0.065,0.0775,0.84,0.035,0.1275,27.45,0.1,0.175,57.14,0.06,0.095,63.16,0.005,0.0375,0.48,0.0075,0.09,0.08,0.0775,0.0175,0.3925
82,66,2024-10-22,3,1,2024-2025,São Paulo,Sesi Franca,1,0.425,0.135,0.2,0.09,0.1975,0.055,0.1425,0.0875,0.0675,1.3,0.045,0.1325,33.96,0.1,0.18,55.56,0.09,0.11,81.82,0.0025,0.025,0.37,0.0025,0.1025,0.02,0.0675,0.015,0.4825,0.4025,0.1125,0.235,0.055,0.175,0.0375,0.1375,0.0725,0.0475,1.53,0.0375,0.1125,33.33,0.1175,0.205,57.32,0.055,0.08,68.75,0.0175,0.035,0.74,0.0125,0.085,0.15,0.0475,0.005,0.4625
58,73,2024-10-22,3,1,2024-2025,Botafogo,Corinthians,0,0.3825,0.14250000000000002,0.17,0.07,0.25,0.07,0.18,0.0775,0.0775,1.005,0.0475,0.15000000000000002,32.144999999999996,0.085,0.185,45.95,0.07,0.12,62.225,0.005,0.04,0.52,0.015,0.1075,0.14,0.0775,0.005,0.435,0.415,0.18,0.12,0.115,0.2025,0.08,0.1225,0.095,0.0475,2.0,0.06,0.1775,33.8,0.06,0.1675,35.82,0.115,0.1225,93.88,0.0025,0.025,0.53,0.0075,0.115,0.07,0.0475,0.0025,0.465
77,89,2024-10-23,3,1,2024-2025,Caxias do Sul Basquete,União Corinthians,0,0.3725,0.15,0.175,0.0475,0.185,0.045,0.14,0.0825,0.07,1.18,0.05,0.1275,39.22,0.0875,0.1825,47.95,0.0475,0.0675,70.37,0.0,0.015,0.21,0.0025,0.1125,0.02,0.07,0.0175,0.395,0.375,0.105,0.205,0.065,0.175,0.0625,0.1125,0.075,0.09,0.83,0.035,0.1075,32.56,0.1025,0.2075,49.4,0.065,0.09,72.22,0.0,0.0475,0.53,0.0,0.09,0.0,0.09,0.0175,0.38
81,76,2024-10-23,3,1,2024-2025,Brasília Basquete,São José Basketball,1,0.38499999999999995,0.18999999999999997,0.12333333333333334,0.07166666666666667,0.17333333333333334,0.045000000000000005,0.12833333333333333,0.08333333333333333,0.06333333333333334,1.3133333333333335,0.06333333333333334,0.18000000000000002,35.12,0.06166666666666667,0.14333333333333334,43.56,0.07166666666666667,0.10000000000000002,71.66666666666667,0.005,0.030000000000000002,0.47000000000000003,0.006666666666666667,0.10666666666666667,0.06666666666666667,0.06333333333333334,0.015,0.38833333333333336,0.3275,0.069375,0.1775,0.080625,0.175,0.042499999999999996,0.1325,0.07375000000000001,0.07062500000000001,1.0625,0.023125,0.105625,22.05,0.08875,0.18375000000000002,48.4875,0.080625,0.106875,75.49000000000001,0.01,0.036875,0.5349999999999999,0.013125,0.098125,0.135,0.07062500000000001,0.01,0.351875
67,80,2024-10-24,3,1,2024-2025,Botafogo,Pinheiros,0,0.3591666666666667,0.12000000000000001,0.17500000000000002,0.06416666666666666,0.24083333333333334,0.07416666666666667,0.16666666666666666,0.07583333333333332,0.07083333333333333,1.0899999999999999,0.04,0.13416666666666668,29.56,0.08750000000000001,0.20249999999999999,43.616666666666674,0.06416666666666666,0.10416666666666667,65.62,0.004166666666666667,0.03833333333333334,0.5499999999999999,0.013333333333333334,0.09833333333333333,0.1366666666666667,0.07083333333333333,0.006666666666666667,0.4075,0.33111666666666667,0.09000000000000001,0.16333333333333336,0.07778333333333333,0.19499999999999998,0.06833333333333334,0.12666666666666668,0.07445,0.07055,1.3166666666666667,0.03,0.10833333333333334,26.666666666666668,0.08166666666666668,0.18555,43.906666666666666,0.07778333333333333,0.11055,68.99333333333334,0.00945,0.04388333333333333,0.62,0.005,0.105,0.05333333333333334,0.07055,0.013333333333333334,0.36388333333333334
91,61,2024-10-24,3,1,2024-2025,Minas,Mogi Basquete,1,0.40375000000000005,0.110625,0.21125,0.081875,0.21500000000000002,0.05375,0.16125,0.0825,0.081875,1.0475,0.036875,0.114375,32.2675,0.105625,0.20124999999999998,52.6225,0.081875,0.11249999999999999,73.795,0.0075,0.03375,0.44000000000000006,0.02,0.09875,0.20500000000000002,0.081875,0.016875,0.469375,0.34248750000000006,0.11624999999999999,0.18000000000000002,0.0462375,0.17501250000000002,0.052487500000000006,0.12248749999999999,0.07875,0.07250000000000001,1.09,0.038737499999999994,0.12373749999999999,31.237499999999997,0.09000000000000001,0.1987625,45.255,0.0462375,0.0724875,63.042500000000004,0.0074875,0.0449875,0.6325000000000001,0.0062375,0.1037625,0.06,0.07250000000000001,0.0125,0.35500000000000004
90,100,2024-10-24,3,1,2024-2025,Paulistano,Sesi Franca,0,0.36750000000000005,0.14250000000000002,0.155,0.07,0.1825,0.055,0.1275,0.0925,0.0875,1.065,0.0475,0.13,35.715,0.0775,0.15000000000000002,51.349999999999994,0.07,0.105,67.36,0.015,0.0475,0.545,0.01,0.10250000000000001,0.085,0.0875,0.01,0.4225,0.4066666666666667,0.125,0.2333333333333333,0.04833333333333334,0.16416666666666666,0.03666666666666667,0.1275,0.07833333333333332,0.049999999999999996,1.5666666666666667,0.041666666666666664,0.11833333333333333,35.04,0.11666666666666665,0.20333333333333334,57.379999999999995,0.04833333333333334,0.06916666666666667,70.39333333333333,0.015000000000000001,0.037500000000000006,0.75,0.015833333333333335,0.0825,0.19666666666666666,0.049999999999999996,0.005833333333333334,0.4683333333333333
70,83,2024-10-24,3,1,2024-2025,Flamengo,Corinthians,0,0.40666666666666673,0.17500000000000002,0.17,0.06166666666666667,0.225,0.06166666666666667,0.16333333333333333,0.09833333333333333,0.075,1.3266666666666667,0.05833333333333334,0.155,37.63666666666666,0.085,0.15666666666666665,53.79333333333333,0.06166666666666667,0.08833333333333333,71.62666666666667,0.013333333333333334,0.049999999999999996,0.6733333333333333,0.015,0.09999999999999999,0.1466666666666667,0.075,0.023333333333333334,0.525,0.4066666666666667,0.16749999999999998,0.15,0.08916666666666667,0.21166666666666667,0.07166666666666667,0.13999999999999999,0.09749999999999999,0.04583333333333334,2.1366666666666667,0.055833333333333325,0.17166666666666666,32.43,0.075,0.17833333333333334,41.38,0.08916666666666667,0.09916666666666667,86.39666666666666,0.004166666666666667,0.025000000000000005,0.5499999999999999,0.0075,0.10666666666666667,0.07333333333333335,0.04583333333333334,0.004166666666666667,0.47333333333333333
85,77,2024-10-25,3,1,2024-2025,Pato Basquete,UNIFACISA,1,0.405,0.163125,0.17625000000000002,0.065625,0.181875,0.043125,0.13875,0.081875,0.055625,1.4675000000000002,0.054375,0.1425,38.2875,0.08812500000000001,0.16875,51.545,0.065625,0.08625,76.5175,0.00125,0.023125,0.4075,0.016875,0.105625,0.165,0.055625,0.00875,0.46375,0.365,0.105,0.19,0.07,0.1625,0.0525,0.11,0.0675,0.0675,1.0,0.035,0.15,23.33,0.095,0.1575,60.32,0.07,0.0975,71.79,0.015,0.045,0.67,0.02,0.0975,0.21,0.0675,0.01,0.3875
86,80,2024-10-26,3,1,2024-2025,Brasília Basquete,Mogi Basquete,1,0.39312499999999995,0.19499999999999998,0.12375,0.07437500000000001,0.176875,0.05,0.12687500000000002,0.083125,0.06375,1.3025000000000002,0.065,0.179375,36.199999999999996,0.061875,0.13875,45.17,0.07437500000000001,0.10125,73.3925,0.005,0.028125000000000004,0.44000000000000006,0.006875,0.10500000000000001,0.07,0.06375,0.01375,0.40625,0.3444900000000001,0.1275,0.17,0.04699,0.16701000000000002,0.05149,0.11548999999999998,0.08049999999999999,0.07350000000000001,1.098,0.04248999999999999,0.12849,32.785999999999994,0.085,0.19051,44.458000000000006,0.04699,0.07299,63.76800000000001,0.0069900000000000006,0.045989999999999996,0.636,0.00649,0.10550999999999999,0.062,0.07350000000000001,0.0125,0.35350000000000004
66,61,2024-10-26,3,1,2024-2025,Flamengo,Pinheiros,1,0.39000000000000007,0.1575,0.16875,0.06375,0.211875,0.057499999999999996,0.15437499999999998,0.0925,0.06937499999999999,1.3525,0.052500000000000005,0.15437499999999998,33.964999999999996,0.084375,0.155,54.095,0.06375,0.09,72.14,0.01375,0.0475,0.6950000000000001,0.01125,0.09812499999999999,0.11000000000000001,0.06937499999999999,0.018750000000000003,0.485,0.334175,0.09,0.17250000000000001,0.071675,0.19749999999999998,0.07,0.1275,0.07417499999999999,0.070825,1.2425,0.03,0.10625000000000001,27.5,0.08625000000000001,0.194575,44.207499999999996,0.071675,0.103325,68.0725,0.007925,0.043324999999999995,0.61,0.005,0.105,0.052500000000000005,0.070825,0.01375,0.367075
78,68,2024-10-26,3,1,2024-2025,São Paulo,Bauru Basket,1,0.4166666666666667,0.13,0.19166666666666665,0.09499999999999999,0.19499999999999998,0.05333333333333334,0.14166666666666666,0.08166666666666667,0.06666666666666667,1.2266666666666668,0.043333333333333335,0.12583333333333332,34.49333333333333,0.09583333333333333,0.18166666666666664,52.80666666666667,0.09499999999999999,0.11583333333333334,81.99666666666666,0.0025,0.028333333333333335,0.4266666666666667,0.0016666666666666668,0.09666666666666666,0.013333333333333334,0.06666666666666667,0.014166666666666666,0.46749999999999997,0.435,0.105,0.21,0.12,0.2325,0.08,0.1525,0.09,0.05,1.8,0.035,0.1575,22.22,0.105,0.2125,49.41,0.12,0.155,77.42,0.005,0.0375,0.75,0.01,0.13,0.08,0.05,0.0075,0.49
52,77,2024-10-27,4,1,2024-2025,Fortaleza Basquete Cearense,Botafogo,0,0.3433333333333333,0.105,0.17666666666666667,0.06166666666666667,0.18166666666666667,0.04833333333333334,0.13333333333333333,0.05833333333333333,0.07666666666666666,0.7599999999999999,0.035,0.13,26.94333333333333,0.08833333333333333,0.16833333333333333,52.07333333333333,0.06166666666666667,0.09333333333333334,66.17999999999999,0.005,0.034999999999999996,0.4533333333333333,0.006666666666666667,0.08833333333333333,0.07333333333333333,0.07666666666666666,0.015000000000000001,0.3416666666666666,0.34750000000000003,0.10875000000000001,0.1775,0.06125,0.23625000000000002,0.07625000000000001,0.16,0.075,0.0675,1.1324999999999998,0.03625,0.12625,28.2675,0.08875,0.21125,42.45,0.06125,0.09625,67.3175,0.0037500000000000003,0.037500000000000006,0.565,0.0125,0.09375,0.135,0.0675,0.0075,0.39375
79,83,2024-10-28,4,1,2024-2025,Paulistano,Bauru Basket,0,0.395,0.155,0.17666666666666667,0.06333333333333334,0.18333333333333335,0.05833333333333333,0.125,0.09166666666666667,0.07833333333333332,1.21,0.051666666666666666,0.13,39.193333333333335,0.08833333333333333,0.17,51.69333333333333,0.06333333333333334,0.09000000000000001,72.68333333333334,0.013333333333333334,0.04,0.5033333333333333,0.011666666666666667,0.10000000000000002,0.11,0.07833333333333332,0.006666666666666667,0.4566666666666667,0.4033333333333333,0.12,0.18999999999999997,0.09333333333333332,0.22166666666666668,0.08,0.14166666666666666,0.085,0.055,1.5833333333333333,0.04,0.16833333333333333,23.586666666666662,0.09499999999999999,0.19333333333333333,49.06999999999999,0.09333333333333332,0.125,72.12666666666667,0.0033333333333333335,0.03333333333333333,0.6266666666666666,0.013333333333333334,0.12833333333333333,0.10666666666666667,0.055,0.01,0.44333333333333336
93,70,2024-10-28,4,1,2024-2025,Sesi Franca,Pato Basquete,1,0.40875,0.13125,0.23249999999999998,0.045000000000000005,0.15874999999999997,0.036250000000000004,0.1225,0.08124999999999999,0.05125,1.585,0.04375,0.12125,35.895,0.11624999999999999,0.2025,57.41,0.045000000000000005,0.06375,71.215,0.013750000000000002,0.03875000000000001,0.755,0.0175,0.08125,0.21999999999999997,0.05125,0.00625,0.47125,0.41100000000000003,0.16499999999999998,0.17800000000000002,0.068,0.187,0.044,0.14300000000000002,0.082,0.05700000000000001,1.4380000000000002,0.05500000000000001,0.143,38.562,0.08900000000000001,0.17099999999999999,51.513999999999996,0.068,0.089,76.714,0.002,0.025,0.43,0.016,0.10300000000000001,0.16,0.05700000000000001,0.008,0.47300000000000003
56,78,2024-10-29,4,1,2024-2025,Fortaleza Basquete Cearense,Flamengo,0,0.3308375,0.0925,0.1841625,0.0541625,0.1820875,0.0475,0.1345875,0.057499999999999996,0.0770875,0.7449999999999999,0.030837500000000004,0.11958750000000001,25.395,0.0920875,0.1783375,51.455,0.0541625,0.08333750000000001,64.48,0.005,0.031662499999999996,0.41,0.0066625,0.0866625,0.075,0.0770875,0.0175,0.32749999999999996,0.38000000000000006,0.147,0.168,0.065,0.20400000000000001,0.05499999999999999,0.14899999999999997,0.089,0.06599999999999999,1.3679999999999999,0.049,0.15399999999999997,31.761999999999993,0.084,0.154,54.275999999999996,0.065,0.091,72.44800000000001,0.014000000000000002,0.046,0.708,0.009,0.097,0.08800000000000001,0.06599999999999999,0.016000000000000004,0.46099999999999997
67,77,2024-10-29,4,1,2024-2025,Pinheiros,Minas,0,0.33601000000000003,0.09,0.17800000000000002,0.06801,0.19899999999999998,0.07100000000000001,0.128,0.07400999999999999,0.07099,1.198,0.03,0.10500000000000001,28.0,0.08900000000000001,0.19999,44.388,0.06801,0.09899,67.52000000000001,0.00701,0.042989999999999993,0.604,0.005,0.10500000000000001,0.052000000000000005,0.07099,0.014000000000000002,0.36899,0.41400000000000003,0.12,0.21400000000000002,0.08,0.21100000000000002,0.054000000000000006,0.157,0.083,0.079,1.09,0.039999999999999994,0.11800000000000002,33.738,0.10700000000000001,0.19899999999999998,53.94,0.08,0.10799999999999998,75.148,0.009,0.036,0.48600000000000004,0.02,0.096,0.21200000000000002,0.079,0.015000000000000003,0.487
90,74,2024-10-30,4,1,2024-2025,UNIFACISA,Botafogo,1,0.37166666666666665,0.125,0.17333333333333334,0.07333333333333335,0.18000000000000002,0.049999999999999996,0.13,0.065,0.065,1.0,0.041666666666666664,0.165,24.956666666666667,0.08666666666666667,0.15166666666666667,56.879999999999995,0.07333333333333335,0.105,70.08333333333333,0.013333333333333334,0.043333333333333335,0.67,0.016666666666666666,0.105,0.16666666666666666,0.065,0.01,0.39166666666666666,0.35167000000000004,0.11400000000000002,0.182,0.05567,0.22233,0.06967000000000001,0.15267,0.07766999999999999,0.06833,1.152,0.038,0.12633,29.72,0.091,0.20600000000000002,44.77,0.05567,0.08867,65.282,0.005,0.03667,0.5459999999999999,0.011330000000000002,0.09133,0.124,0.06833,0.007669999999999999,0.395
86,84,2024-10-30,4,1,2024-2025,São Paulo,Paulistano,1,0.4125,0.1275,0.1875,0.09749999999999999,0.19374999999999998,0.052500000000000005,0.14125,0.07875,0.06625,1.19,0.0425,0.1225,34.760000000000005,0.09375,0.1825,51.43000000000001,0.09749999999999999,0.11875000000000001,82.085,0.0025,0.030000000000000002,0.455,0.00125,0.09375,0.01,0.06625,0.013749999999999998,0.45999999999999996,0.4008375,0.1525,0.18,0.0683375,0.1779125,0.0558375,0.1220875,0.08958750000000001,0.0770875,1.1925,0.0508375,0.12625,39.9025,0.09,0.1733375,51.724999999999994,0.0683375,0.0945875,73.7425,0.012087500000000001,0.041249999999999995,0.53,0.012087500000000001,0.09916250000000001,0.11750000000000001,0.0770875,0.00875,0.45958750000000004
60,86,2024-10-31,4,1,2024-2025,Corinthians,Minas,0,0.40249999999999997,0.16124999999999998,0.16499999999999998,0.07625,0.21625,0.0675,0.14875,0.09874999999999999,0.045000000000000005,2.205,0.05374999999999999,0.16875,31.744999999999997,0.08249999999999999,0.18375000000000002,44.16,0.07625,0.0875,82.655,0.005,0.025,0.5599999999999999,0.0075,0.10250000000000001,0.07500000000000001,0.045000000000000005,0.005,0.4775,0.41291666666666665,0.1225,0.21750000000000003,0.07291666666666667,0.2141666666666667,0.05791666666666667,0.15625,0.0825,0.07583333333333334,1.1300000000000001,0.04083333333333333,0.11708333333333336,34.781666666666666,0.10875000000000001,0.20375,53.55833333333333,0.07291666666666667,0.09833333333333333,75.12333333333333,0.008333333333333333,0.035833333333333335,0.5016666666666667,0.018333333333333333,0.09458333333333334,0.19500000000000003,0.07583333333333334,0.017083333333333336,0.49124999999999996
81,80,2024-10-31,4,1,2024-2025,Caxias do Sul Basquete,Pato Basquete,1,0.37666666666666665,0.145,0.16,0.07166666666666667,0.18833333333333332,0.06333333333333334,0.125,0.08,0.07,1.1433333333333333,0.04833333333333334,0.13833333333333334,35.52333333333333,0.08,0.17666666666666667,45.09666666666667,0.07166666666666667,0.10000000000000002,71.15666666666668,0.0033333333333333335,0.021666666666666667,0.30666666666666664,0.0033333333333333335,0.11666666666666665,0.02666666666666667,0.07,0.016666666666666666,0.385,0.40360833333333335,0.15916666666666665,0.17610833333333334,0.06833333333333334,0.185275,0.04555833333333333,0.13972500000000002,0.07889166666666668,0.060000000000000005,1.3383333333333336,0.05305833333333334,0.13944166666666666,38.071666666666665,0.08805833333333335,0.17166666666666666,50.865,0.06833333333333334,0.09139166666666666,75.21833333333333,0.0016666666666666668,0.025833333333333333,0.425,0.014725,0.10583333333333333,0.14500000000000002,0.060000000000000005,0.009441666666666668,0.45527500000000004
75,89,2024-10-31,4,1,2024-2025,Pinheiros,Brasília Basquete,0,0.339175,0.09499999999999999,0.17833333333333334,0.06584166666666667,0.19666666666666666,0.06833333333333334,0.12833333333333333,0.072925,0.072075,1.1433333333333333,0.03166666666666667,0.11,28.271666666666665,0.08916666666666667,0.19457500000000003,45.945,0.06584166666666667,0.095825,67.72500000000001,0.005841666666666666,0.03874166666666667,0.5416666666666666,0.005833333333333334,0.10375000000000001,0.06,0.072075,0.013333333333333334,0.3674916666666666,0.39799999999999996,0.19799999999999998,0.124,0.07600000000000001,0.179,0.053000000000000005,0.12600000000000003,0.083,0.064,1.296,0.066,0.179,36.848,0.062,0.136,46.136,0.07600000000000001,0.10200000000000001,74.428,0.005,0.027000000000000003,0.42200000000000004,0.007000000000000001,0.10400000000000001,0.07200000000000001,0.064,0.013000000000000001,0.417
76,70,2024-10-31,4,1,2024-2025,Bauru Basket,Sesi Franca,1,0.3991625,0.1275,0.1875,0.08416249999999999,0.21250000000000002,0.07166249999999999,0.1408375,0.0854125,0.058750000000000004,1.4975,0.0425,0.1608375,26.724999999999998,0.09375,0.1908375,49.074999999999996,0.08416249999999999,0.11375,71.8025,0.0045874999999999996,0.0333375,0.59,0.0129125,0.1241625,0.10500000000000001,0.058750000000000004,0.009587499999999999,0.4395875,0.4085,0.1275,0.225,0.05600000000000001,0.16549999999999998,0.038,0.1275,0.08199999999999999,0.05349999999999999,1.54,0.042499999999999996,0.11850000000000001,35.692,0.1125,0.2015,55.802,0.05600000000000001,0.0765,72.658,0.013500000000000002,0.036000000000000004,0.6839999999999999,0.0165,0.082,0.20599999999999996,0.05349999999999999,0.007000000000000001,0.46950000000000003
68,70,2024-11-01,4,1,2024-2025,Fortaleza Basquete Cearense,Vasco da Gama,0,0.32334,0.08499999999999999,0.18866,0.04966,0.18234,0.047,0.13534,0.056999999999999995,0.07734,0.736,0.028340000000000004,0.11334000000000002,24.466,0.09434000000000001,0.18434,51.083999999999996,0.04966,0.07734,63.46,0.005,0.02966,0.384,0.006660000000000001,0.08566,0.076,0.07734,0.019,0.31899999999999995,0.30625,0.10875,0.11250000000000002,0.08499999999999999,0.195,0.06,0.135,0.07875,0.07625000000000001,1.0675000000000001,0.03625,0.1525,23.96,0.05625000000000001,0.1325,42.057500000000005,0.08499999999999999,0.1175,72.9275,0.0075,0.035,0.4725,0.01,0.115,0.08249999999999999,0.07625000000000001,0.01375,0.32375000000000004
77,87,2024-11-01,4,1,2024-2025,UNIFACISA,Flamengo,0,0.383125,0.129375,0.18375,0.07,0.18,0.04875,0.13125,0.065625,0.059375000000000004,1.1475,0.043125,0.16749999999999998,25.5025,0.091875,0.15812500000000002,57.8,0.07,0.09625,73.99,0.0125,0.043125000000000004,0.7525000000000001,0.014375,0.098125,0.15,0.059375000000000004,0.009375,0.41000000000000003,0.38541666666666674,0.14625,0.17250000000000001,0.06666666666666667,0.20541666666666666,0.05291666666666666,0.1525,0.085,0.06458333333333333,1.3283333333333334,0.04875000000000001,0.1525,31.928333333333327,0.08625000000000001,0.15541666666666668,55.23,0.06666666666666667,0.09083333333333332,74.26166666666667,0.013333333333333334,0.04041666666666667,0.6266666666666667,0.007916666666666667,0.09333333333333332,0.07833333333333335,0.06458333333333333,0.014583333333333337,0.4624999999999999
78,74,2024-11-01,4,1,2024-2025,Mogi Basquete,São Paulo,1,0.34582500000000005,0.13499999999999998,0.16333333333333336,0.04749166666666666,0.161675,0.050825,0.11082499999999999,0.08166666666666667,0.07416666666666667,1.1033333333333333,0.04499166666666666,0.13165833333333332,33.81833333333333,0.08166666666666668,0.18500833333333333,43.92666666666667,0.04749166666666666,0.073325,64.25166666666668,0.006658333333333333,0.04665833333333333,0.6383333333333333,0.006658333333333333,0.106675,0.06333333333333334,0.07416666666666667,0.012499999999999999,0.35250000000000004,0.41,0.11850000000000001,0.193,0.09849999999999999,0.192,0.053500000000000006,0.13849999999999998,0.08049999999999999,0.07050000000000001,1.152,0.0395,0.12,32.80800000000001,0.0965,0.182,53.08800000000001,0.09849999999999999,0.11950000000000001,82.402,0.0025,0.029000000000000005,0.422,0.003,0.0935,0.03,0.07050000000000001,0.013499999999999998,0.45699999999999996
88,70,2024-11-02,4,1,2024-2025,Paulistano,Botafogo,1,0.40434000000000003,0.151,0.182,0.07134,0.17465999999999998,0.05434,0.12034,0.08834000000000002,0.07634,1.182,0.050339999999999996,0.124,40.328,0.091,0.17534,51.74399999999999,0.07134,0.09734000000000001,74.37800000000001,0.01134,0.041999999999999996,0.546,0.01234,0.09866000000000001,0.12200000000000003,0.07634,0.01,0.46134000000000003,0.35445,0.11750000000000001,0.18499999999999997,0.051949999999999996,0.21305,0.06528333333333335,0.14778333333333335,0.07945,0.06888333333333334,1.165,0.03916666666666666,0.12638333333333332,30.688333333333333,0.09249999999999999,0.2025,46.31666666666667,0.051949999999999996,0.08361666666666667,63.92499999999999,0.005833333333333334,0.036116666666666665,0.5333333333333332,0.010550000000000002,0.08971666666666667,0.11666666666666665,0.06888333333333334,0.007783333333333332,0.3958333333333333
99,105,2024-11-02,4,1,2024-2025,Corinthians,Brasília Basquete,0,0.40149999999999997,0.16499999999999998,0.16699999999999998,0.06949999999999999,0.2045,0.064,0.1405,0.09999999999999999,0.044000000000000004,2.29,0.05499999999999999,0.1715,31.971999999999998,0.08349999999999999,0.18200000000000002,45.327999999999996,0.06949999999999999,0.08099999999999999,81.578,0.0055,0.025,0.574,0.008499999999999999,0.0995,0.08800000000000001,0.044000000000000004,0.004,0.469,0.4124999999999999,0.19999999999999998,0.12916666666666668,0.08333333333333333,0.1825,0.05375,0.12875,0.08416666666666667,0.06083333333333333,1.4133333333333333,0.06666666666666667,0.17791666666666664,37.47,0.06458333333333334,0.14041666666666666,46.395,0.08333333333333333,0.10791666666666666,76.56833333333333,0.005416666666666667,0.02875,0.49000000000000005,0.006666666666666667,0.10083333333333333,0.07,0.06083333333333333,0.012916666666666667,0.44208333333333333
73,67,2024-11-02,4,1,2024-2025,Bauru Basket,São José Basketball,1,0.39665999999999996,0.132,0.186,0.07865999999999998,0.20700000000000002,0.06665999999999998,0.14034,0.08566,0.06100000000000001,1.4460000000000002,0.044000000000000004,0.15633999999999998,28.607999999999997,0.093,0.18934,49.077999999999996,0.07865999999999998,0.10700000000000001,71.60799999999999,0.005339999999999999,0.033339999999999995,0.568,0.01266,0.12165999999999999,0.10400000000000001,0.06100000000000001,0.009339999999999998,0.43734,0.332,0.066,0.186,0.08,0.175,0.043,0.132,0.07200000000000001,0.069,1.058,0.022,0.10700000000000001,20.752000000000002,0.093,0.18200000000000002,51.362,0.08,0.10700000000000001,74.81000000000002,0.008,0.033999999999999996,0.4999999999999999,0.012,0.099,0.12200000000000003,0.069,0.01,0.355
81,70,2024-11-02,4,1,2024-2025,União Corinthians,Pato Basquete,1,0.3983333333333334,0.105,0.21,0.08333333333333333,0.17333333333333334,0.055,0.11833333333333333,0.08833333333333333,0.085,1.0633333333333332,0.035,0.10666666666666667,32.81666666666667,0.105,0.19666666666666666,53.88666666666666,0.08333333333333333,0.10666666666666667,76.71666666666665,0.006666666666666667,0.04,0.4633333333333334,0.0016666666666666668,0.10666666666666667,0.013333333333333334,0.085,0.02,0.43,0.3983285714285714,0.155,0.17475714285714286,0.06857142857142857,0.18404285714285715,0.04667142857142857,0.1373857142857143,0.07667142857142858,0.06214285714285715,1.2671428571428573,0.051671428571428576,0.1369,37.721428571428575,0.0873857142857143,0.17214285714285715,50.401428571428575,0.06857142857142857,0.0931,74.14999999999999,0.0014285714285714286,0.02642857142857143,0.4214285714285714,0.013814285714285713,0.10785714285714286,0.1342857142857143,0.06214285714285715,0.010471428571428573,0.44261428571428574
72,81,2024-11-04,5,1,2024-2025,UNIFACISA,Vasco da Gama,0,0.39,0.13199999999999998,0.19,0.068,0.18,0.048,0.132,0.066,0.05600000000000001,1.236,0.044,0.16899999999999998,25.830000000000002,0.095,0.162,58.352,0.068,0.091,76.33399999999999,0.012,0.043000000000000003,0.8019999999999999,0.013000000000000001,0.094,0.13999999999999999,0.05600000000000001,0.009,0.421,0.31500000000000006,0.11699999999999999,0.11600000000000002,0.08199999999999999,0.188,0.063,0.125,0.078,0.06500000000000002,1.6039999999999999,0.039,0.16,24.432,0.05800000000000001,0.137,42.034000000000006,0.08199999999999999,0.11099999999999999,74.81199999999998,0.006,0.036000000000000004,0.7779999999999999,0.008,0.10800000000000001,0.06599999999999999,0.06500000000000002,0.012,0.33100000000000007
84,55,2024-11-04,5,1,2024-2025,Flamengo,Caxias do Sul Basquete,1,0.38928571428571435,0.1457142857142857,0.17571428571428574,0.06785714285714287,0.2064285714285714,0.05142857142857142,0.155,0.08214285714285714,0.06357142857142857,1.3,0.04857142857142858,0.1514285714285714,32.04714285714285,0.08785714285714287,0.15642857142857142,55.91142857142857,0.06785714285714287,0.0907142857142857,75.55714285714285,0.012857142857142857,0.03642857142857143,0.5685714285714286,0.0071428571428571435,0.0907142857142857,0.07142857142857144,0.06357142857142857,0.013571428571428576,0.46357142857142847,0.38375,0.135,0.16749999999999998,0.08125,0.1875,0.06375,0.12375,0.08249999999999999,0.0625,1.42,0.045000000000000005,0.1375,33.125,0.08374999999999999,0.17875000000000002,46.660000000000004,0.08125,0.10625000000000001,75.3675,0.005,0.02375,0.4175,0.005,0.11124999999999999,0.0475,0.0625,0.0175,0.4075
77,86,2024-11-04,5,1,2024-2025,Sesi Franca,São José Basketball,0,0.4083333333333334,0.12500000000000003,0.22,0.06333333333333334,0.17,0.03916666666666666,0.13083333333333333,0.0825,0.05499999999999999,1.51,0.041666666666666664,0.11666666666666668,35.556666666666665,0.11,0.20083333333333334,54.73,0.06333333333333334,0.085,73.62,0.013333333333333334,0.03416666666666667,0.6366666666666666,0.015833333333333335,0.0825,0.19666666666666663,0.05499999999999999,0.007500000000000001,0.4683333333333333,0.3325,0.065,0.18666666666666665,0.08083333333333334,0.18166666666666667,0.049166666666666664,0.1325,0.07666666666666667,0.07416666666666667,1.0483333333333333,0.021666666666666667,0.10916666666666668,20.07166666666667,0.09333333333333332,0.18250000000000002,51.36000000000001,0.08083333333333334,0.10833333333333334,74.66000000000001,0.009166666666666667,0.03583333333333333,0.49166666666666664,0.01,0.10083333333333333,0.10166666666666668,0.07416666666666667,0.01,0.35833333333333334
69,75,2024-11-05,5,1,2024-2025,Paulistano,Corinthians,0,0.40667500000000006,0.15,0.18333333333333332,0.07334166666666668,0.17249166666666668,0.05334166666666667,0.11917499999999999,0.08750833333333335,0.07584166666666668,1.1749999999999998,0.05000833333333333,0.1225,40.61166666666667,0.09166666666666666,0.176675,51.75666666666666,0.07334166666666668,0.09917500000000001,74.80166666666668,0.010841666666666666,0.04249999999999999,0.5566666666666666,0.012508333333333335,0.09832500000000001,0.12500000000000003,0.07584166666666668,0.010833333333333334,0.46250833333333335,0.4008333333333333,0.16749999999999998,0.16833333333333333,0.06499999999999999,0.19666666666666666,0.06166666666666667,0.135,0.10083333333333333,0.043333333333333335,2.3466666666666662,0.055833333333333325,0.17333333333333334,32.12333333333333,0.08416666666666667,0.18083333333333337,46.10666666666666,0.06499999999999999,0.07666666666666666,80.86,0.005833333333333334,0.024999999999999998,0.5833333333333333,0.009166666666666665,0.09750000000000002,0.09666666666666668,0.043333333333333335,0.0033333333333333335,0.4633333333333333
69,76,2024-11-05,5,1,2024-2025,São Paulo,Pinheiros,0,0.40833333333333327,0.1125,0.19666666666666666,0.09916666666666667,0.19083333333333333,0.05416666666666667,0.13666666666666663,0.08166666666666667,0.07333333333333335,1.1266666666666667,0.0375,0.11833333333333333,31.50666666666667,0.09833333333333333,0.18166666666666664,54.19333333333335,0.09916666666666667,0.12,82.61333333333333,0.0025,0.028333333333333335,0.39999999999999997,0.004166666666666667,0.09333333333333334,0.043333333333333335,0.07333333333333335,0.01333333333333333,0.4549999999999999,0.3414357142857143,0.09857142857142856,0.17857142857142858,0.06429285714285714,0.195,0.06642857142857143,0.1285714285714286,0.07215,0.07285,1.1042857142857143,0.032857142857142856,0.11357142857142857,28.465714285714284,0.08928571428571429,0.19070714285714288,47.057142857142864,0.06429285714285714,0.0935642857142857,67.87142857142858,0.005007142857142857,0.03570714285714286,0.49714285714285716,0.006428571428571429,0.10285714285714287,0.06571428571428571,0.07285,0.012857142857142857,0.3664214285714285
73,72,2024-11-05,5,1,2024-2025,Brasília Basquete,Fortaleza Basquete Cearense,1,0.42285714285714276,0.20142857142857143,0.13285714285714287,0.08857142857142856,0.185,0.054285714285714284,0.13071428571428573,0.08499999999999999,0.058571428571428566,1.497142857142857,0.06714285714285714,0.1771428571428571,37.91428571428571,0.06642857142857143,0.1435714285714286,46.58,0.08857142857142856,0.11214285714285713,78.09714285714286,0.005714285714285714,0.030000000000000002,0.5385714285714286,0.0064285714285714285,0.09857142857142856,0.06857142857142857,0.058571428571428566,0.012857142857142857,0.45999999999999996,0.3183416666666667,0.08,0.19165833333333335,0.046658333333333336,0.18250833333333336,0.04666666666666666,0.13584166666666667,0.056666666666666664,0.07750833333333335,0.73,0.026675000000000004,0.10917500000000002,23.846666666666664,0.09584166666666667,0.18834166666666666,50.836666666666666,0.046658333333333336,0.07334166666666668,62.78,0.005,0.028325,0.3666666666666667,0.006658333333333335,0.08499166666666667,0.07666666666666667,0.07750833333333335,0.02,0.3133333333333333
71,80,2024-11-06,5,1,2024-2025,Botafogo,União Corinthians,0,0.3564357142857143,0.12000000000000001,0.1871428571428571,0.04929285714285714,0.20642142857142856,0.062150000000000004,0.14429285714285717,0.08072142857142858,0.06927857142857143,1.1742857142857144,0.039999999999999994,0.12642142857142855,31.38,0.09357142857142856,0.2,47.42142857142858,0.04929285714285714,0.08000714285714286,62.95571428571428,0.006428571428571429,0.03572142857142857,0.5242857142857141,0.009992857142857145,0.08856428571428572,0.11142857142857142,0.06927857142857143,0.007864285714285713,0.3964285714285714,0.4,0.10125,0.2175,0.08125,0.17375000000000002,0.052500000000000005,0.12125,0.09,0.08125,1.1375,0.03375,0.1075,31.43,0.10875,0.1975,55.415,0.08125,0.10625,75.395,0.005,0.042499999999999996,0.525,0.00375,0.11125,0.03,0.08125,0.018750000000000003,0.44125000000000003
77,68,2024-11-06,5,1,2024-2025,Sesi Franca,Mogi Basquete,1,0.4064285714285715,0.12571428571428572,0.21666428571428573,0.06405000000000001,0.16976428571428573,0.038571428571428576,0.13119285714285714,0.08023571428571429,0.05428571428571428,1.4842857142857144,0.04190714285714286,0.12000000000000001,34.89857142857143,0.1083357142857143,0.19523571428571432,55.6,0.06405000000000001,0.08571428571428572,73.95000000000002,0.01237857142857143,0.035,0.66,0.015,0.08237857142857143,0.1857142857142857,0.05428571428571428,0.00737857142857143,0.46547857142857146,0.35213571428571433,0.13714285714285715,0.1642857142857143,0.05070714285714285,0.1614357142857143,0.04999285714285714,0.11142142857142856,0.08142857142857142,0.07285714285714286,1.1214285714285714,0.04570714285714285,0.1342785714285714,33.748571428571424,0.08214285714285716,0.1828642857142857,44.794285714285714,0.05070714285714285,0.07570714285714286,66.18428571428572,0.006421428571428571,0.04927857142857143,0.6900000000000001,0.007135714285714286,0.11072142857142857,0.0642857142857143,0.07285714285714286,0.012142857142857141,0.3642857142857143
86,64,2024-11-07,5,1,2024-2025,Minas,Fortaleza Basquete Cearense,1,0.4121428571428571,0.12428571428571429,0.22,0.06785714285714285,0.21642857142857144,0.06071428571428572,0.15571428571428572,0.08214285714285716,0.07357142857142858,1.1585714285714286,0.041428571428571426,0.11642857142857145,35.527142857142856,0.11,0.20714285714285713,53.28571428571428,0.06785714285714285,0.09142857142857143,75.10571428571428,0.007857142857142856,0.03571428571428571,0.5128571428571429,0.017142857142857144,0.09357142857142857,0.18285714285714288,0.07357142857142858,0.018571428571428572,0.4942857142857143,0.32143571428571427,0.0825,0.19070714285714288,0.04820714285714286,0.1825071428571429,0.05071428571428571,0.13179285714285713,0.05714285714285714,0.07965000000000001,0.7185714285714286,0.027507142857142862,0.11107857142857146,24.229999999999997,0.09536428571428572,0.18929285714285715,50.35142857142857,0.04820714285714286,0.0739357142857143,64.41,0.004642857142857143,0.03035,0.38,0.00677857142857143,0.08677857142857144,0.07714285714285715,0.07965000000000001,0.01892857142857143,0.3153571428571428
80,71,2024-11-07,5,1,2024-2025,Vasco da Gama,Caxias do Sul Basquete,1,0.32916666666666666,0.12416666666666666,0.12055833333333334,0.08444166666666665,0.189725,0.06110833333333334,0.12860833333333332,0.08,0.06555833333333334,1.5566666666666666,0.04139166666666667,0.16055833333333333,25.801666666666666,0.060275,0.13833333333333334,43.26666666666667,0.08444166666666665,0.11416666666666665,74.73666666666666,0.006108333333333334,0.03610833333333333,0.7383333333333333,0.007775000000000001,0.10639166666666668,0.06666666666666667,0.06555833333333334,0.011941666666666665,0.35027500000000006,0.372,0.132,0.16266999999999998,0.07733,0.18933,0.06567,0.12366999999999999,0.08066999999999999,0.06533,1.3279999999999998,0.044000000000000004,0.13533,32.815999999999995,0.08132999999999999,0.17867000000000002,45.366,0.07733,0.10300000000000001,73.998,0.006,0.024,0.4,0.006,0.11067,0.05600000000000001,0.06533,0.01733,0.39232999999999996
77,75,2024-11-07,5,1,2024-2025,São Paulo,Flamengo,1,0.4021428571428571,0.11678571428571428,0.19285714285714284,0.0925,0.1907142857142857,0.052142857142857144,0.13857142857142854,0.08392857142857144,0.07250000000000001,1.1714285714285713,0.03892857142857143,0.12107142857142857,31.941428571428577,0.09642857142857142,0.18107142857142855,53.29285714285715,0.0925,0.1125,81.92285714285715,0.002857142857142857,0.028928571428571432,0.4114285714285714,0.005714285714285714,0.09285714285714286,0.06142857142857144,0.07250000000000001,0.012857142857142855,0.45214285714285707,0.39031250000000006,0.148125,0.17312500000000003,0.0690625,0.20812499999999998,0.05406249999999999,0.1540625,0.08781249999999999,0.0628125,1.415,0.049375,0.1528125,32.272499999999994,0.08656250000000001,0.1578125,54.70625,0.0690625,0.09249999999999999,75.33875,0.0115625,0.0375,0.5950000000000001,0.009375000000000001,0.08874999999999998,0.10375000000000001,0.0628125,0.012812500000000004,0.47218749999999987
68,66,2024-11-08,5,1,2024-2025,Bauru Basket,Mogi Basquete,1,0.39499166666666663,0.135,0.18499999999999997,0.07499166666666665,0.20333333333333337,0.06332499999999998,0.14000833333333332,0.085825,0.06250000000000001,1.4116666666666668,0.045000000000000005,0.15334166666666665,29.863333333333333,0.09249999999999999,0.18834166666666666,49.080000000000005,0.07499166666666665,0.1025,71.47833333333332,0.005841666666666666,0.033341666666666665,0.5533333333333333,0.012491666666666665,0.11999166666666666,0.10333333333333333,0.06250000000000001,0.009174999999999997,0.4358416666666667,0.34999375000000005,0.1378125,0.1625,0.049681249999999996,0.15938125,0.047806249999999995,0.11155625,0.0809375,0.071875,1.13,0.04593124999999999,0.13499375,33.771249999999995,0.08125,0.17813125,45.66,0.049681249999999996,0.07436875000000001,66.08375000000001,0.006243749999999999,0.047181249999999994,0.66625,0.0065562500000000004,0.11000625,0.058750000000000004,0.071875,0.012187499999999999,0.3615625
62,75,2024-11-08,5,1,2024-2025,São José Basketball,Paulistano,0,0.3378571428571429,0.07071428571428572,0.18928571428571428,0.07785714285714286,0.18071428571428574,0.048928571428571425,0.1317857142857143,0.07392857142857144,0.07428571428571429,1.0085714285714287,0.023571428571428573,0.11142857142857143,21.204285714285714,0.09464285714285714,0.18357142857142858,51.730000000000004,0.07785714285714286,0.10357142857142856,75.42285714285715,0.009285714285714286,0.03749999999999999,0.5114285714285713,0.009642857142857144,0.10142857142857142,0.09714285714285717,0.07428571428571429,0.009285714285714286,0.3628571428571429,0.4000071428571429,0.14464285714285713,0.18428571428571425,0.07107857142857144,0.17606428571428573,0.05393571428571429,0.12215,0.0864357142857143,0.07643571428571429,1.15,0.04822142857142857,0.12178571428571429,39.368571428571435,0.09214285714285712,0.17786428571428572,51.69857142857143,0.07107857142857144,0.09643571428571429,74.38428571428572,0.010364285714285715,0.04178571428571427,0.5442857142857143,0.013221428571428573,0.09606428571428573,0.13714285714285715,0.07643571428571429,0.010357142857142858,0.45643571428571433
77,72,2024-11-09,5,1,2024-2025,Brasília Basquete,UNIFACISA,1,0.41687499999999994,0.189375,0.13625,0.09125,0.188125,0.059062500000000004,0.1290625,0.0828125,0.057187499999999995,1.4875,0.063125,0.17468749999999997,35.9525,0.068125,0.14875000000000002,46.1625,0.09125,0.11437499999999999,78.9125,0.0053125,0.0321875,0.5962500000000001,0.006875,0.0990625,0.07250000000000001,0.057187499999999995,0.0115625,0.454375,0.385,0.12749999999999997,0.1875,0.07,0.19041666666666665,0.05499999999999999,0.13541666666666666,0.06458333333333334,0.0575,1.1766666666666665,0.0425,0.1625,26.011666666666667,0.09375,0.17333333333333334,54.96666666666667,0.07,0.09375,76.015,0.011250000000000001,0.0425,0.7716666666666666,0.011666666666666667,0.09666666666666668,0.125,0.0575,0.009583333333333333,0.41333333333333333
79,81,2024-11-09,5,1,2024-2025,Vasco da Gama,União Corinthians,0,0.3392857142857143,0.12928571428571428,0.12381428571428572,0.08618571428571428,0.19095714285714285,0.059757142857142856,0.13118571428571427,0.08142857142857142,0.06595714285714287,1.522857142857143,0.043100000000000006,0.16095714285714285,26.78,0.061900000000000004,0.1392857142857143,44.14714285714286,0.08618571428571428,0.11642857142857142,74.68285714285715,0.006185714285714287,0.036185714285714286,0.71,0.007614285714285715,0.10524285714285717,0.06714285714285714,0.06595714285714287,0.011899999999999997,0.36404285714285717,0.40049999999999997,0.1065,0.21800000000000003,0.076,0.18350000000000002,0.05450000000000001,0.129,0.094,0.0735,1.428,0.035500000000000004,0.1105,32.082,0.10900000000000001,0.20350000000000001,54.001999999999995,0.076,0.1,74.982,0.0075000000000000015,0.039999999999999994,0.562,0.006500000000000001,0.11000000000000001,0.05800000000000001,0.0735,0.016500000000000004,0.4575
75,83,2024-11-09,5,1,2024-2025,Corinthians,Sesi Franca,0,0.39714285714285713,0.16499999999999998,0.17285714285714285,0.05928571428571428,0.19464285714285712,0.06035714285714285,0.13428571428571429,0.10071428571428571,0.044642857142857144,2.2828571428571425,0.05499999999999999,0.1682142857142857,32.72857142857142,0.08642857142857142,0.18214285714285716,47.03857142857142,0.05928571428571428,0.0725,76.82714285714285,0.005357142857142858,0.022857142857142857,0.527142857142857,0.010357142857142856,0.09607142857142859,0.11142857142857143,0.044642857142857144,0.0032142857142857142,0.4589285714285714,0.405,0.12625000000000003,0.2141625,0.0645875,0.1695875,0.038125000000000006,0.13146249999999998,0.0785375,0.05374999999999999,1.465,0.0420875,0.12250000000000001,34.405,0.10708750000000002,0.19103750000000003,56.2525,0.0645875,0.08625,74.19750000000002,0.011662500000000001,0.035625000000000004,0.6775,0.014374999999999999,0.0822875,0.1775,0.05374999999999999,0.0072875000000000014,0.4633375
63,69,2024-11-09,5,1,2024-2025,Botafogo,Caxias do Sul Basquete,0,0.35375625,0.11718750000000001,0.188125,0.048443749999999994,0.20343125,0.060631250000000005,0.14281875000000002,0.08125625,0.06749375,1.2212500000000002,0.0390625,0.12499374999999999,30.99,0.0940625,0.20125,47.29750000000001,0.048443749999999994,0.07844375,62.95624999999999,0.00625,0.03563125,0.5387499999999998,0.011243750000000002,0.09061875,0.12125,0.06749375,0.008443749999999998,0.39468749999999997,0.3641666666666667,0.13,0.15944999999999998,0.07471666666666667,0.19055,0.06695000000000001,0.12361666666666667,0.07945,0.06721666666666666,1.2666666666666666,0.043333333333333335,0.13388333333333333,32.60999999999999,0.07971666666666666,0.17861666666666667,44.50333333333333,0.07471666666666667,0.10083333333333333,73.085,0.006666666666666667,0.024166666666666666,0.38833333333333336,0.006666666666666667,0.11028333333333333,0.06166666666666667,0.06721666666666666,0.01721666666666667,0.38221666666666665
78,76,2024-11-11,6,1,2024-2025,Minas,UNIFACISA,1,0.414375,0.1275,0.22125,0.065625,0.21750000000000003,0.060000000000000005,0.1575,0.08750000000000001,0.076875,1.17,0.042499999999999996,0.11812500000000002,35.89375,0.110625,0.203125,54.83874999999999,0.065625,0.09,73.53,0.008124999999999999,0.038125,0.5175000000000001,0.015625,0.0925,0.16750000000000004,0.076875,0.01875,0.50375,0.3814285714285714,0.12428571428571426,0.18571428571428572,0.07142857142857142,0.19785714285714281,0.05999999999999999,0.13785714285714284,0.06357142857142857,0.05857142857142857,1.1342857142857141,0.04142857142857143,0.15785714285714286,26.141428571428573,0.09285714285714286,0.18142857142857144,52.548571428571435,0.07142857142857142,0.09571428571428572,75.78714285714285,0.010714285714285716,0.04214285714285714,0.75,0.010714285714285716,0.09857142857142857,0.1142857142857143,0.05857142857142857,0.009999999999999998,0.40785714285714286
66,49,2024-11-11,6,1,2024-2025,Fortaleza Basquete Cearense,Paulistano,1,0.32375624999999997,0.084375,0.18999375000000002,0.04936875,0.18250625000000004,0.05375,0.12875625,0.057499999999999996,0.08125625000000002,0.7100000000000001,0.028131250000000003,0.11250625000000003,24.5175,0.09500625000000001,0.19000625000000002,49.9875,0.04936875,0.07438125000000001,65.6325,0.004375,0.03186875,0.39,0.006868750000000001,0.08811875000000001,0.0775,0.08125625000000002,0.018125000000000002,0.31687499999999996,0.39500625,0.140625,0.18499999999999997,0.06938125,0.17874375,0.05438125,0.12438125,0.08563125,0.07688125,1.1312499999999999,0.04688124999999999,0.12125,38.43625000000001,0.09249999999999999,0.17875625,51.655,0.06938125,0.09438125,74.07125,0.010006250000000001,0.04124999999999999,0.5349999999999999,0.013756250000000001,0.09436875000000002,0.14625000000000002,0.07688125,0.010000000000000002,0.45188125
79,68,2024-11-11,6,1,2024-2025,São José Basketball,São Paulo,1,0.34187500000000004,0.075,0.19125,0.075625,0.18000000000000002,0.048749999999999995,0.13125,0.07187500000000001,0.074375,0.97875,0.025,0.113125,22.05375,0.095625,0.184375,52.0075,0.075625,0.09999999999999999,75.995,0.009375,0.03874999999999999,0.52625,0.009375000000000001,0.101875,0.09375000000000003,0.074375,0.00875,0.36625,0.39749999999999996,0.12,0.18999999999999997,0.0875,0.190625,0.050624999999999996,0.13999999999999999,0.085625,0.07187500000000001,1.2049999999999998,0.04,0.12312499999999998,32.267500000000005,0.09499999999999999,0.18062499999999998,52.61750000000001,0.0875,0.106875,81.405,0.003125,0.029375000000000002,0.42,0.006875,0.0925,0.07500000000000001,0.07187500000000001,0.012499999999999997,0.44999999999999996
87,76,2024-11-11,6,1,2024-2025,Pinheiros,Sesi Franca,1,0.34625625,0.11437499999999999,0.17,0.06188125,0.195625,0.0675,0.128125,0.07438125,0.07374375,1.1075,0.038125,0.12187500000000001,30.11625,0.085,0.18686875,45.472500000000004,0.06188125,0.09124374999999998,66.8875,0.005006249999999999,0.03624375,0.4975,0.00625,0.100625,0.065,0.07374375,0.01375,0.36999374999999995,0.4038888888888889,0.12666666666666668,0.21221666666666666,0.06500555555555557,0.16945,0.037777777777777785,0.13167222222222222,0.07721666666666666,0.05333333333333332,1.4500000000000002,0.04222777777777778,0.12444444444444445,34.02111111111111,0.10611666666666669,0.18777222222222226,56.76,0.06500555555555557,0.08666666666666666,74.39000000000003,0.011105555555555556,0.036111111111111115,0.6911111111111111,0.013888888888888888,0.08221666666666666,0.1711111111111111,0.05333333333333332,0.007216666666666667,0.46167222222222226
95,77,2024-11-11,6,1,2024-2025,Flamengo,União Corinthians,1,0.3911111111111112,0.15000000000000002,0.17111111111111113,0.07,0.20944444444444443,0.0561111111111111,0.15333333333333332,0.0922222222222222,0.062222222222222213,1.5044444444444445,0.05,0.15388888888888888,32.44777777777777,0.08555555555555557,0.15888888888888889,53.76888888888888,0.07,0.09388888888888887,75.16888888888889,0.010555555555555556,0.03833333333333333,0.6155555555555556,0.011111111111111112,0.0872222222222222,0.12888888888888891,0.062222222222222213,0.012222222222222226,0.47888888888888875,0.4008333333333333,0.10999999999999999,0.21833333333333335,0.0725,0.19000000000000003,0.05583333333333334,0.13416666666666668,0.09666666666666666,0.06833333333333333,1.6216666666666668,0.036666666666666674,0.1125,32.516666666666666,0.10916666666666668,0.20750000000000002,53.06,0.0725,0.09583333333333333,74.70666666666666,0.009166666666666668,0.03833333333333333,0.5866666666666667,0.008333333333333333,0.10916666666666668,0.07666666666666667,0.06833333333333333,0.015000000000000005,0.4683333333333333
76,84,2024-11-12,6,1,2024-2025,Pato Basquete,Vasco da Gama,0,0.39436875,0.15187499999999998,0.17374375,0.06875,0.18311875,0.04750625,0.13563125000000004,0.07500625000000001,0.06375,1.21375,0.05063125,0.13499375,37.45875,0.08688125000000002,0.17250000000000001,50.05375,0.06875,0.09438125000000001,73.34875,0.00125,0.026875,0.41874999999999996,0.013131249999999999,0.109375,0.12625000000000003,0.06375,0.01124375,0.43311875,0.346875,0.133125,0.12625625000000001,0.08749375,0.19188125,0.05874375,0.13311874999999998,0.08249999999999999,0.06625625000000002,1.4975,0.044381250000000004,0.16125625,27.51375,0.06311875,0.14,44.807500000000005,0.08749375,0.118125,74.6425,0.006243750000000001,0.036243750000000005,0.68875,0.007493750000000001,0.10438125000000002,0.0675,0.06625625000000002,0.011868749999999997,0.37436875000000003
103,87,2024-11-12,6,1,2024-2025,Corinthians,Bauru Basket,1,0.394375,0.16312499999999996,0.17625,0.055,0.193125,0.059375,0.13375,0.10062499999999999,0.045625,2.235,0.05437499999999999,0.164375,33.1825,0.088125,0.183125,47.7375,0.055,0.06937499999999999,73.8025,0.005000000000000001,0.02125,0.48499999999999993,0.01125,0.09500000000000001,0.1225,0.045625,0.0031249999999999997,0.455625,0.38713571428571425,0.13071428571428573,0.18285714285714283,0.07356428571428571,0.2,0.06284999999999999,0.13715,0.08570714285714286,0.0642857142857143,1.3714285714285717,0.04357142857142858,0.14929285714285712,29.59714285714286,0.09142857142857141,0.18215,50.44285714285714,0.07356428571428571,0.10428571428571429,69.34142857142857,0.007864285714285714,0.03429285714285714,0.5499999999999999,0.010707142857142856,0.11713571428571427,0.08857142857142856,0.0642857142857143,0.008578571428571427,0.4264357142857143
91,67,2024-11-13,6,1,2024-2025,Flamengo,Botafogo,1,0.39766500000000005,0.14750000000000002,0.17900000000000002,0.071165,0.20733499999999996,0.05449999999999999,0.152835,0.09449999999999999,0.06166499999999999,1.557,0.049165,0.151335,32.45,0.08950000000000001,0.161665,55.088,0.071165,0.09466499999999999,75.685,0.010665,0.03949999999999999,0.6420000000000001,0.011,0.08833499999999998,0.12600000000000003,0.06166499999999999,0.011665000000000005,0.4904999999999998,0.3516722222222222,0.11500000000000002,0.18888888888888888,0.047783333333333324,0.20110555555555557,0.05945,0.14167222222222225,0.08167222222222222,0.06610555555555557,1.257777777777778,0.03833333333333333,0.12388333333333332,30.686666666666667,0.09444444444444444,0.20222222222222222,47.20111111111112,0.047783333333333324,0.07722777777777778,62.956666666666656,0.006111111111111111,0.03556111111111112,0.5499999999999998,0.012216666666666669,0.09221666666666667,0.1288888888888889,0.06610555555555557,0.008894444444444443,0.3933333333333333
79,80,2024-11-14,6,1,2024-2025,Fortaleza Basquete Cearense,São Paulo,0,0.3280611111111111,0.08833333333333333,0.18777222222222223,0.051938888888888896,0.1861166666666667,0.05416666666666667,0.13194999999999998,0.059166666666666666,0.07889444444444445,0.7655555555555557,0.02945,0.11472777777777782,25.147777777777776,0.09389444444444445,0.19000555555555557,49.404444444444444,0.051938888888888896,0.07639444444444446,67.04888888888888,0.0041666666666666675,0.033605555555555555,0.43444444444444447,0.007772222222222224,0.09166111111111112,0.08333333333333333,0.07889444444444445,0.01777777777777778,0.32999999999999996,0.39444444444444443,0.11833333333333333,0.19055555555555553,0.08555555555555555,0.19,0.051666666666666666,0.1383333333333333,0.0838888888888889,0.07055555555555555,1.201111111111111,0.03944444444444444,0.12444444444444443,31.56333333333334,0.09527777777777777,0.1819444444444444,52.39888888888889,0.08555555555555555,0.10722222222222222,79.43111111111111,0.002777777777777778,0.02888888888888889,0.42,0.006944444444444444,0.09083333333333334,0.07777777777777778,0.07055555555555555,0.012777777777777775,0.4402777777777777
71,89,2024-11-14,6,1,2024-2025,União Corinthians,Minas,0,0.3969071428571428,0.10928571428571428,0.21142857142857144,0.07619285714285715,0.1876214285714286,0.056664285714285716,0.13095,0.09547857142857143,0.06785714285714285,1.5842857142857143,0.03642857142857143,0.11309285714285715,32.15714285714286,0.10571428571428572,0.20428571428571432,52.044285714285714,0.07619285714285715,0.1016642857142857,74.31285714285714,0.008807142857142859,0.03857142857142857,0.5914285714285714,0.0071428571428571435,0.1102357142857143,0.06571428571428573,0.06785714285714285,0.015000000000000003,0.4571428571428572,0.41370555555555555,0.12722222222222224,0.22259444444444446,0.0638888888888889,0.2146277777777778,0.05907222222222223,0.15555555555555556,0.08777777777777779,0.07555555555555554,1.1933333333333331,0.04240555555555556,0.11648333333333334,36.385555555555555,0.11129444444444443,0.20444444444444446,54.774444444444434,0.0638888888888889,0.08815,72.93555555555557,0.00796111111111111,0.03722222222222222,0.5111111111111112,0.015555555555555557,0.09000000000000001,0.17222222222222225,0.07555555555555554,0.018516666666666667,0.50185
69,86,2024-11-14,6,1,2024-2025,UNIFACISA,Paulistano,0,0.37906249999999997,0.12187499999999998,0.1875,0.0696875,0.19499999999999998,0.06062499999999999,0.134375,0.063125,0.060625000000000005,1.0925,0.04062500000000001,0.1528125,26.5975,0.09375,0.1828125,52.47375,0.0696875,0.0934375,75.5875,0.010312500000000002,0.0403125,0.7025,0.011875000000000002,0.0975,0.1275,0.060625000000000005,0.009687499999999998,0.40375,0.38861666666666667,0.1375,0.18166666666666664,0.06945000000000001,0.17832777777777778,0.05417222222222222,0.12417222222222223,0.08111666666666667,0.07528333333333333,1.0855555555555556,0.04583888888888888,0.1225,37.31000000000001,0.09083333333333332,0.17639444444444444,51.38333333333333,0.06945000000000001,0.09417222222222223,74.25,0.009450000000000002,0.03999999999999999,0.5288888888888889,0.01333888888888889,0.0944388888888889,0.14222222222222225,0.07528333333333333,0.01027777777777778,0.43917222222222224
71,76,2024-11-14,6,1,2024-2025,Caxias do Sul Basquete,Brasília Basquete,0,0.3585714285714286,0.1285714285714286,0.15714999999999998,0.07285,0.19142142857142858,0.06786428571428572,0.12357857142857144,0.07857857142857143,0.06856428571428572,1.2228571428571426,0.04285714285714286,0.13284999999999997,32.46285714285714,0.07856428571428571,0.17857857142857145,43.887142857142855,0.07285,0.09928571428571428,72.43285714285715,0.0071428571428571435,0.024285714285714282,0.38,0.0071428571428571435,0.11000714285714285,0.06571428571428571,0.06856428571428572,0.017135714285714285,0.3749928571428572,0.41222222222222216,0.18,0.1388888888888889,0.09333333333333332,0.19055555555555553,0.06277777777777778,0.12777777777777777,0.0811111111111111,0.05611111111111111,1.48,0.060000000000000005,0.17277777777777775,34.42666666666667,0.06944444444444445,0.1527777777777778,45.83777777777778,0.09333333333333332,0.11611111111111111,79.54666666666667,0.005000000000000001,0.033888888888888885,0.6411111111111112,0.007222222222222223,0.09944444444444445,0.07555555555555556,0.05611111111111111,0.010555555555555556,0.44999999999999996
80,87,2024-11-14,6,1,2024-2025,Pinheiros,Bauru Basket,0,0.3541722222222222,0.11666666666666664,0.17222222222222222,0.06528333333333333,0.19527777777777777,0.06638888888888889,0.1288888888888889,0.07583888888888889,0.07193888888888889,1.1533333333333333,0.03888888888888889,0.12416666666666669,30.278888888888886,0.08611111111111111,0.18499444444444443,46.628888888888895,0.06528333333333333,0.09471666666666666,67.84555555555556,0.005005555555555555,0.03582777777777778,0.5055555555555555,0.006388888888888889,0.10083333333333334,0.06555555555555556,0.07193888888888889,0.01361111111111111,0.38193888888888883,0.39311874999999996,0.13125,0.18999999999999997,0.07186874999999998,0.19625,0.060618749999999985,0.13563124999999998,0.08593125,0.065,1.3562500000000002,0.043750000000000004,0.14594374999999998,30.48875,0.09499999999999999,0.18406875,51.7325,0.07186874999999998,0.10062499999999999,70.67374999999998,0.00844375,0.03219375,0.5125,0.00999375,0.11468125,0.08375,0.065,0.008443749999999998,0.43250625000000004
89,79,2024-11-15,6,1,2024-2025,São José Basketball,Mogi Basquete,1,0.35055555555555556,0.08249999999999999,0.19166666666666668,0.0763888888888889,0.18444444444444447,0.050277777777777775,0.13416666666666666,0.07777777777777778,0.07388888888888889,1.068888888888889,0.0275,0.11555555555555556,23.513333333333335,0.09583333333333334,0.18388888888888888,52.24777777777778,0.0763888888888889,0.09999999999999999,76.71777777777778,0.009166666666666665,0.03694444444444444,0.5033333333333334,0.010000000000000002,0.10055555555555555,0.10222222222222226,0.07388888888888889,0.008611111111111113,0.3861111111111111,0.3483277777777778,0.13833333333333334,0.1611111111111111,0.04888333333333333,0.15778333333333333,0.046105555555555545,0.11166111111111111,0.08055555555555555,0.0711111111111111,1.1366666666666665,0.046105555555555545,0.13554999999999998,33.788888888888884,0.08055555555555555,0.17445,46.333333333333336,0.04888333333333333,0.07332777777777778,66.00555555555556,0.006105555555555555,0.04554999999999999,0.6477777777777778,0.006105555555555556,0.10944999999999999,0.05444444444444445,0.0711111111111111,0.012222222222222221,0.35944444444444446
68,66,2024-11-15,6,1,2024-2025,Botafogo,Vasco da Gama,1,0.350255,0.11550000000000002,0.185,0.049754999999999994,0.20099500000000003,0.060004999999999996,0.14100500000000002,0.08025499999999999,0.06574500000000001,1.2400000000000002,0.03849999999999999,0.125745,30.425,0.0925,0.20049999999999998,46.53500000000001,0.049754999999999994,0.079755,63.245999999999995,0.006,0.03450500000000001,0.5349999999999999,0.012745000000000001,0.092745,0.13399999999999998,0.06574500000000001,0.009254999999999998,0.38774999999999993,0.35,0.13416666666666666,0.13167222222222225,0.0841611111111111,0.19278333333333333,0.05638333333333333,0.13638333333333333,0.08222222222222221,0.06750555555555557,1.4455555555555555,0.04472777777777778,0.16167222222222222,27.655555555555555,0.06582777777777778,0.13833333333333334,47.60666666666667,0.0841611111111111,0.11444444444444445,73.86555555555555,0.006383333333333335,0.036105555555555564,0.6622222222222223,0.00832777777777778,0.10528333333333335,0.07444444444444445,0.06750555555555557,0.011383333333333332,0.38221666666666665
88,65,2024-11-16,6,1,2024-2025,Flamengo,Sesi Franca,1,0.40302727272727273,0.14545454545454548,0.18545454545454546,0.07211818181818182,0.20560909090909085,0.05318181818181818,0.15242727272727272,0.09636363636363635,0.0612090909090909,1.6,0.04848181818181818,0.14924545454545454,32.45181818181818,0.09272727272727273,0.16393636363636363,56.16727272727273,0.07211818181818182,0.09529999999999998,76.10727272727273,0.010754545454545454,0.04045454545454545,0.6636363636363637,0.010909090909090908,0.08924545454545453,0.12363636363636367,0.0612090909090909,0.011209090909090913,0.49999999999999983,0.39875000000000005,0.129,0.204495,0.06525500000000001,0.165005,0.03625000000000001,0.128755,0.076995,0.05349999999999999,1.441,0.043005,0.1265,34.067,0.10225500000000003,0.18199500000000005,56.275999999999996,0.06525500000000001,0.08775,73.87400000000002,0.010745000000000001,0.035,0.667,0.012999999999999998,0.082745,0.16,0.05349999999999999,0.006995000000000001,0.449505
58,78,2024-11-16,6,1,2024-2025,Caxias do Sul Basquete,Minas,0,0.35406250000000006,0.12562500000000001,0.16000625,0.06843125,0.18718125,0.06438125000000001,0.12281875,0.07406875,0.06874374999999999,1.1462499999999998,0.041874999999999996,0.13374375,31.529999999999994,0.07999374999999999,0.17688125000000002,45.22,0.06843125,0.093125,72.75375,0.006562500000000001,0.024374999999999997,0.3775,0.007500000000000001,0.11031875,0.06874999999999999,0.06874374999999999,0.016868750000000002,0.36499375,0.41317000000000004,0.127,0.22367000000000004,0.06250000000000001,0.21233000000000005,0.05833000000000001,0.154,0.088,0.07449999999999998,1.2119999999999997,0.04233,0.11517000000000002,36.778999999999996,0.11182999999999998,0.20550000000000002,54.72299999999999,0.06250000000000001,0.08667,72.46000000000001,0.00783,0.0365,0.506,0.015500000000000003,0.08800000000000001,0.17600000000000002,0.07449999999999998,0.01833,0.50033
76,78,2024-11-16,6,1,2024-2025,União Corinthians,Brasília Basquete,0,0.39396249999999994,0.10874999999999999,0.20625,0.0789625,0.18583750000000004,0.0572875,0.1285375,0.0945875,0.0675,1.55625,0.036250000000000004,0.11353750000000001,31.8875,0.103125,0.20187500000000003,51.2825,0.0789625,0.10603749999999998,74.0175,0.008537500000000002,0.03874999999999999,0.595,0.00625,0.11103750000000001,0.05750000000000001,0.0675,0.015000000000000003,0.44875000000000004,0.4095,0.177,0.13999999999999999,0.0925,0.18675,0.059750000000000004,0.127,0.08025,0.056499999999999995,1.453,0.05900000000000001,0.16949999999999998,34.555,0.06999999999999999,0.15125000000000002,46.709,0.0925,0.11524999999999999,79.499,0.0055000000000000005,0.03275,0.615,0.00775,0.09975,0.08,0.056499999999999995,0.01025,0.446
90,84,2024-11-17,7,1,2024-2025,Vasco da Gama,Corinthians,1,0.3525,0.135,0.13600500000000001,0.081495,0.19350499999999998,0.054494999999999995,0.138995,0.08199999999999999,0.06850500000000001,1.404,0.045005,0.162005,27.769,0.067995,0.137,49.846000000000004,0.081495,0.1115,73.244,0.006495000000000001,0.03599500000000001,0.641,0.008995000000000001,0.10600500000000002,0.08,0.06850500000000001,0.010995,0.388495,0.4077777777777778,0.16666666666666663,0.18444444444444444,0.05666666666666667,0.19,0.05777777777777778,0.1322222222222222,0.10166666666666666,0.045,2.292222222222222,0.05555555555555555,0.16277777777777777,34.309999999999995,0.09222222222222222,0.18388888888888888,49.74333333333333,0.05666666666666667,0.0711111111111111,74.75222222222222,0.005000000000000001,0.02388888888888889,0.5566666666666666,0.010555555555555556,0.09222222222222223,0.11666666666666667,0.045,0.0038888888888888883,0.47555555555555556
66,65,2024-11-17,7,1,2024-2025,Pato Basquete,Paulistano,1,0.3927722222222222,0.15499999999999997,0.17110555555555554,0.06666666666666668,0.18277222222222222,0.05000555555555555,0.13278333333333336,0.07611666666666667,0.06444444444444446,1.2133333333333336,0.051672222222222224,0.13999444444444442,37.0,0.08556111111111113,0.1716666666666667,49.54222222222222,0.06666666666666668,0.09389444444444445,71.3722222222222,0.0011111111111111111,0.029444444444444447,0.4511111111111111,0.012783333333333332,0.1061111111111111,0.12666666666666668,0.06444444444444446,0.012216666666666667,0.4277722222222222,0.383505,0.135,0.179,0.06950500000000001,0.17799500000000001,0.054005000000000004,0.124005,0.07750500000000002,0.074005,1.049,0.04500499999999999,0.12350000000000001,36.409000000000006,0.0895,0.174505,51.166,0.06950500000000001,0.094005,74.393,0.009005000000000003,0.03899999999999999,0.524,0.013005,0.09449500000000001,0.13900000000000004,0.074005,0.0105,0.42900499999999997
88,84,2024-11-17,7,1,2024-2025,UNIFACISA,São Paulo,1,0.3772222222222222,0.11999999999999998,0.18888888888888888,0.06833333333333333,0.19277777777777777,0.0611111111111111,0.13166666666666668,0.06277777777777777,0.06222222222222223,1.06,0.04000000000000001,0.14888888888888888,26.952222222222222,0.09444444444444444,0.18388888888888888,52.41555555555556,0.06833333333333333,0.09166666666666667,75.43222222222224,0.010000000000000002,0.03888888888888889,0.6655555555555556,0.01277777777777778,0.09666666666666666,0.13777777777777778,0.06222222222222223,0.009444444444444443,0.40055555555555555,0.392,0.11699999999999999,0.191,0.084,0.1895,0.05249999999999999,0.13699999999999998,0.08250000000000002,0.0695,1.198,0.039,0.1255,31.000000000000007,0.0955,0.18299999999999997,52.224000000000004,0.084,0.1075,77.852,0.0025,0.028500000000000004,0.42000000000000004,0.007000000000000001,0.0895,0.08,0.0695,0.012999999999999998,0.43249999999999994
80,71,2024-11-27,8,1,2024-2025,Bauru Basket,Fortaleza Basquete Cearense,1,0.3977722222222222,0.13166666666666668,0.19555555555555554,0.07054999999999999,0.19333333333333333,0.05888333333333332,0.13445,0.08610555555555556,0.06555555555555556,1.3444444444444446,0.043888888888888894,0.14333888888888888,31.182222222222222,0.09777777777777777,0.18556111111111112,52.73555555555556,0.07054999999999999,0.09777777777777777,71.70999999999998,0.008894444444444444,0.030561111111111112,0.4833333333333333,0.009438888888888889,0.11277222222222222,0.08000000000000002,0.06555555555555556,0.008338888888888887,0.4372277777777778,0.33150499999999994,0.0915,0.185995,0.053995,0.18900500000000003,0.05450000000000001,0.13450499999999999,0.0605,0.07700500000000002,0.8100000000000002,0.030504999999999997,0.11650500000000004,25.651999999999997,0.093005,0.190005,48.938,0.053995,0.07800500000000002,68.18199999999999,0.004000000000000001,0.034995,0.47000000000000003,0.008495,0.09449500000000001,0.088,0.07700500000000002,0.017500000000000005,0.34049999999999997
88,66,2024-11-27,8,1,2024-2025,São José Basketball,Caxias do Sul Basquete,1,0.35750000000000004,0.0885,0.192,0.077,0.188,0.05149999999999999,0.1365,0.0825,0.07350000000000001,1.141,0.0295,0.11750000000000001,24.681,0.096,0.1835,52.44,0.077,0.09999999999999999,77.296,0.009,0.0355,0.48500000000000004,0.0105,0.09949999999999999,0.10900000000000003,0.07350000000000001,0.008500000000000002,0.402,0.35055555555555556,0.12333333333333335,0.16222777777777775,0.06499444444444444,0.18388333333333332,0.06167222222222224,0.12222777777777777,0.07056111111111112,0.06888333333333334,1.0866666666666664,0.04111111111111111,0.13443888888888889,30.80444444444444,0.08110555555555554,0.17556111111111114,46.25666666666667,0.06499444444444444,0.08833333333333333,73.00333333333333,0.006111111111111112,0.024444444444444442,0.37555555555555553,0.007777777777777778,0.11056111111111111,0.0711111111111111,0.06888333333333334,0.016661111111111113,0.3572166666666667
82,85,2024-11-27,8,1,2024-2025,Mogi Basquete,União Corinthians,0,0.35299500000000006,0.1395,0.16299999999999998,0.050495,0.160005,0.048995,0.110995,0.08049999999999999,0.06899999999999999,1.1829999999999998,0.046494999999999995,0.13899499999999998,33.351,0.08149999999999999,0.177005,46.2,0.050495,0.073995,67.53,0.005994999999999999,0.04499499999999999,0.663,0.005495000000000001,0.11000499999999999,0.049,0.06899999999999999,0.0115,0.36350000000000005,0.39167222222222214,0.10833333333333332,0.2022222222222222,0.08111666666666667,0.18445000000000006,0.057772222222222225,0.1266611111111111,0.09389444444444445,0.06722222222222222,1.5344444444444443,0.03611111111111112,0.11388333333333334,31.67777777777778,0.1011111111111111,0.20000000000000004,50.69,0.08111666666666667,0.10943888888888886,73.78777777777778,0.00832777777777778,0.03888888888888888,0.5977777777777777,0.005555555555555556,0.11166111111111111,0.05111111111111112,0.06722222222222222,0.015000000000000001,0.4422222222222223
69,89,2024-11-28,8,1,2024-2025,Corinthians,Pinheiros,0,0.409,0.16199999999999998,0.185,0.062,0.1935,0.06,0.1335,0.10149999999999999,0.046,2.245,0.05399999999999999,0.1605,33.736,0.0925,0.186,49.403,0.062,0.07899999999999999,74.61,0.0055000000000000005,0.022000000000000002,0.51,0.011,0.0965,0.11600000000000002,0.046,0.0045,0.47400000000000003,0.36050499999999996,0.11849999999999998,0.174,0.06800500000000001,0.19499999999999998,0.0655,0.1295,0.077005,0.070495,1.19,0.03949999999999999,0.12600000000000003,30.409,0.087,0.183495,47.554,0.06800500000000001,0.097495,68.612,0.005004999999999999,0.035495,0.512,0.006500000000000001,0.101,0.06600000000000002,0.070495,0.013500000000000002,0.391495
98,78,2024-11-28,8,1,2024-2025,Pato Basquete,Botafogo,1,0.386495,0.15299999999999997,0.17099499999999998,0.06250000000000001,0.181495,0.048505,0.13300500000000004,0.074505,0.066,1.1670000000000003,0.051005,0.13899499999999998,36.762,0.08550500000000001,0.1695,50.255,0.06250000000000001,0.08700500000000001,74.23499999999999,0.001,0.029500000000000005,0.44399999999999995,0.011504999999999998,0.1055,0.11400000000000002,0.066,0.011495000000000002,0.420995,0.34909545454545454,0.11590909090909095,0.1818181818181818,0.05136818181818181,0.2009045454545455,0.0604590909090909,0.14045909090909092,0.07909545454545454,0.06545000000000001,1.2254545454545456,0.03863636363636363,0.1272681818181818,30.21090909090909,0.0909090909090909,0.1990909090909091,45.99000000000001,0.05136818181818181,0.08182272727272728,63.48272727272727,0.005909090909090909,0.0336409090909091,0.5227272727272726,0.01317727272727273,0.09317727272727273,0.13818181818181816,0.06545000000000001,0.009549999999999998,0.3831818181818182
98,82,2024-11-29,8,1,2024-2025,São José Basketball,União Corinthians,1,0.36727272727272725,0.09204545454545454,0.1954545454545455,0.07977272727272727,0.1881818181818182,0.049999999999999996,0.13818181818181818,0.08409090909090909,0.07340909090909092,1.1627272727272726,0.030681818181818178,0.11795454545454546,25.59090909090909,0.09772727272727275,0.18295454545454548,53.562727272727265,0.07977272727272727,0.10227272727272728,78.08727272727273,0.01,0.03613636363636363,0.49454545454545457,0.011136363636363637,0.09772727272727272,0.11909090909090912,0.07340909090909092,0.009090909090909092,0.418409090909091,0.3942549999999999,0.10724999999999998,0.205,0.08200500000000001,0.18500500000000003,0.06074500000000001,0.12424500000000001,0.093255,0.066,1.5399999999999998,0.035750000000000004,0.113995,31.336000000000002,0.1025,0.20500000000000002,50.221,0.08200500000000001,0.11074499999999998,73.756,0.008495,0.039749999999999994,0.624,0.006,0.11449500000000001,0.053000000000000005,0.066,0.014000000000000002,0.44275000000000003
97,71,2024-11-29,8,1,2024-2025,Sesi Franca,Fortaleza Basquete Cearense,1,0.39454545454545453,0.1309090909090909,0.1981772727272727,0.06545909090909091,0.16136818181818183,0.03500000000000001,0.12636818181818182,0.07681363636363635,0.053636363636363635,1.4336363636363636,0.04364090909090909,0.1281818181818182,34.10454545454546,0.09909545454545456,0.17726818181818185,55.879999999999995,0.06545909090909091,0.08863636363636364,73.45181818181821,0.010450000000000003,0.034090909090909095,0.6472727272727273,0.01227272727272727,0.08317727272727272,0.1509090909090909,0.053636363636363635,0.0068136363636363655,0.43955,0.33364090909090904,0.09272727272727273,0.18408636363636363,0.056813636363636365,0.18727727272727276,0.05363636363636364,0.1336409090909091,0.061136363636363635,0.07705000000000001,0.8154545454545455,0.030913636363636362,0.11750454545454549,25.815454545454543,0.09205,0.18705,49.25090909090909,0.056813636363636365,0.08159545454545455,68.56,0.004090909090909091,0.03522272727272727,0.4709090909090909,0.008631818181818183,0.09522272727272728,0.0890909090909091,0.07705000000000001,0.01704545454545455,0.34249999999999997
74,71,2024-11-29,8,1,2024-2025,Mogi Basquete,Caxias do Sul Basquete,1,0.35635909090909096,0.13636363636363635,0.165,0.05499545454545454,0.16159545454545454,0.047722727272727264,0.11385909090909091,0.08045454545454545,0.07068181818181818,1.158181818181818,0.04544999999999999,0.13454090909090907,33.85454545454545,0.0825,0.17568636363636364,47.17454545454545,0.05499545454545454,0.07931363636363636,68.2518181818182,0.005904545454545454,0.04363181818181817,0.6336363636363637,0.006586363636363638,0.11068636363636362,0.05818181818181818,0.07068181818181818,0.011590909090909091,0.37136363636363634,0.34975000000000006,0.12525000000000003,0.16050499999999998,0.063995,0.180495,0.059255000000000016,0.121255,0.071755,0.067745,1.1209999999999998,0.041749999999999995,0.135995,30.891,0.08024499999999998,0.17325500000000002,46.385000000000005,0.063995,0.0875,72.578,0.00625,0.024999999999999998,0.39,0.0075000000000000015,0.109755,0.06899999999999999,0.067745,0.016245000000000002,0.35599499999999995
70,81,2024-11-30,8,1,2024-2025,Flamengo,Minas,0,0.40749583333333333,0.14375000000000002,0.19083333333333333,0.0729125,0.20417083333333327,0.052083333333333336,0.1520875,0.09791666666666665,0.060829166666666656,1.6358333333333335,0.0479125,0.14750416666666666,32.45333333333334,0.09541666666666666,0.16582916666666667,57.06666666666667,0.0729125,0.09582916666666665,76.45916666666668,0.010829166666666666,0.041249999999999995,0.6816666666666668,0.010833333333333334,0.09000416666666666,0.1216666666666667,0.060829166666666656,0.01082916666666667,0.5079166666666665,0.41273181818181826,0.12681818181818183,0.22455000000000006,0.06136363636363638,0.21045000000000005,0.05772272727272727,0.15272727272727274,0.08818181818181818,0.07363636363636362,1.2272727272727268,0.04226818181818182,0.11409545454545457,37.100909090909084,0.1122681818181818,0.20636363636363636,54.68090909090908,0.06136363636363638,0.08545909090909092,72.07090909090911,0.007722727272727273,0.03590909090909091,0.5018181818181818,0.015454545454545459,0.08636363636363638,0.1790909090909091,0.07363636363636362,0.018177272727272726,0.49908636363636366
70,61,2024-11-30,8,1,2024-2025,Bauru Basket,UNIFACISA,1,0.395495,0.13275,0.19349999999999998,0.06924499999999999,0.19424999999999998,0.059494999999999985,0.13475499999999999,0.086745,0.06500000000000002,1.364,0.04425,0.141005,32.022,0.09674999999999999,0.188255,51.58,0.06924499999999999,0.09674999999999999,71.10999999999999,0.008505,0.031005000000000005,0.493,0.009245,0.11174500000000001,0.079,0.06500000000000002,0.007754999999999998,0.43600500000000003,0.38349999999999995,0.12899999999999998,0.188,0.0665,0.19349999999999998,0.06299999999999999,0.1305,0.06499999999999999,0.06000000000000001,1.1670000000000003,0.04300000000000001,0.1515,28.256999999999998,0.094,0.183,52.31699999999999,0.0665,0.0915,73.44500000000001,0.009000000000000003,0.037500000000000006,0.662,0.012500000000000002,0.1,0.132,0.06000000000000001,0.009999999999999998,0.4095
83,78,2024-12-02,9,1,2024-2025,São José Basketball,Corinthians,1,0.3754166666666667,0.09499999999999999,0.19833333333333336,0.08208333333333334,0.18833333333333335,0.048749999999999995,0.13958333333333334,0.08541666666666668,0.07333333333333335,1.1808333333333332,0.03166666666666666,0.11833333333333335,26.349166666666665,0.09916666666666668,0.18250000000000002,54.49833333333333,0.08208333333333334,0.10416666666666667,78.74666666666667,0.010833333333333334,0.03666666666666666,0.5025000000000001,0.011666666666666667,0.09625,0.12750000000000003,0.07333333333333335,0.009583333333333334,0.4320833333333334,0.40318181818181814,0.15545454545454543,0.18454545454545454,0.06318181818181817,0.1922727272727273,0.05954545454545455,0.13272727272727272,0.09909090909090908,0.04727272727272727,2.1545454545454543,0.05181818181818181,0.15818181818181817,32.6890909090909,0.09227272727272727,0.18500000000000003,49.58727272727272,0.06318181818181817,0.0809090909090909,74.64545454545454,0.005000000000000001,0.02181818181818182,0.4936363636363636,0.010909090909090908,0.09454545454545454,0.11727272727272728,0.04727272727272727,0.005909090909090909,0.46318181818181825
68,71,2024-12-02,9,1,2024-2025,Sesi Franca,UNIFACISA,0,0.40208333333333335,0.13499999999999998,0.19832916666666667,0.06875416666666667,0.1633375,0.03625000000000001,0.1270875,0.07957916666666666,0.05375,1.4808333333333332,0.04500416666666666,0.12833333333333333,35.108333333333334,0.09917083333333336,0.17832916666666668,55.60916666666666,0.06875416666666667,0.09125,74.62250000000002,0.010412500000000002,0.035,0.6616666666666667,0.012916666666666665,0.08499583333333334,0.15416666666666667,0.05375,0.006662500000000002,0.45417083333333336,0.37636363636363634,0.12409090909090907,0.18727272727272729,0.065,0.1968181818181818,0.06409090909090907,0.13272727272727275,0.06545454545454545,0.060454545454545455,1.1590909090909092,0.04136363636363637,0.1509090909090909,27.255454545454544,0.09363636363636364,0.18409090909090908,51.75636363636363,0.065,0.09045454545454545,72.45,0.009545454545454548,0.038181818181818185,0.6645454545454546,0.012727272727272728,0.0990909090909091,0.13545454545454547,0.060454545454545455,0.011818181818181818,0.40363636363636357
68,95,2024-12-02,9,1,2024-2025,Botafogo,Minas,0,0.3525041666666666,0.11875000000000002,0.17999999999999997,0.05375416666666666,0.19541250000000007,0.05875416666666666,0.13667083333333335,0.07750416666666667,0.06457916666666667,1.2141666666666668,0.039583333333333325,0.1283291666666667,30.669166666666666,0.08999999999999998,0.19999999999999998,45.33250000000001,0.05375416666666666,0.08458750000000002,63.98999999999999,0.0062499999999999995,0.03542083333333334,0.5624999999999999,0.01332916666666667,0.0916625,0.1433333333333333,0.06457916666666667,0.009587499999999997,0.37999999999999995,0.4120875000000001,0.125,0.22333750000000005,0.06375000000000001,0.21291250000000006,0.0579125,0.155,0.08625,0.07374999999999998,1.1974999999999996,0.0416625,0.11542083333333335,36.2525,0.11166249999999998,0.20583333333333334,54.49916666666666,0.06375000000000001,0.08792083333333334,72.58666666666669,0.007079166666666667,0.03666666666666667,0.51,0.017083333333333336,0.08708333333333335,0.19500000000000003,0.07374999999999998,0.017912499999999998,0.4991625
53,73,2024-12-02,9,1,2024-2025,Mogi Basquete,Pinheiros,0,0.35916250000000005,0.13375,0.16666666666666666,0.05874583333333333,0.16292083333333332,0.046662499999999996,0.11624583333333334,0.08041666666666665,0.07208333333333333,1.1375,0.04457916666666666,0.13082916666666666,34.274166666666666,0.08333333333333333,0.1745875,47.98666666666666,0.05874583333333333,0.08374583333333334,68.85333333333334,0.0058291666666666665,0.04249583333333332,0.6091666666666666,0.007495833333333334,0.11125416666666665,0.06583333333333334,0.07208333333333333,0.011666666666666667,0.3779166666666667,0.3681863636363636,0.12272727272727271,0.18181818181818182,0.0636409090909091,0.19636363636363632,0.06545454545454545,0.1309090909090909,0.08045909090909091,0.06772272727272727,1.3436363636363635,0.0409090909090909,0.12636363636363637,31.49090909090909,0.09090909090909091,0.1890863636363636,48.054545454545455,0.0636409090909091,0.0913590909090909,68.43545454545455,0.005913636363636363,0.034540909090909094,0.5227272727272727,0.006363636363636364,0.10136363636363636,0.06454545454545456,0.06772272727272727,0.013181818181818183,0.4068136363636363
103,110,2024-12-03,9,1,2024-2025,Pato Basquete,Flamengo,0,0.3959045454545454,0.15818181818181817,0.17635909090909088,0.06136363636363638,0.18772272727272724,0.049095454545454546,0.13864090909090912,0.07727727272727272,0.06818181818181818,1.1672727272727275,0.05273181818181818,0.1399954545454545,37.662727272727274,0.08818636363636365,0.17090909090909093,51.33727272727273,0.06136363636363638,0.08455,75.06181818181818,0.0013636363636363635,0.030454545454545456,0.4436363636363636,0.011822727272727273,0.105,0.11727272727272728,0.06818181818181818,0.011813636363636365,0.4418136363636364,0.40307307692307687,0.1453846153846154,0.18615384615384614,0.07153461538461539,0.20346538461538455,0.051923076923076926,0.15154230769230767,0.09576923076923076,0.06153461538461538,1.586923076923077,0.048457692307692306,0.1461576923076923,33.21153846153847,0.09307692307692307,0.16884230769230768,55.11615384615386,0.07153461538461539,0.09538076923076923,75.27846153846154,0.011149999999999997,0.04038461538461538,0.6623076923076924,0.011153846153846155,0.09192692307692307,0.12230769230769233,0.06153461538461538,0.01076538461538462,0.49499999999999983
66,71,2024-12-03,9,1,2024-2025,Caxias do Sul Basquete,Bauru Basket,0,0.3490909090909092,0.12681818181818183,0.15909545454545454,0.06317727272727273,0.17772272727272725,0.05727727272727274,0.12045909090909092,0.07273181818181819,0.06681363636363637,1.1490909090909087,0.04227272727272727,0.13726818181818182,30.96181818181818,0.07954090909090908,0.17136818181818184,46.49,0.06317727272727273,0.08681818181818181,72.23,0.006363636363636364,0.025454545454545452,0.4018181818181818,0.0072727272727272745,0.10909545454545455,0.06727272727272728,0.06681363636363637,0.01590454545454546,0.3549954545454545,0.3936318181818182,0.13363636363636366,0.1918181818181818,0.06817727272727271,0.195,0.059995454545454525,0.13500454545454543,0.08726818181818183,0.06454545454545456,1.38,0.04454545454545455,0.13909545454545455,32.709090909090904,0.0959090909090909,0.1904590909090909,50.634545454545446,0.06817727272727271,0.0959090909090909,70.6190909090909,0.008186363636363637,0.03136818181818182,0.5009090909090909,0.009086363636363637,0.11090454545454546,0.07818181818181819,0.06454545454545456,0.007277272727272726,0.4350045454545455
70,76,2024-12-04,11,1,2024-2025,Paulistano,Vasco da Gama,0,0.37818636363636365,0.13090909090909092,0.17909090909090908,0.06818636363636366,0.17545,0.052731818181818185,0.1227318181818182,0.07455000000000002,0.07273181818181818,1.0218181818181817,0.04364090909090908,0.12181818181818183,35.69636363636364,0.08954545454545454,0.17500454545454544,51.059999999999995,0.06818636363636366,0.09273181818181819,73.88000000000001,0.009095454545454547,0.039545454545454536,0.5445454545454546,0.011822727272727273,0.09181363636363638,0.1263636363636364,0.07273181818181818,0.010000000000000002,0.4186409090909091,0.3613636363636364,0.13363636363636366,0.1436409090909091,0.08408636363636363,0.19500454545454546,0.0563590909090909,0.1386318181818182,0.08227272727272726,0.06591363636363638,1.4699999999999998,0.04455,0.16091363636363634,27.66909090909091,0.07181363636363637,0.14272727272727273,50.31454545454546,0.08408636363636363,0.11545454545454546,73.03727272727272,0.007268181818181819,0.03499545454545456,0.64,0.009995454545454547,0.10773181818181819,0.08727272727272728,0.06591363636363638,0.012268181818181817,0.39908636363636363
97,70,2024-12-05,9,1,2024-2025,Minas,Pato Basquete,1,0.4173115384615385,0.1321153846153846,0.22308076923076928,0.06211538461538462,0.2126884615384616,0.058842307692307694,0.15384615384615385,0.09,0.07307692307692305,1.265384615384615,0.04403461538461539,0.11808076923076924,37.18153846153846,0.11153461538461537,0.20461538461538462,54.75999999999999,0.06211538461538462,0.08635,71.84615384615387,0.007111538461538462,0.03673076923076923,0.5153846153846154,0.01730769230769231,0.08750000000000001,0.19692307692307695,0.07307692307692305,0.017496153846153845,0.5096115384615385,0.39895416666666667,0.16249999999999998,0.17582916666666668,0.06062500000000001,0.18541249999999998,0.048337500000000005,0.13708750000000003,0.07729583333333333,0.06854166666666667,1.159166666666667,0.054170833333333335,0.14124583333333332,38.2875,0.08792083333333334,0.17125,51.106666666666676,0.06062500000000001,0.08354583333333333,74.84083333333332,0.0014583333333333332,0.030625000000000003,0.44416666666666665,0.012504166666666665,0.10416666666666667,0.125,0.06854166666666667,0.012287500000000002,0.44291250000000004
83,77,2024-12-05,9,1,2024-2025,União Corinthians,Bauru Basket,1,0.39636818181818173,0.10636363636363634,0.20727272727272725,0.08273181818181818,0.18545909090909093,0.06317727272727273,0.12226818181818183,0.09273181818181819,0.065,1.5445454545454544,0.035454545454545454,0.11408636363636364,31.05636363636364,0.10363636363636362,0.2090909090909091,49.83727272727273,0.08273181818181818,0.11181363636363635,73.73,0.008631818181818183,0.040454545454545444,0.6454545454545455,0.006363636363636364,0.11681363636363638,0.05454545454545456,0.065,0.013181818181818183,0.4431818181818182,0.3916625,0.13437500000000002,0.1875,0.06978749999999999,0.1914583333333333,0.058537499999999985,0.13292083333333332,0.0854125,0.06666666666666668,1.325,0.04479166666666667,0.13875416666666668,32.91583333333333,0.09375,0.1852125,50.98999999999999,0.06978749999999999,0.09979166666666667,69.85083333333333,0.007920833333333334,0.03292083333333334,0.5058333333333334,0.009579166666666668,0.1122875,0.08166666666666668,0.06666666666666668,0.008754166666666665,0.42896249999999997
67,89,2024-12-05,9,1,2024-2025,Botafogo,Brasília Basquete,0,0.35135,0.11769230769230771,0.18,0.0536576923076923,0.19384230769230773,0.058465384615384614,0.13538846153846154,0.07769615384615386,0.06384230769230771,1.2323076923076925,0.03923076923076922,0.1290346153846154,30.267692307692304,0.09,0.20057692307692307,45.18153846153847,0.0536576923076923,0.08461923076923078,63.81846153846153,0.005769230769230769,0.03577307692307693,0.5753846153846153,0.013457692307692311,0.0915346153846154,0.14538461538461536,0.06384230769230771,0.009811538461538458,0.37692307692307686,0.40727272727272723,0.17454545454545453,0.1409090909090909,0.09181818181818181,0.18363636363636363,0.057272727272727274,0.12636363636363637,0.07954545454545454,0.056818181818181816,1.4309090909090911,0.058181818181818196,0.1668181818181818,34.66,0.07045454545454545,0.15000000000000002,47.42181818181818,0.09181818181818181,0.11454545454545452,79.46,0.005909090909090909,0.03181818181818182,0.5936363636363636,0.00818181818181818,0.1,0.08363636363636363,0.056818181818181816,0.010000000000000002,0.44272727272727275
76,82,2024-12-05,9,1,2024-2025,Caxias do Sul Basquete,Sesi Franca,0,0.34958333333333336,0.12500000000000003,0.16167083333333332,0.0629125,0.17728749999999996,0.056670833333333344,0.12062916666666668,0.07229583333333334,0.06874583333333333,1.115833333333333,0.041666666666666664,0.13582916666666667,30.8125,0.08082916666666666,0.16979583333333337,47.807500000000005,0.0629125,0.08708333333333333,71.76666666666667,0.006458333333333334,0.026041666666666668,0.3983333333333334,0.007500000000000001,0.1095875,0.06916666666666667,0.06874583333333333,0.016245833333333338,0.35666249999999994,0.40218076923076923,0.13346153846153846,0.20076538461538462,0.06795384615384616,0.16410769230769232,0.03730769230769231,0.1268,0.0805076923076923,0.054230769230769235,1.4846153846153847,0.044492307692307685,0.12781923076923077,34.831538461538464,0.10038846153846157,0.17935384615384617,55.94692307692307,0.06795384615384616,0.09051153846153846,74.3769230769231,0.01050769230769231,0.03512692307692308,0.6576923076923078,0.013076923076923076,0.08538076923076925,0.1553846153846154,0.054230769230769235,0.006792307692307694,0.4559
76,69,2024-12-06,9,1,2024-2025,Fortaleza Basquete Cearense,Mogi Basquete,1,0.3354208333333333,0.09375,0.18249583333333333,0.0591625,0.18583750000000002,0.052916666666666674,0.13292083333333332,0.06166666666666667,0.07708750000000002,0.82,0.031254166666666666,0.11833750000000003,25.951666666666664,0.09125416666666668,0.18458750000000002,49.51166666666666,0.0591625,0.0845875,68.875,0.004166666666666667,0.03541249999999999,0.4716666666666667,0.008745833333333333,0.09582916666666667,0.09000000000000001,0.07708750000000002,0.016666666666666673,0.3441666666666667,0.35499615384615385,0.12865384615384615,0.165,0.06134230769230769,0.16308076923076922,0.04672692307692307,0.1163423076923077,0.07788461538461539,0.07192307692307692,1.1023076923076922,0.04288076923076922,0.12961153846153844,33.14307692307692,0.0825,0.17461923076923075,47.482307692307685,0.06134230769230769,0.08864999999999999,68.38076923076925,0.005957692307692307,0.04288076923076922,0.6146153846153846,0.007496153846153847,0.11038846153846153,0.06692307692307692,0.07192307692307692,0.011923076923076925,0.3682692307692308
70,58,2024-12-06,9,1,2024-2025,UNIFACISA,São José Basketball,1,0.37437499999999996,0.12812499999999996,0.18166666666666667,0.06458333333333334,0.19562500000000002,0.062291666666666655,0.13333333333333333,0.06624999999999999,0.06208333333333333,1.1408333333333334,0.04270833333333335,0.15,28.406666666666666,0.09083333333333334,0.17979166666666666,51.21666666666666,0.06458333333333334,0.08916666666666667,73.07916666666667,0.009166666666666668,0.037500000000000006,0.6408333333333334,0.012500000000000002,0.09875,0.13333333333333333,0.06208333333333333,0.012291666666666668,0.4033333333333333,0.37365384615384617,0.09461538461538462,0.19692307692307695,0.08211538461538462,0.18730769230769231,0.04961538461538462,0.1376923076923077,0.08634615384615385,0.07211538461538462,1.2207692307692306,0.03153846153846153,0.11846153846153847,26.245384615384616,0.09846153846153848,0.18288461538461542,53.998461538461534,0.08211538461538462,0.10480769230769231,78.33000000000001,0.01076923076923077,0.037307692307692306,0.5238461538461539,0.01153846153846154,0.0948076923076923,0.12769230769230772,0.07211538461538462,0.009615384615384618,0.43000000000000005
84,87,2024-12-06,11,1,2024-2025,São Paulo,Vasco da Gama,0,0.39454545454545453,0.11727272727272728,0.19272727272727275,0.08454545454545455,0.18545454545454546,0.049999999999999996,0.13545454545454544,0.08272727272727275,0.06818181818181819,1.23,0.03909090909090909,0.125,31.211818181818185,0.09636363636363637,0.17999999999999997,53.84,0.08454545454545455,0.10909090909090909,77.32,0.003181818181818182,0.02727272727272728,0.4063636363636364,0.007272727272727273,0.09090909090909091,0.08181818181818182,0.06818181818181819,0.012727272727272726,0.43499999999999994,0.36347083333333335,0.13250000000000003,0.14805833333333335,0.0829125,0.1940333333333333,0.05596666666666666,0.13805,0.08402916666666665,0.06667083333333335,1.4624999999999997,0.04417083333333333,0.15805833333333333,27.995,0.07402500000000001,0.1461125,50.59166666666667,0.0829125,0.11555416666666667,71.95083333333334,0.0074958333333333335,0.03471666666666668,0.6216666666666667,0.009995833333333334,0.10680833333333334,0.08833333333333333,0.06667083333333335,0.012079166666666667,0.40096666666666664
72,92,2024-12-07,9,1,2024-2025,União Corinthians,Sesi Franca,0,0.39562916666666664,0.10624999999999997,0.2075,0.08187916666666667,0.1868791666666667,0.06478750000000001,0.12207916666666667,0.0914625,0.06604166666666668,1.4991666666666665,0.03541666666666667,0.11437083333333332,30.950833333333335,0.10375,0.21000000000000005,49.66166666666667,0.08187916666666667,0.11187083333333332,72.95583333333333,0.008329166666666667,0.04104166666666666,0.6425000000000001,0.006250000000000001,0.11770416666666668,0.053333333333333344,0.06604166666666668,0.013125000000000003,0.44,0.4022642857142857,0.13214285714285715,0.20285357142857144,0.06726785714285714,0.16476785714285716,0.03821428571428572,0.12655357142857143,0.0813035714285714,0.05464285714285715,1.487857142857143,0.04405357142857142,0.12737857142857142,34.59428571428571,0.10143214285714287,0.1802321428571429,56.23642857142857,0.06726785714285714,0.08987857142857143,74.1664285714286,0.010589285714285716,0.035235714285714294,0.6542857142857142,0.013214285714285715,0.0857107142857143,0.15642857142857142,0.05464285714285715,0.00690357142857143,0.4573821428571429
90,84,2024-12-07,9,1,2024-2025,Flamengo,Brasília Basquete,1,0.40999642857142854,0.1467857142857143,0.18964285714285714,0.07356785714285716,0.20589642857142848,0.05410714285714286,0.1517892857142857,0.09642857142857142,0.06035357142857143,1.6400000000000001,0.048925,0.14821785714285712,33.08428571428572,0.09482142857142857,0.17106785714285716,55.375714285714295,0.07356785714285716,0.09713928571428572,75.85357142857143,0.011067857142857141,0.03946428571428571,0.6585714285714286,0.010892857142857145,0.09214642857142856,0.11928571428571431,0.06035357142857143,0.010353571428571432,0.5032142857142856,0.409375,0.1775,0.1420833333333333,0.08979166666666667,0.18395833333333333,0.05541666666666667,0.1285416666666667,0.07958333333333333,0.05666666666666667,1.4325,0.05916666666666668,0.166875,35.25416666666667,0.07104166666666666,0.14916666666666667,48.083333333333336,0.08979166666666667,0.11291666666666665,78.75916666666666,0.0062499999999999995,0.030833333333333338,0.5741666666666667,0.008333333333333333,0.099375,0.08583333333333333,0.05666666666666667,0.009791666666666669,0.44645833333333335
55,75,2024-12-09,10,1,2024-2025,Fortaleza Basquete Cearense,São José Basketball,0,0.33884999999999993,0.09115384615384615,0.18461153846153847,0.06307307692307693,0.18385000000000004,0.05115384615384617,0.13269615384615385,0.06307692307692307,0.07615769230769232,0.8515384615384616,0.030388461538461538,0.11538846153846156,25.878461538461536,0.09231153846153847,0.1834653846153846,50.45384615384615,0.06307307692307693,0.08923461538461538,69.41230769230769,0.005384615384615385,0.036149999999999995,0.48846153846153845,0.009226923076923077,0.09730384615384616,0.09307692307692307,0.07615769230769232,0.01615384615384616,0.3526923076923077,0.37214285714285716,0.09428571428571429,0.19571428571428576,0.08214285714285716,0.18642857142857142,0.050357142857142864,0.13607142857142857,0.08714285714285715,0.07107142857142858,1.2549999999999997,0.031428571428571424,0.11857142857142858,26.15642857142857,0.09785714285714288,0.18321428571428575,53.56999999999999,0.08214285714285716,0.10535714285714286,77.97285714285715,0.010714285714285716,0.03785714285714285,0.5421428571428571,0.01142857142857143,0.09357142857142856,0.12785714285714286,0.07107142857142858,0.009642857142857146,0.42821428571428577
66,70,2024-12-09,10,1,2024-2025,UNIFACISA,Mogi Basquete,0,0.37269230769230766,0.1315384615384615,0.17692307692307693,0.06423076923076924,0.19461538461538463,0.060769230769230756,0.13384615384615386,0.06692307692307692,0.06346153846153846,1.1253846153846154,0.04384615384615386,0.14923076923076922,29.38076923076923,0.08846153846153847,0.17615384615384613,50.75999999999999,0.06423076923076924,0.08807692307692308,73.61153846153846,0.008846153846153849,0.03692307692307693,0.6207692307692307,0.01230769230769231,0.09846153846153846,0.13153846153846155,0.06346153846153846,0.012692307692307695,0.4030769230769231,0.351425,0.12428571428571426,0.16357142857142856,0.06356785714285715,0.16321785714285714,0.04678214285714285,0.116425,0.07571428571428572,0.0717857142857143,1.072142857142857,0.04142499999999999,0.12856785714285715,32.17357142857143,0.08178571428571428,0.17464642857142856,47.04999999999999,0.06356785714285715,0.09285357142857142,67.9757142857143,0.006067857142857143,0.043210714285714276,0.6192857142857143,0.007496428571428572,0.10964642857142858,0.06785714285714285,0.0717857142857143,0.012142857142857146,0.36000000000000004
81,64,2024-12-09,10,1,2024-2025,Vasco da Gama,Minas,1,0.3652538461538462,0.13153846153846158,0.15179615384615386,0.08191923076923077,0.19321153846153843,0.05563461538461537,0.13755769230769233,0.0855153846153846,0.06731153846153846,1.456153846153846,0.04385000000000001,0.15564230769230766,28.27076923076923,0.07589615384615386,0.1489769230769231,50.826153846153844,0.08191923076923077,0.11563846153846152,71.03153846153846,0.007688461538461538,0.034480769230769245,0.6061538461538462,0.009996153846153847,0.10602692307692307,0.08923076923076924,0.06731153846153846,0.011919230769230769,0.4025576923076922,0.4217892857142858,0.1382142857142857,0.22286071428571436,0.06071428571428572,0.2124964285714286,0.05963928571428572,0.15285714285714286,0.09321428571428571,0.07249999999999998,1.3235714285714282,0.046067857142857147,0.12036071428571428,37.97785714285714,0.111425,0.20357142857142857,54.983571428571416,0.06071428571428572,0.08500357142857141,71.21142857142858,0.007139285714285715,0.03678571428571429,0.52,0.0175,0.08785714285714287,0.19857142857142862,0.07249999999999998,0.017139285714285715,0.5185678571428571
78,65,2024-12-10,10,1,2024-2025,Paulistano,União Corinthians,1,0.38195,0.13125,0.18166666666666664,0.06903333333333335,0.17707916666666668,0.0533375,0.12375416666666668,0.07611666666666668,0.07208749999999998,1.0566666666666666,0.043754166666666656,0.12152916666666667,35.89083333333334,0.09083333333333332,0.17694999999999997,51.21666666666666,0.06903333333333335,0.09389166666666666,73.84333333333335,0.008891666666666668,0.038195833333333325,0.5291666666666667,0.011670833333333333,0.09332916666666669,0.12333333333333336,0.07208749999999998,0.010279166666666667,0.4241708333333334,0.39500384615384615,0.10615384615384613,0.20769230769230768,0.0811576923076923,0.18808076923076927,0.06615000000000001,0.12191923076923078,0.09038846153846153,0.06692307692307693,1.4607692307692306,0.03538461538461539,0.11461153846153846,30.861538461538466,0.10384615384615384,0.21076923076923082,49.51307692307693,0.0811576923076923,0.11191923076923077,72.30076923076923,0.008073076923076924,0.04153846153846153,0.64,0.006153846153846155,0.11845769230769232,0.05230769230769232,0.06692307692307693,0.01307692307692308,0.43730769230769234
89,79,2024-12-10,10,1,2024-2025,São Paulo,Caxias do Sul Basquete,1,0.39652916666666665,0.12,0.19472083333333334,0.08180416666666666,0.18541666666666667,0.049304166666666656,0.1361125,0.08277916666666668,0.06791666666666668,1.2341666666666666,0.04,0.12652916666666666,31.517500000000002,0.0973625,0.17986249999999995,54.41583333333333,0.08180416666666666,0.10652916666666666,76.37333333333333,0.0038875000000000003,0.028333333333333335,0.42416666666666675,0.0073625,0.09055416666666666,0.08333333333333333,0.06791666666666668,0.012637499999999998,0.4387499999999999,0.35000000000000003,0.12346153846153848,0.16385,0.06268846153846154,0.17691923076923072,0.056157692307692325,0.12077307692307694,0.07192692307692308,0.07038076923076922,1.0876923076923075,0.04115384615384616,0.13461153846153848,30.686153846153847,0.08191923076923076,0.16846538461538463,48.92230769230769,0.06268846153846154,0.08730769230769231,71.37461538461538,0.00653846153846154,0.026538461538461535,0.39538461538461545,0.007692307692307693,0.11000384615384616,0.07076923076923076,0.07038076923076922,0.016534615384615387,0.3580730769230769
82,72,2024-12-12,10,1,2024-2025,Paulistano,Caxias do Sul Basquete,1,0.3833384615384616,0.12923076923076923,0.18384615384615383,0.07026153846153847,0.17691923076923077,0.05308076923076924,0.12385000000000002,0.07814615384615387,0.07135,1.1015384615384616,0.04308076923076923,0.12045,35.63461538461539,0.09192307692307691,0.17814615384615382,51.47307692307691,0.07026153846153847,0.09474615384615384,74.39000000000001,0.008976923076923079,0.038142307692307684,0.5346153846153846,0.011926923076923078,0.09441923076923078,0.12461538461538466,0.07135,0.010450000000000003,0.4290423076923077,0.3519642857142858,0.12535714285714286,0.16500357142857142,0.06160357142857143,0.1748178571428571,0.05589642857142858,0.11893214285714286,0.07339642857142857,0.07035357142857143,1.104285714285714,0.041785714285714294,0.1357107142857143,30.875,0.08249642857142857,0.16875357142857145,49.15428571428571,0.06160357142857143,0.08553571428571428,71.705,0.006250000000000001,0.028214285714285713,0.41785714285714287,0.0071428571428571435,0.10982499999999999,0.06571428571428571,0.07035357142857143,0.016067857142857144,0.3610678571428571
79,88,2024-12-12,10,1,2024-2025,Vasco da Gama,Brasília Basquete,0,0.36773571428571433,0.13500000000000004,0.15238214285714285,0.08035357142857144,0.1915535714285714,0.05487499999999999,0.1366607142857143,0.08637142857142856,0.06714642857142858,1.459285714285714,0.04500357142857143,0.15881071428571428,28.39428571428571,0.07618928571428572,0.1478,51.50857142857143,0.08035357142857144,0.11237857142857142,72.08,0.007139285714285714,0.034339285714285725,0.5985714285714285,0.010175000000000002,0.10666785714285713,0.09071428571428573,0.06714642857142858,0.012139285714285714,0.40558928571428565,0.41115384615384615,0.18,0.14307692307692307,0.08807692307692308,0.18423076923076923,0.05384615384615385,0.1303846153846154,0.07961538461538462,0.056538461538461544,1.433846153846154,0.06000000000000002,0.16692307692307692,35.75692307692308,0.07153846153846154,0.14846153846153848,48.643076923076926,0.08807692307692308,0.11153846153846152,78.16615384615383,0.006538461538461538,0.030000000000000006,0.5576923076923077,0.008461538461538461,0.09884615384615386,0.08769230769230771,0.056538461538461544,0.009615384615384618,0.4496153846153846
92,83,2024-12-12,10,1,2024-2025,Corinthians,Fortaleza Basquete Cearense,1,0.4020833333333333,0.16374999999999998,0.1758333333333333,0.0625,0.19125000000000003,0.05916666666666667,0.13208333333333333,0.09874999999999999,0.05125,2.058333333333333,0.054583333333333324,0.16208333333333333,33.419999999999995,0.08791666666666666,0.1779166666666667,48.78833333333333,0.0625,0.07875,76.75833333333334,0.004583333333333334,0.02291666666666667,0.48333333333333334,0.010833333333333334,0.09375,0.11750000000000001,0.05125,0.0062499999999999995,0.4608333333333334,0.33988571428571424,0.09107142857142858,0.18595,0.06285357142857143,0.1844071428571429,0.05118928571428572,0.13321785714285714,0.064525,0.07524285714285715,0.885,0.03036071428571429,0.11560000000000002,25.840714285714284,0.09297857142857144,0.1841714285714286,50.60642857142857,0.06285357142857143,0.08881428571428572,69.59714285714286,0.006071428571428572,0.035710714285714276,0.4871428571428571,0.009996428571428571,0.09761428571428572,0.10071428571428571,0.07524285714285715,0.015953571428571435,0.35690357142857143
78,82,2024-12-12,10,1,2024-2025,Pinheiros,UNIFACISA,0,0.3679208333333333,0.12124999999999998,0.18083333333333332,0.06583750000000001,0.2020833333333333,0.06666666666666667,0.13541666666666666,0.07792083333333334,0.0691625,1.280833333333333,0.04041666666666666,0.12541666666666668,31.4025,0.09041666666666666,0.19082916666666663,47.42333333333334,0.06583750000000001,0.09332916666666667,69.25416666666666,0.006670833333333333,0.034162500000000005,0.5083333333333333,0.007083333333333334,0.10541666666666666,0.06750000000000002,0.0691625,0.012500000000000002,0.40707916666666666,0.37321428571428567,0.13464285714285712,0.17690357142857144,0.061667857142857156,0.19321428571428573,0.059285714285714275,0.13392857142857145,0.06881071428571428,0.06309642857142857,1.1592857142857143,0.04488214285714287,0.14916785714285716,30.09142857142857,0.08845357142857144,0.1761892857142857,50.70571428571428,0.061667857142857156,0.08476071428571429,73.21071428571429,0.008571428571428574,0.03750000000000001,0.6314285714285715,0.01190357142857143,0.09773928571428571,0.12785714285714286,0.06309642857142857,0.012142857142857146,0.4064285714285715
70,80,2024-12-12,10,1,2024-2025,São Paulo,União Corinthians,0,0.39660384615384614,0.11711538461538461,0.19666538461538463,0.08281923076923078,0.1844230769230769,0.04858846153846153,0.1358346153846154,0.0835269230769231,0.06961538461538462,1.2184615384615383,0.039038461538461536,0.12525769230769232,31.01615384615385,0.0983346153846154,0.1791038461538461,55.20769230769231,0.08281923076923078,0.10833461538461539,76.12,0.003973076923076923,0.029423076923076923,0.4276923076923077,0.0075653846153846144,0.09012692307692306,0.08615384615384616,0.06961538461538462,0.013203846153846151,0.4394230769230768,0.3926821428571428,0.10660714285714283,0.2064285714285714,0.07964642857142858,0.1871464285714286,0.06535357142857144,0.12178214285714287,0.08875357142857143,0.06821428571428571,1.4128571428571426,0.03553571428571429,0.11463928571428571,30.986428571428576,0.1032142857142857,0.2096428571428572,49.45642857142858,0.07964642857142858,0.10963928571428572,72.49357142857143,0.00785357142857143,0.04071428571428571,0.6192857142857143,0.006250000000000001,0.11874642857142859,0.05285714285714287,0.06821428571428571,0.013750000000000002,0.43178571428571433
97,91,2024-12-13,10,1,2024-2025,Bauru Basket,Pato Basquete,1,0.3899961538461539,0.13500000000000004,0.18384615384615385,0.07114999999999999,0.18846153846153843,0.057303846153846136,0.1311576923076923,0.08384230769230769,0.06846153846153848,1.2784615384615385,0.045,0.13846538461538463,33.090769230769226,0.09192307692307693,0.18077307692307693,51.29076923076922,0.07114999999999999,0.10307692307692308,69.20076923076923,0.007696153846153847,0.03423461538461539,0.51,0.009996153846153847,0.1134576923076923,0.08461538461538462,0.06846153846153848,0.010003846153846151,0.42384999999999995,0.4015346153846154,0.16615384615384612,0.17538076923076923,0.06000000000000001,0.1834576923076923,0.04769615384615385,0.13577307692307697,0.07731153846153846,0.06884615384615385,1.1523076923076925,0.055388461538461546,0.14230384615384614,38.816153846153846,0.08769615384615384,0.17153846153846153,50.91153846153847,0.06000000000000001,0.08269615384615385,74.65384615384615,0.0015384615384615382,0.03076923076923077,0.44461538461538463,0.01308076923076923,0.10346153846153847,0.13153846153846155,0.06884615384615385,0.01268846153846154,0.44384230769230776
77,80,2024-12-14,10,1,2024-2025,Corinthians,UNIFACISA,0,0.40365384615384614,0.1644230769230769,0.17653846153846153,0.06269230769230769,0.18884615384615389,0.057307692307692316,0.13153846153846155,0.09884615384615383,0.05096153846153846,2.062307692307692,0.0548076923076923,0.15961538461538463,34.25153846153846,0.08826923076923077,0.17846153846153848,48.881538461538454,0.06269230769230769,0.07923076923076923,76.73615384615385,0.004423076923076924,0.023461538461538464,0.49461538461538457,0.010192307692307693,0.09365384615384616,0.11076923076923079,0.05096153846153846,0.006153846153846154,0.4625,0.37366666666666665,0.1373333333333333,0.1768866666666667,0.059446666666666675,0.192,0.05799999999999999,0.134,0.07044666666666667,0.06278,1.1886666666666668,0.045780000000000015,0.14911333333333335,30.70733333333333,0.08844666666666666,0.17621999999999996,50.65866666666666,0.059446666666666675,0.08188666666666666,72.86333333333333,0.008333333333333335,0.03800000000000001,0.6406666666666666,0.011553333333333334,0.09711333333333333,0.12466666666666669,0.06278,0.011666666666666669,0.4093333333333334
76,74,2024-12-14,10,1,2024-2025,Pinheiros,Fortaleza Basquete Cearense,1,0.3692346153846154,0.12403846153846153,0.18038461538461537,0.06481153846153846,0.20038461538461538,0.06557692307692307,0.1348076923076923,0.07827307692307692,0.06768846153846154,1.309230769230769,0.041346153846153845,0.12692307692307694,31.772307692307688,0.09019230769230768,0.18922692307692304,47.73461538461539,0.06481153846153846,0.09307307692307693,68.41384615384615,0.006542307692307693,0.034226923076923085,0.5230769230769231,0.007307692307692308,0.10346153846153847,0.07230769230769232,0.06768846153846154,0.011730769230769232,0.40884230769230767,0.34078333333333327,0.09100000000000001,0.18711,0.06266333333333333,0.18489000000000005,0.05122000000000001,0.13367,0.06578,0.07445,0.914,0.03033666666666667,0.11578333333333335,25.808,0.09355666666666668,0.18478333333333335,50.73866666666667,0.06266333333333333,0.08845,69.75733333333334,0.006666666666666667,0.03532999999999999,0.48599999999999993,0.010663333333333332,0.09788333333333334,0.10733333333333332,0.07445,0.015780000000000006,0.36055333333333334
82,71,2024-12-15,11,1,2024-2025,São Paulo,Botafogo,1,0.3966678571428571,0.11464285714285714,0.1983321428571429,0.08368928571428572,0.18357142857142855,0.047975,0.13559642857142856,0.08416785714285716,0.07107142857142858,1.2049999999999998,0.03821428571428571,0.12416785714285716,30.586428571428574,0.09916785714285715,0.17845357142857138,55.886428571428574,0.08368928571428572,0.10988214285714284,75.90285714285714,0.0040464285714285715,0.030357142857142857,0.4307142857142857,0.007739285714285713,0.08976071428571428,0.08857142857142859,0.07107142857142858,0.013689285714285711,0.4399999999999999,0.3503607142857143,0.1167857142857143,0.18,0.05357499999999999,0.1924964285714286,0.05821785714285715,0.13428928571428572,0.0778607142857143,0.0632107142857143,1.247857142857143,0.038928571428571423,0.1296392857142857,29.923571428571424,0.09,0.20107142857142857,45.05214285714287,0.05357499999999999,0.08464642857142858,63.671428571428564,0.005357142857142857,0.03607500000000001,0.5864285714285714,0.013567857142857147,0.091425,0.1471428571428571,0.0632107142857143,0.010003571428571428,0.3742857142857142
98,94,2024-12-16,11,1,2024-2025,Brasília Basquete,Pato Basquete,1,0.4132142857142857,0.1789285714285714,0.1464285714285714,0.08785714285714286,0.18392857142857144,0.05178571428571429,0.13214285714285717,0.08178571428571428,0.056071428571428585,1.4885714285714287,0.059642857142857164,0.16642857142857143,35.65857142857143,0.0732142857142857,0.14892857142857144,49.54642857142857,0.08785714285714286,0.11142857142857142,78.10214285714285,0.0075,0.029642857142857148,0.5535714285714286,0.00857142857142857,0.09785714285714286,0.09000000000000001,0.056071428571428585,0.010357142857142858,0.455,0.4053535714285714,0.16499999999999998,0.181425,0.05892857142857144,0.18035357142857142,0.04714642857142858,0.1332178571428572,0.07928928571428571,0.06714285714285714,1.2364285714285717,0.055003571428571436,0.14249642857142855,38.50642857142857,0.09071785714285714,0.17214285714285715,52.43357142857144,0.05892857142857144,0.08214642857142858,73.60714285714286,0.0014285714285714284,0.030000000000000002,0.44428571428571434,0.01214642857142857,0.10428571428571429,0.12214285714285714,0.06714285714285714,0.012496428571428575,0.44785357142857146
76,77,2024-12-17,11,1,2024-2025,São José Basketball,Pinheiros,0,0.37233333333333335,0.095,0.1946666666666667,0.08266666666666668,0.19166666666666668,0.05266666666666667,0.13899999999999998,0.08666666666666667,0.07,1.2679999999999998,0.03166666666666666,0.11900000000000001,26.279333333333334,0.09733333333333336,0.18400000000000002,53.075333333333326,0.08266666666666668,0.107,77.39000000000001,0.010333333333333335,0.03733333333333333,0.5426666666666667,0.011666666666666669,0.092,0.13333333333333333,0.07,0.010333333333333335,0.4313333333333334,0.37036071428571427,0.12642857142857142,0.17999999999999997,0.06393214285714285,0.19892857142857143,0.06464285714285714,0.13428571428571429,0.07857499999999999,0.066425,1.3335714285714282,0.04214285714285714,0.12821428571428573,32.08928571428571,0.08999999999999998,0.1878535714285714,48.001428571428576,0.06393214285714285,0.09285357142857144,67.69357142857143,0.006432142857142858,0.034282142857142865,0.5357142857142857,0.0075,0.10178571428571428,0.07642857142857144,0.066425,0.011071428571428574,0.4103535714285714
70,72,2024-12-17,11,1,2024-2025,Mogi Basquete,Corinthians,0,0.35133,0.12399999999999999,0.16333333333333336,0.06399666666666667,0.16567,0.046996666666666666,0.11866333333333333,0.07433333333333333,0.07133333333333333,1.0573333333333332,0.04132999999999999,0.13033,31.74933333333333,0.08166666666666668,0.17333666666666664,47.35399999999999,0.06399666666666667,0.09199666666666667,69.27733333333336,0.00633,0.04299666666666666,0.6193333333333333,0.007663333333333334,0.10767,0.07200000000000001,0.07133333333333333,0.012000000000000004,0.36200000000000004,0.40499999999999997,0.16499999999999998,0.17714285714285713,0.06285714285714285,0.18678571428571433,0.05571428571428572,0.13107142857142856,0.09892857142857144,0.05071428571428571,2.0657142857142854,0.05499999999999999,0.1575,34.96428571428571,0.08857142857142856,0.17892857142857146,48.96142857142856,0.06285714285714285,0.07964285714285714,76.71714285714286,0.004285714285714287,0.023928571428571434,0.5042857142857142,0.009642857142857144,0.09357142857142857,0.10500000000000001,0.05071428571428571,0.006071428571428572,0.4639285714285714
93,92,2024-12-18,11,1,2024-2025,Botafogo,Bauru Basket,1,0.3543366666666667,0.11850000000000002,0.182,0.05383666666666666,0.19383000000000003,0.058170000000000006,0.13567,0.07917,0.06599666666666668,1.2266666666666668,0.03949999999999999,0.13033,30.190666666666665,0.091,0.20049999999999998,45.68533333333334,0.05383666666666666,0.08433666666666668,64.21866666666666,0.005666666666666666,0.03633666666666668,0.5726666666666667,0.013330000000000005,0.09283000000000001,0.14333333333333328,0.06599666666666668,0.011003333333333332,0.38016666666666665,0.3967821428571429,0.14035714285714287,0.18500000000000003,0.07142499999999999,0.19142857142857142,0.06142499999999999,0.1300035714285714,0.08499642857142857,0.06714285714285716,1.33,0.046785714285714285,0.14250357142857145,33.29142857142857,0.09250000000000001,0.18036071428571426,51.70857142857142,0.07142499999999999,0.10428571428571429,68.72214285714286,0.007146428571428573,0.033217857142857146,0.5021428571428572,0.009282142857142859,0.1121392857142857,0.07857142857142858,0.06714285714285716,0.009289285714285712,0.43214642857142854
87,102,2024-12-18,11,1,2024-2025,Brasília Basquete,Paulistano,0,0.41544333333333333,0.18,0.14822333333333332,0.08722333333333333,0.1827766666666667,0.051556666666666674,0.13122333333333336,0.08189,0.05444333333333334,1.5646666666666667,0.060000000000000026,0.16622333333333333,35.934666666666665,0.07410999999999998,0.151,49.45333333333333,0.08722333333333333,0.11055666666666665,78.20599999999999,0.007556666666666666,0.02933333333333334,0.5693333333333334,0.008556666666666666,0.09766666666666667,0.09000000000000002,0.05444333333333334,0.010110000000000001,0.45711,0.3845285714285715,0.1275,0.1857142857142857,0.07131428571428573,0.17678214285714283,0.052860714285714296,0.12393214285714287,0.07988571428571431,0.07071785714285714,1.1400000000000001,0.042503571428571425,0.11952499999999999,35.415000000000006,0.09285714285714285,0.17917142857142854,51.69285714285713,0.07131428571428573,0.09547857142857143,74.85857142857144,0.00905,0.038096428571428566,0.5392857142857143,0.012146428571428574,0.09535357142857144,0.12571428571428575,0.07071785714285714,0.010596428571428574,0.43321785714285715
77,81,2024-12-19,11,1,2024-2025,UNIFACISA,Fortaleza Basquete Cearense,0,0.3746666666666666,0.14199999999999996,0.17599666666666666,0.056670000000000005,0.1928333333333333,0.057166666666666664,0.13566666666666669,0.07217000000000001,0.06217000000000001,1.2286666666666666,0.04733666666666668,0.14900333333333335,31.773999999999997,0.08800333333333331,0.17749666666666666,49.970666666666666,0.056670000000000005,0.07816333333333332,72.61066666666667,0.007666666666666669,0.038000000000000006,0.6473333333333333,0.010663333333333332,0.09650333333333332,0.11600000000000003,0.06217000000000001,0.011333333333333336,0.4135000000000001,0.3400066666666666,0.09000000000000002,0.18733333333333332,0.06266333333333333,0.18450000000000003,0.05133,0.13317000000000004,0.06700333333333333,0.07350666666666668,0.9460000000000001,0.030003333333333344,0.11517333333333334,25.668000000000003,0.09366666666666666,0.18600666666666668,50.43533333333334,0.06266333333333333,0.08767333333333334,70.34666666666666,0.007333333333333333,0.03483,0.48533333333333334,0.011496666666666664,0.09866,0.11533333333333332,0.07350666666666668,0.015503333333333338,0.36183
85,81,2024-12-19,11,1,2024-2025,Pato Basquete,São José Basketball,1,0.40822,0.1663333333333333,0.18155333333333334,0.06033333333333334,0.18122000000000002,0.04789333333333334,0.13333666666666671,0.08011333333333333,0.06677666666666668,1.2533333333333334,0.05544666666666667,0.14455333333333334,38.31133333333334,0.09078,0.17189000000000002,52.56866666666668,0.06033333333333334,0.08400333333333335,73.54866666666666,0.0016666666666666666,0.030333333333333337,0.4526666666666667,0.011446666666666666,0.10522333333333332,0.11466666666666667,0.06677666666666668,0.012330000000000004,0.45066333333333336,0.3751666666666667,0.0985,0.19233333333333338,0.08433333333333334,0.19266666666666665,0.053333333333333344,0.13933333333333334,0.0875,0.07250000000000001,1.2426666666666661,0.03283333333333334,0.12066666666666667,26.790666666666667,0.09616666666666669,0.17966666666666667,53.71666666666667,0.08433333333333334,0.10866666666666668,77.72666666666667,0.009666666666666669,0.03683333333333332,0.5153333333333333,0.011333333333333336,0.09299999999999999,0.12866666666666668,0.07250000000000001,0.011166666666666665,0.4353333333333333
86,82,2024-12-20,11,1,2024-2025,Minas,Paulistano,1,0.41500333333333345,0.132,0.22067000000000006,0.06233333333333334,0.21366333333333337,0.061663333333333334,0.15200000000000002,0.09233333333333334,0.07433333333333332,1.2886666666666664,0.04399666666666667,0.11967,36.35533333333333,0.11033,0.202,54.83666666666666,0.06233333333333334,0.08766999999999998,70.99733333333334,0.0069966666666666675,0.036000000000000004,0.502,0.017666666666666667,0.09033333333333335,0.19600000000000006,0.07433333333333332,0.017663333333333333,0.5076633333333334,0.3871166666666667,0.128,0.1873333333333333,0.07178333333333334,0.17799666666666664,0.05333666666666668,0.12467000000000002,0.08078333333333336,0.07033666666666666,1.1600000000000001,0.04267,0.11944666666666666,35.589333333333336,0.09366666666666665,0.18044999999999997,51.77599999999999,0.07178333333333334,0.09622333333333333,74.76400000000002,0.00889,0.037113333333333325,0.5273333333333333,0.012003333333333336,0.09633000000000001,0.12333333333333338,0.07033666666666666,0.010780000000000003,0.43667000000000006
94,79,2024-12-20,11,1,2024-2025,Flamengo,Bauru Basket,1,0.4159966666666666,0.14800000000000002,0.19266666666666665,0.07533000000000002,0.20800333333333323,0.05600000000000001,0.15200333333333332,0.09699999999999999,0.05933,1.686,0.049330000000000006,0.1500033333333333,32.974000000000004,0.09633333333333333,0.1729966666666667,55.600666666666676,0.07533000000000002,0.09866333333333334,76.352,0.010996666666666665,0.038666666666666655,0.6553333333333333,0.010666666666666668,0.09233666666666666,0.1166666666666667,0.05933,0.009996666666666671,0.5103333333333332,0.3988300000000001,0.14100000000000001,0.18600000000000003,0.07182999999999999,0.18949999999999997,0.06032999999999999,0.12916999999999998,0.08499666666666666,0.06733333333333334,1.322,0.04700000000000001,0.14317000000000002,33.257999999999996,0.09300000000000001,0.18067,51.86466666666665,0.07182999999999999,0.10466666666666667,68.83733333333333,0.007670000000000001,0.03450333333333334,0.5186666666666667,0.008830000000000001,0.11332999999999999,0.07466666666666667,0.06733333333333334,0.009503333333333332,0.43267
83,85,2024-12-21,11,1,2024-2025,Brasília Basquete,São Paulo,0,0.42322,0.18299999999999997,0.15244666666666667,0.08777999999999997,0.1848866666666667,0.05311333333333334,0.13177999999999998,0.08044666666666668,0.05222,1.632,0.06100000000000002,0.16744666666666666,36.289333333333325,0.07621999999999998,0.15233333333333335,50.37133333333333,0.08777999999999997,0.11044666666666665,78.85,0.00778,0.027666666666666676,0.5706666666666667,0.00878,0.098,0.09200000000000003,0.05222,0.00922,0.4675533333333333,0.3981133333333334,0.11699999999999999,0.19955333333333336,0.08155333333333334,0.18366666666666667,0.04755333333333333,0.13611333333333334,0.08411333333333335,0.07066666666666667,1.21,0.039,0.12544666666666668,30.872666666666667,0.09978000000000001,0.17844666666666661,56.210666666666675,0.08155333333333334,0.10777999999999999,75.24000000000001,0.004553333333333334,0.030999999999999996,0.44333333333333336,0.007779999999999999,0.08955333333333332,0.08933333333333335,0.07066666666666667,0.01355333333333333,0.4426666666666666
